0.00001 0.00001 0.00001 0.99996 0.00001
0.00001 0.00001 0.00001 0.99996 0.00001
0.00001 0.00001 0.00001 0.99996 0.00001
0.00001 0.00001 0.00001 0.99996 0.00001
0.00001 0.00001 0.00001 0.99996 0.00001
0.00001 0.00001 0.00001 0.99996 0.00001
0.00001 0.310839 0.00001 0.689131 0.00001
0.00001 0.00001 0.00001 0.99996 0.00001
0.00001 0.00001 0.00001 0.99996 0.00001
0.00001 0.00001 0.00001 0.99996 0.00001
0.00001 0.00001 0.00001 0.99996 0.00001
0.00001 0.00001 0.00001 0.99996 0.00001
0.00001 0.00001 0.00001 0.99996 0.00001
0.00001 0.462909 0.00001 0.509551 0.02752
0.00001 0.00001 0.00001 0.99996 0.00001
0.00001 0.00001 0.00001 0.99996 0.00001
0.00001 0.00001 0.00001 0.99996 0.00001
0.00001 0.00001 0.00001 0.99996 0.00001
0.00001 0.00001 0.00001 0.99996 0.00001
0.00001 0.434692 0.00001 0.565278 0.00001
0.00001 0.00001 0.00001 0.99996 0.00001
0.00001 0.479883 0.00001 0.520087 0.00001
0.00001 0.99996 0.00001 0.00001 0.00001
0.00001 0.973271 0.026699 0.00001 0.00001
0.00001 0.696654 0.00001 0.303316 0.00001
0.00001 0.782099 0.00001 0.217871 0.00001
0.00001 0.74174 0.00001 0.229881 0.028359
0.00001 0.741352 0.00001 0.258618 0.00001
0.00001 0.735355 0.00001 0.264615 0.00001
0.00001 0.615703 0.00001 0.384267 0.00001
0.00001 0.705973 0.00001 0.293997 0.00001
0.00001 0.698801 0.004766 0.296413 0.00001
0.00001 0.625501 0.00001 0.350915 0.023564
0.00001 0.764501 0.00001 0.235469 0.00001
0.00001 0.900317 0.00001 0.099653 0.00001
0.00001 0.99996 0.00001 0.00001 0.00001
0.00001 0.791713 0.00001 0.208257 0.00001
0.00001 0.729389 0.00001 0.270581 0.00001
0.00001 0.658333 0.00001 0.341637 0.00001
0.00001 0.876895 0.00001 0.123075 0.00001
0.00001 0.859774 0.00001 0.140196 0.00001
0.00001 0.99996 0.00001 0.00001 0.00001
0.00001 0.769864 0.00001 0.210413 0.019704
0.00001 0.692266 0.00001 0.25917 0.048544
0.000012 0.675038 0.00001 0.32493 0.00001
0.00001 0.778597 0.00001 0.221373 0.00001
0.00001 0.880081 0.00001 0.119889 0.00001
0.00001 0.694864 0.00001 0.305106 0.00001
0.00001 0.795213 0.00001 0.204757 0.00001
0.00001 0.617796 0.01877 0.363414 0.00001
0.00002 0.658087 0.00001 0.341873 0.00001
0.00001 0.746464 0.00001 0.247066 0.00645
0.00001 0.99996 0.00001 0.00001 0.00001
0.00001 0.860206 0.00001 0.139764 0.00001
0.00001 0.990834 0.00001 0.00001 0.009136
0.00001 0.802055 0.00001 0.197915 0.00001
0.00001 0.594666 0.00001 0.386801 0.018513
0.00001 0.89564 0.000137 0.104203 0.00001
0.00001 0.729279 0.00001 0.270691 0.00001
0.00001 0.68994 0.00001 0.28359 0.02645
0.00001 0.99996 0.00001 0.00001 0.00001
0.00001 0.751517 0.00001 0.248453 0.00001
0.00001 0.758726 0.00001 0.241244 0.00001
0.00001 0.68323 0.012404 0.304345 0.00001
0.00001 0.51246 0.00001 0.48751 0.00001
0.00001 0.737208 0.00001 0.262762 0.00001
0.00001 0.828933 0.00001 0.171037 0.00001
0.00001 0.718317 0.00001 0.281653 0.00001
0.00001 0.737391 0.00001 0.257996 0.004593
0.00001 0.776973 0.00001 0.222997 0.00001
0.00001 0.684265 0.00001 0.315705 0.00001
0.00001 0.699888 0.00001 0.292383 0.007709
0.00001 0.792993 0.00001 0.206977 0.00001
0.00001 0.740071 0.000017 0.259892 0.00001
0.00001 0.661838 0.00001 0.338132 0.00001
0.00001 0.692141 0.00001 0.301289 0.00655
0.00001 0.754592 0.00001 0.245378 0.00001
0.00001 0.630476 0.00001 0.369494 0.00001
0.00001 0.697231 0.00001 0.293644 0.009105
0.00001 0.751292 0.00001 0.248678 0.00001
0.00001 0.579081 0.078675 0.342224 0.00001
0.00001 0.781902 0.000011 0.218067 0.00001
0.00001 0.99996 0.00001 0.00001 0.00001
0.00001 0.616277 0.00001 0.383693 0.00001
0.00001 0.799199 0.00001 0.200771 0.00001
0.00001 0.715685 0.00001 0.278683 0.005613
0.00001 0.834721 0.00001 0.165249 0.00001
0.00001 0.833883 0.00001 0.166087 0.00001
0.00001 0.702774 0.007785 0.28942 0.00001
0.00001 0.61675 0.00001 0.380672 0.002558
0.00001 0.77438 0.00001 0.22559 0.00001
0.00001 0.765113 0.014392 0.220476 0.00001
0.002002 0.573538 0.00001 0.424441 0.00001
0.00001 0.99996 0.00001 0.00001 0.00001
0.00001 0.611148 0.00001 0.388822 0.00001
0.00001 0.99996 0.00001 0.00001 0.00001
0.00001 0.827724 0.00001 0.17101 0.001246
0.00001 0.84951 0.00001 0.15046 0.00001
0.00001 0.651475 0.00001 0.348495 0.00001
0.00001 0.99996 0.00001 0.00001 0.00001
0.00001 0.712687 0.00001 0.287283 0.00001
0.00001 0.679399 0.00001 0.320571 0.00001
0.00001 0.842107 0.00001 0.157863 0.00001
0.00001 0.717922 0.00001 0.282048 0.00001
0.00001 0.796055 0.00308 0.200845 0.00001
0.00001 0.898692 0.00001 0.101278 0.00001
0.00001 0.814105 0.00001 0.185865 0.00001
0.00001 0.685291 0.00001 0.314679 0.00001
0.00001 0.70104 0.00001 0.297099 0.001841
0.00001 0.99996 0.00001 0.00001 0.00001
0.00001 0.99996 0.00001 0.00001 0.00001
0.00001 0.804191 0.00001 0.195779 0.00001
0.00001 0.673381 0.00001 0.326589 0.00001
0.00001 0.752154 0.00001 0.247816 0.00001
0.00001 0.731758 0.00001 0.268212 0.00001
0.00001 0.903339 0.00001 0.096631 0.00001
0.00001 0.759135 0.00001 0.240835 0.00001
0.00001 0.760213 0.00001 0.239757 0.00001
0.00001 0.608843 0.00001 0.391127 0.00001
0.00001 0.64178 0.00001 0.352509 0.005691
0.00001 0.664199 0.00001 0.335771 0.00001
0.00001 0.859148 0.00001 0.140822 0.00001
0.00001 0.783469 0.00001 0.216501 0.00001
0.00001 0.783056 0.00001 0.216914 0.00001
0.00001 0.728846 0.00001 0.271124 0.00001
0.004721 0.97028 0.00001 0.024979 0.00001
0.00001 0.99996 0.00001 0.00001 0.00001
0.00001 0.862284 0.00001 0.137686 0.00001
0.00001 0.996269 0.00001 0.00001 0.003701
0.00001 0.779932 0.00001 0.220038 0.00001
0.00001 0.745531 0.00001 0.224032 0.030416
0.00001 0.339139 0.499013 0.161828 0.00001
0.04578 0.350595 0.21924 0.175926 0.20846
0.083689 0.548416 0.310055 0.05783 0.00001
0.015327 0.604955 0.231276 0.148432 0.00001
0.00001 0.70828 0.236971 0.054729 0.00001
0.00001 0.594024 0.247755 0.158201 0.00001
0.214229 0.155787 0.36249 0.041031 0.226464
0.00001 0.309593 0.544088 0.146299 0.00001
0.035741 0.148314 0.626538 0.189397 0.00001
0.089478 0.550026 0.00001 0.172457 0.18803
0.00001 0.626596 0.203106 0.170278 0.00001
0.00001 0.062566 0.937404 0.00001 0.00001
0.00001 0.161991 0.708856 0.129133 0.00001
0.208957 0.104399 0.400314 0.110119 0.17621
0.056005 0.131168 0.42152 0.065853 0.325455
0.00001 0.623148 0.260363 0.116469 0.00001
0.055444 0.562037 0.011123 0.213503 0.157893
0.093484 0.54675 0.094282 0.100775 0.164709
0.00001 0.501887 0.119273 0.223847 0.154983
0.00001 0.590488 0.033279 0.191014 0.185209
0.00001 0.615935 0.111935 0.189129 0.082991
0.00001 0.550288 0.115244 0.334448 0.00001
0.125654 0.634459 0.144474 0.00001 0.095404
0.0344 0.592027 0.062708 0.109716 0.20115
0.00001 0.615919 0.273842 0.02383 0.086399
0.179934 0.47502 0.00001 0.257247 0.087789
0.032018 0.649611 0.132945 0.179264 0.006162
0.00001 0.509813 0.237283 0.252884 0.00001
0.00001 0.607299 0.19073 0.201952 0.00001
0.086178 0.594309 0.065235 0.203469 0.050808
0.052786 0.500206 0.179722 0.179288 0.087998
0.054706 0.651361 0.089811 0.176804 0.027318
0.053464 0.635066 0.00001 0.169732 0.141729
0.071694 0.581045 0.153172 0.194078 0.00001
0.02377 0.548483 0.192345 0.235392 0.00001
0.043575 0.558683 0.086716 0.185108 0.125918
0.00001 0.519767 0.00001 0.279621 0.200592
0.028039 0.672915 0.108831 0.1268 0.063415
0.00001 0.580964 0.094765 0.199689 0.124572
0.00001 0.672136 0.211875 0.115969 0.00001
0.00001 0.464427 0.34494 0.074841 0.115782
0.049133 0.592001 0.139551 0.139234 0.080082
0.04385 0.602772 0.134032 0.219336 0.00001
0.083081 0.637312 0.00001 0.279587 0.00001
0.065744 0.00001 0.311425 0.00001 0.622811
0.00001 0.00001 0.99996 0.00001 0.00001
0.070824 0.000011 0.244041 0.00001 0.685114
0.00001 0.00001 0.428706 0.00001 0.571264
0.011217 0.00001 0.603054 0.00001 0.38571
0.085759 0.00001 0.384408 0.00001 0.529813
0.051413 0.000016 0.374852 0.00001 0.573709
0.088383 0.00001 0.359877 0.00001 0.55172
0.11745 0.00001 0.296277 0.00001 0.586252
0.19911 0.00001 0.409418 0.00001 0.391452
0.00001 0.00001 0.00001 0.00001 0.99996
0.00001 0.00001 0.00001 0.00001 0.99996
0.00001 0.00001 0.00001 0.00001 0.99996
0.00001 0.00001 0.00001 0.00001 0.99996
0.00001 0.00001 0.00001 0.00001 0.99996
0.00001 0.00001 0.00001 0.00001 0.99996
0.00001 0.00001 0.99996 0.00001 0.00001
0.043432 0.00001 0.408671 0.00001 0.547877
0.138686 0.00001 0.221313 0.021947 0.618045
0.111142 0.00001 0.491243 0.00001 0.397595
0.016319 0.00001 0.483467 0.00001 0.500193
0.034433 0.00001 0.345649 0.00001 0.619898
0.140561 0.00001 0.47566 0.00001 0.383759
0.185658 0.00001 0.313314 0.00001 0.501008
0.0215 0.00001 0.615747 0.00001 0.362733
0.0433 0.00001 0.626611 0.00001 0.330069
0.077299 0.00001 0.54136 0.00001 0.381322
0.176952 0.00001 0.356769 0.00001 0.466259
0.063409 0.00001 0.325482 0.00001 0.61109
0.122287 0.00001 0.421746 0.00001 0.455948
0.00001 0.000011 0.684385 0.00001 0.315584
0.056142 0.003724 0.343766 0.00001 0.596358
0.026584 0.00001 0.559293 0.00001 0.414103
0.075494 0.00001 0.679927 0.00001 0.244559
0.00001 0.00001 0.509659 0.00001 0.490311
0.121167 0.00001 0.421246 0.00001 0.457567
0.00001 0.00001 0.487806 0.00001 0.512164
0.00001 0.000016 0.496292 0.00001 0.503672
0.00001 0.00001 0.37923 0.00001 0.62074
0.00001 0.00001 0.00001 0.00001 0.99996
0.164009 0.00001 0.487761 0.00001 0.348211
0.111166 0.00001 0.4723 0.00001 0.416514
0.00001 0.036664 0.540129 0.00001 0.423187
0.00001 0.029757 0.477015 0.00001 0.493208
0.253887 0.00001 0.304611 0.00001 0.441482
0.00001 0.00001 0.618038 0.00001 0.381932
0.127498 0.00001 0.591257 0.00001 0.281225
0.000019 0.00001 0.414432 0.028416 0.557123
0.164069 0.00001 0.34415 0.00001 0.491761
0.198926 0.00001 0.457322 0.00001 0.343733
0.096427 0.00001 0.296707 0.00001 0.606846
0.098913 0.00001 0.341816 0.00001 0.55925
0.010808 0.00001 0.352413 0.00001 0.636758
0.036388 0.00001 0.292546 0.00001 0.671046
0.00001 0.00001 0.00001 0.00001 0.99996
0.084548 0.00001 0.242587 0.00001 0.672845
0.042961 0.00001 0.280549 0.00001 0.676469
0.132538 0.00001 0.24336 0.00001 0.624082
0.044035 0.000013 0.525856 0.00001 0.430085
0.200289 0.00001 0.3536 0.00001 0.446091
0.00001 0.00001 0.99996 0.00001 0.00001
0.00001 0.025121 0.433952 0.00001 0.540907
0.036909 0.00001 0.337855 0.011113 0.614113
0.00001 0.00001 0.609222 0.00001 0.390748
0.00001 0.00001 0.00001 0.00001 0.99996
0.00001 0.00001 0.00001 0.00001 0.99996
0.135474 0.00001 0.596038 0.00001 0.268469
0.004242 0.00001 0.626811 0.00001 0.368927
0.00001 0.00001 0.99996 0.00001 0.00001
0.092178 0.00001 0.472029 0.00001 0.435773
0.00001 0.00001 0.99996 0.00001 0.00001
0.00001 0.00001 0.555309 0.00001 0.444661
0.00001 0.00001 0.00001 0.00001 0.99996
0.00001 0.00001 0.00001 0.00001 0.99996
0.00001 0.00001 0.554315 0.00001 0.445655
0.00001 0.00001 0.00001 0.00001 0.99996
0.018341 0.00001 0.306711 0.00001 0.674927
0.041207 0.00001 0.584737 0.00001 0.374036
0.016728 0.00001 0.00001 0.00001 0.983242
0.00001 0.00001 0.00001 0.00001 0.99996
0.00001 0.00001 0.487119 0.00001 0.512851
0.00001 0.00001 0.578284 0.00001 0.421686
0.060456 0.00001 0.485806 0.00001 0.453719
0.171964 0.00001 0.288449 0.00001 0.539567
0.116282 0.00001 0.360177 0.00001 0.523521
0.084217 0.00001 0.412662 0.00001 0.503101
0.089709 0.00001 0.29942 0.00001 0.610851
0.131139 0.00001 0.296227 0.00001 0.572614
0.087353 0.00001 0.482085 0.00001 0.430542
0.012442 0.00001 0.419277 0.00001 0.568261
0.149429 0.00001 0.26596 0.00001 0.584591
0.101398 0.00001 0.552486 0.00001 0.346096
0.23128 0.00001 0.359618 0.00001 0.409083
0.233307 0.00001 0.429603 0.00001 0.337069
0.24229 0.00001 0.336826 0.00001 0.420864
0.171643 0.000016 0.519372 0.00001 0.308959
0.096078 0.00001 0.286153 0.00001 0.617749
0.129068 0.00001 0.418906 0.00001 0.452006
0.259534 0.00001 0.400014 0.00001 0.340433
0.236475 0.00001 0.436021 0.00001 0.327484
0.24928 0.00001 0.488007 0.00001 0.262692
0.00001 0.00001 0.528086 0.00001 0.471884
0.000017 0.00001 0.372473 0.00001 0.62749
0.088513 0.00001 0.508479 0.00001 0.402988
0.161382 0.00001 0.242067 0.00001 0.596531
0.00001 0.00001 0.598443 0.00001 0.401527
0.029857 0.00001 0.576372 0.00001 0.393752
0.660527 0.00001 0.129479 0.00001 0.209973
0.395949 0.00001 0.336047 0.00001 0.267984
0.413894 0.00001 0.256782 0.00001 0.329304
0.64833 0.000015 0.0667 0.00001 0.284945
0.601506 0.00001 0.328844 0.00001 0.069631
0.376158 0.000019 0.21333 0.00001 0.410482
0.434993 0.00001 0.163004 0.00001 0.401983
0.585802 0.00001 0.204727 0.00001 0.209451
0.711561 0.000019 0.071994 0.00001 0.216416
0.217366 0.00001 0.501198 0.00001 0.281417
0.341461 0.00001 0.345243 0.00001 0.313276
0.601961 0.00001 0.00001 0.00001 0.398009
0.584328 0.00001 0.233986 0.00001 0.181666
0.261726 0.00001 0.325133 0.00001 0.413121
0.5045 0.00001 0.248655 0.00001 0.246825
0.490854 0.00001 0.233172 0.00001 0.275954
0.578904 0.00001 0.129549 0.00001 0.291527
0.584668 0.00001 0.19214 0.00001 0.223172
0.590031 0.00001 0.193915 0.00001 0.216034
0.414071 0.00001 0.295382 0.00001 0.290527
0.257075 0.00001 0.232948 0.00001 0.509957
0.612361 0.00001 0.278329 0.00001 0.10929
0.679741 0.00001 0.005192 0.00001 0.315047
0.668615 0.00001 0.00001 0.00001 0.331355
0.00001 0.00001 0.99996 0.00001 0.00001
0.490772 0.00001 0.338997 0.00001 0.170212
0.353077 0.00001 0.646893 0.00001 0.00001
0.422309 0.000017 0.447716 0.00001 0.129948
0.935353 0.00001 0.064617 0.00001 0.00001
0.874681 0.00001 0.125289 0.00001 0.00001
0.982752 0.00001 0.00001 0.00001 0.017218
0.929317 0.00001 0.070653 0.00001 0.00001
0.99996 0.00001 0.00001 0.00001 0.00001
0.963965 0.00001 0.00001 0.00001 0.036005
0.916253 0.00001 0.019187 0.00001 0.064539
0.818417 0.00001 0.00001 0.00001 0.181553
0.99996 0.00001 0.00001 0.00001 0.00001
0.99996 0.00001 0.00001 0.00001 0.00001
0.982541 0.00001 0.00001 0.00001 0.017429
0.99996 0.00001 0.00001 0.00001 0.00001
0.984776 0.00001 0.00001 0.00001 0.015194
0.99996 0.00001 0.00001 0.00001 0.00001
0.99996 0.00001 0.00001 0.00001 0.00001
0.99996 0.00001 0.00001 0.00001 0.00001
0.88309 0.00001 0.00001 0.00001 0.11688
0.866774 0.00001 0.133196 0.00001 0.00001
0.999955 0.000015 0.00001 0.00001 0.00001
0.99996 0.00001 0.00001 0.00001 0.00001
0.99996 0.00001 0.00001 0.00001 0.00001
0.99996 0.00001 0.00001 0.00001 0.00001
0.77349 0.00001 0.00001 0.00001 0.22648
0.99996 0.00001 0.00001 0.00001 0.00001
0.99996 0.00001 0.00001 0.00001 0.00001
0.75786 0.00001 0.066857 0.00001 0.175263
0.644416 0.00001 0.227386 0.00001 0.128178
0.784488 0.00001 0.209205 0.00001 0.006287
0.826596 0.00001 0.00001 0.00001 0.173374
0.727042 0.00001 0.00001 0.00001 0.272928
0.672748 0.00001 0.144997 0.00001 0.182235
0.761925 0.00001 0.238045 0.00001 0.00001
0.701866 0.00001 0.027927 0.00001 0.270187
0.862084 0.00001 0.137886 0.00001 0.00001
0.769014 0.00001 0.00001 0.00001 0.230956
0.750352 0.00001 0.097338 0.00001 0.152289
0.759169 0.00001 0.13081 0.00001 0.110001
0.862922 0.00001 0.00001 0.00001 0.137048
0.764666 0.00001 0.235304 0.00001 0.00001
0.717496 0.00001 0.18628 0.00001 0.096204
0.744104 0.00001 0.037162 0.00001 0.218714
0.762706 0.00001 0.170587 0.00001 0.066687
0.753325 0.00001 0.00001 0.00001 0.246645
0.775813 0.00001 0.00001 0.00001 0.224157
0.681094 0.00001 0.207298 0.00001 0.111588
0.769312 0.00001 0.00001 0.00001 0.230658
0.760283 0.00001 0.00001 0.00001 0.239687
0.747692 0.00001 0.00001 0.00001 0.252278
0.837533 0.00001 0.162437 0.00001 0.00001
0.765323 0.00001 0.050929 0.00001 0.183728
0.733828 0.00001 0.128874 0.00001 0.137278
0.705786 0.00001 0.00001 0.00001 0.294184
0.797862 0.00001 0.06472 0.00001 0.137398
0.824739 0.00001 0.084892 0.00001 0.090349
0.790929 0.00001 0.00001 0.00001 0.209041
0.751291 0.00001 0.00001 0.00001 0.248679
0.747093 0.00001 0.00001 0.00001 0.252877
0.776429 0.00001 0.216178 0.00001 0.007372
0.84723 0.00001 0.00001 0.00001 0.15274
0.756611 0.00001 0.00001 0.00001 0.243359
0.99996 0.00001 0.00001 0.00001 0.00001
0.814648 0.00001 0.185322 0.00001 0.00001
0.99996 0.00001 0.00001 0.00001 0.00001
0.878178 0.00001 0.121792 0.00001 0.00001
0.815706 0.00001 0.109037 0.00001 0.075237
0.867311 0.00001 0.00001 0.00001 0.132659
0.741301 0.00001 0.00001 0.00001 0.258669
0.742134 0.00001 0.070456 0.00001 0.18739
0.839156 0.00001 0.160814 0.00001 0.00001
0.842339 0.00001 0.013191 0.00001 0.14445
0.794965 0.00001 0.035613 0.00001 0.169402
0.889197 0.00001 0.00001 0.00001 0.110773
0.799547 0.00001 0.192017 0.00001 0.008416
0.773984 0.00001 0.00001 0.00001 0.225986
0.818574 0.00001 0.096101 0.00001 0.085305
0.824942 0.00001 0.075986 0.00001 0.099051
0.799975 0.00001 0.021579 0.00001 0.178426
0.837863 0.00001 0.162107 0.00001 0.00001
0.800158 0.00001 0.199812 0.00001 0.00001
0.761068 0.00001 0.00001 0.00001 0.238902
0.969823 0.00001 0.00001 0.00001 0.030147
0.672634 0.00001 0.327336 0.00001 0.00001
0.838879 0.00001 0.00001 0.00001 0.161091
0.749873 0.00001 0.250097 0.00001 0.00001
0.748796 0.00001 0.00001 0.00001 0.251174
0.782437 0.00001 0.00001 0.00001 0.217533
0.74587 0.00001 0.00001 0.00001 0.2541
0.715217 0.00001 0.284753 0.00001 0.00001
0.76442 0.00001 0.00001 0.00001 0.23555
