0.00001 0.00001 0.00001 0.99997
0.00001 0.00001 0.00001 0.99997
0.00001 0.00001 0.00001 0.99997
0.00001 0.00001 0.00001 0.99997
0.00001 0.00001 0.00001 0.99997
0.00001 0.00001 0.00001 0.99997
0.310395 0.00001 0.00001 0.689585
0.00001 0.00001 0.00001 0.99997
0.00001 0.00001 0.00001 0.99997
0.00001 0.00001 0.00001 0.99997
0.00001 0.00001 0.00001 0.99997
0.00001 0.00001 0.00001 0.99997
0.00001 0.00001 0.00001 0.99997
0.461192 0.00001 0.027168 0.51163
0.00001 0.00001 0.00001 0.99997
0.00001 0.00001 0.00001 0.99997
0.00001 0.00001 0.00001 0.99997
0.00001 0.00001 0.00001 0.99997
0.00001 0.00001 0.00001 0.99997
0.432028 0.00001 0.00001 0.567952
0.00001 0.00001 0.00001 0.99997
0.479136 0.00001 0.00001 0.520844
0.99997 0.00001 0.00001 0.00001
0.976433 0.00001 0.023547 0.00001
0.703104 0.00001 0.00001 0.296876
0.785517 0.00001 0.00001 0.214463
0.746322 0.00001 0.025708 0.22796
0.741941 0.00001 0.00001 0.258039
0.73445 0.00001 0.00001 0.26553
0.615815 0.00001 0.00001 0.384165
0.703441 0.00001 0.00001 0.296539
0.700539 0.001473 0.00001 0.297979
0.625218 0.00001 0.022288 0.352484
0.763027 0.00001 0.00001 0.236953
0.898504 0.00001 0.00001 0.101476
0.99997 0.00001 0.00001 0.00001
0.79286 0.00001 0.00001 0.20712
0.729819 0.00001 0.00001 0.270161
0.652868 0.00001 0.00001 0.347112
0.874508 0.00001 0.00001 0.125472
0.860941 0.00001 0.00001 0.139039
0.99997 0.00001 0.00001 0.00001
0.773709 0.00001 0.016816 0.209465
0.692562 0.00001 0.048377 0.259051
0.67179 0.000012 0.00001 0.328188
0.775344 0.00001 0.00001 0.224636
0.8785 0.00001 0.00001 0.12148
0.696732 0.00001 0.00001 0.303248
0.795977 0.00001 0.00001 0.204003
0.620457 0.00001 0.014872 0.364661
0.658586 0.00001 0.00001 0.341394
0.74709 0.00001 0.004925 0.247975
0.99997 0.00001 0.00001 0.00001
0.856522 0.00001 0.00001 0.143458
0.991592 0.00001 0.008388 0.00001
0.802158 0.00001 0.00001 0.197822
0.596934 0.00001 0.016146 0.38691
0.899249 0.00001 0.00001 0.100731
0.732426 0.00001 0.00001 0.267554
0.691341 0.00001 0.024446 0.284203
0.99997 0.00001 0.00001 0.00001
0.750858 0.00001 0.00001 0.249122
0.759347 0.00001 0.00001 0.240633
0.68461 0.00001 0.010501 0.304879
0.511047 0.00001 0.00001 0.488933
0.736782 0.00001 0.00001 0.263198
0.825764 0.00001 0.00001 0.174216
0.718419 0.00001 0.00001 0.281561
0.73495 0.003993 0.00001 0.261047
0.775589 0.00001 0.00001 0.224391
0.686116 0.000011 0.00001 0.313863
0.703267 0.00001 0.005857 0.290866
0.794553 0.00001 0.00001 0.205427
0.739111 0.00001 0.00001 0.260869
0.66245 0.00001 0.00001 0.33753
0.697205 0.00001 0.003995 0.29879
0.757064 0.00001 0.00001 0.242916
0.63638 0.00001 0.00001 0.3636
0.69764 0.00001 0.008064 0.294286
0.750528 0.00001 0.00001 0.249452
0.582118 0.00001 0.077199 0.340673
0.784695 0.00001 0.00001 0.215285
0.99997 0.00001 0.00001 0.00001
0.612737 0.000012 0.00001 0.387241
0.79856 0.00001 0.00001 0.20142
0.71578 0.00001 0.003312 0.280899
0.833965 0.00001 0.00001 0.166015
0.832552 0.00001 0.00001 0.167428
0.708984 0.00001 0.002557 0.288448
0.611975 0.00001 0.00001 0.388005
0.774518 0.00001 0.00001 0.225462
0.766974 0.00001 0.012609 0.220407
0.575881 0.001414 0.00001 0.422694
0.99997 0.00001 0.00001 0.00001
0.609833 0.00001 0.00001 0.390147
0.99997 0.00001 0.00001 0.00001
0.830238 0.000508 0.00001 0.169244
0.848011 0.00001 0.00001 0.151969
0.649891 0.00001 0.00001 0.350089
0.99997 0.00001 0.00001 0.00001
0.712952 0.00001 0.00001 0.287028
0.6779 0.00001 0.00001 0.32208
0.838184 0.00001 0.00001 0.161796
0.717698 0.00001 0.00001 0.282282
0.798111 0.00001 0.00219 0.199689
0.897688 0.00001 0.00001 0.102292
0.814611 0.00001 0.00001 0.185369
0.683863 0.00001 0.00001 0.316117
0.698666 0.00001 0.000708 0.300616
0.99997 0.00001 0.00001 0.00001
0.99997 0.00001 0.00001 0.00001
0.804984 0.000016 0.00001 0.19499
0.670883 0.00001 0.00001 0.329097
0.751206 0.00001 0.00001 0.248774
0.731173 0.00001 0.00001 0.268807
0.899227 0.00001 0.00001 0.100753
0.760942 0.00001 0.00001 0.239038
0.763196 0.00001 0.00001 0.236784
0.606948 0.00001 0.00001 0.393032
0.641393 0.00001 0.003771 0.354827
0.660564 0.00001 0.00001 0.339416
0.858575 0.00001 0.00001 0.141405
0.783491 0.00001 0.00001 0.216489
0.780733 0.00001 0.00001 0.219247
0.72875 0.00001 0.00001 0.27123
0.974611 0.003844 0.00001 0.021536
0.99997 0.00001 0.00001 0.00001
0.865077 0.00001 0.00001 0.134903
0.99997 0.00001 0.00001 0.00001
0.778816 0.00001 0.00001 0.221164
0.747242 0.00001 0.028252 0.224496
0.343106 0.098645 0.391221 0.167028
0.35338 0.088848 0.382676 0.175095
0.547216 0.138499 0.249503 0.064782
0.619356 0.079672 0.161548 0.139424
0.702674 0.045663 0.185564 0.0661
0.596756 0.044897 0.196929 0.161419
0.162517 0.273526 0.526027 0.037929
0.330748 0.084642 0.448753 0.135857
0.193829 0.17077 0.479178 0.156222
0.545464 0.101549 0.178096 0.17489
0.626161 0.00915 0.190392 0.174297
0.101597 0.324737 0.573656 0.00001
0.191438 0.05622 0.640229 0.112112
0.118137 0.286631 0.49306 0.102172
0.141616 0.129235 0.669535 0.059615
0.639835 0.078554 0.176708 0.104904
0.560504 0.054422 0.17091 0.214163
0.544106 0.114881 0.237451 0.103561
0.504262 0.00001 0.273714 0.222014
0.585173 0.00001 0.2204 0.194417
0.618596 0.00001 0.193714 0.18768
0.558018 0.00001 0.112505 0.329467
0.636429 0.159797 0.203764 0.00001
0.590592 0.038094 0.260918 0.110395
0.614142 0.00001 0.357169 0.028678
0.474022 0.207355 0.060297 0.258326
0.654576 0.050247 0.118788 0.176389
0.517164 0.032342 0.202076 0.248417
0.615145 0.00001 0.184923 0.199922
0.594432 0.094289 0.107236 0.204043
0.504447 0.06862 0.249985 0.176948
0.651481 0.073313 0.097135 0.178071
0.630858 0.064472 0.131302 0.173368
0.588828 0.167262 0.050513 0.193397
0.551411 0.069166 0.143488 0.235935
0.558878 0.039604 0.216836 0.184681
0.514654 0.00001 0.203698 0.281638
0.674817 0.049995 0.148706 0.126482
0.583007 0.00001 0.219119 0.197865
0.673297 0.060606 0.14495 0.121147
0.470646 0.00001 0.456211 0.073134
0.593791 0.069712 0.197709 0.138787
0.608524 0.066095 0.108351 0.217029
0.636465 0.08274 0.00001 0.280785
0.00001 0.130406 0.869574 0.00001
0.004568 0.181201 0.814221 0.00001
0.00001 0.093757 0.906223 0.00001
0.00001 0.00001 0.99997 0.00001
0.00001 0.108975 0.891005 0.00001
0.00001 0.136258 0.863722 0.00001
0.00001 0.094405 0.905575 0.00001
0.00001 0.130999 0.868981 0.00001
0.00001 0.172766 0.827214 0.00001
0.00001 0.24381 0.75617 0.00001
0.00001 0.00001 0.99997 0.00001
0.00001 0.05409 0.94589 0.00001
0.00001 0.113935 0.886045 0.00001
0.00001 0.079517 0.920463 0.00001
0.00001 0.000018 0.999962 0.00001
0.00001 0.040051 0.959929 0.00001
0.00001 0.125079 0.874901 0.00001
0.00001 0.107811 0.892169 0.00001
0.00001 0.18999 0.786395 0.023605
0.00001 0.178548 0.821432 0.00001
0.00001 0.080075 0.919905 0.00001
0.00001 0.087584 0.912396 0.00001
0.00001 0.20579 0.79419 0.00001
0.00001 0.242117 0.757863 0.00001
0.00001 0.125706 0.874274 0.00001
0.00001 0.128503 0.871477 0.00001
0.00001 0.156595 0.843385 0.00001
0.00001 0.226654 0.773326 0.00001
0.00001 0.112271 0.887709 0.00001
0.00001 0.182174 0.817806 0.00001
0.00001 0.087487 0.912493 0.00001
0.0052 0.11917 0.87562 0.00001
0.00001 0.108936 0.891044 0.00001
0.00001 0.186507 0.813473 0.00001
0.00001 0.058248 0.941732 0.00001
0.00001 0.190343 0.809637 0.00001
0.00001 0.023598 0.976382 0.00001
0.00001 0.015195 0.984785 0.00001
0.00001 0.058005 0.941975 0.00001
0.00001 0.102401 0.897579 0.00001
0.00001 0.230257 0.769723 0.00001
0.00001 0.192506 0.807474 0.00001
0.041123 0.00001 0.958857 0.00001
0.031408 0.00001 0.968572 0.00001
0.00001 0.298058 0.701922 0.00001
0.00001 0.081245 0.918735 0.00001
0.014536 0.220633 0.76482 0.00001
0.030724 0.035477 0.933788 0.00001
0.00001 0.227807 0.772173 0.00001
0.00001 0.258944 0.741036 0.00001
0.00001 0.131161 0.868819 0.00001
0.00001 0.139268 0.860712 0.00001
0.00001 0.043128 0.956852 0.00001
0.00001 0.077233 0.922747 0.00001
0.00001 0.09433 0.90565 0.00001
0.00001 0.125728 0.874252 0.00001
0.00001 0.078863 0.921117 0.00001
0.00001 0.165166 0.834814 0.00001
0.003019 0.130879 0.866092 0.00001
0.00001 0.242474 0.757506 0.00001
0.023408 0.034118 0.942464 0.00001
0.0245 0.00001 0.97548 0.00001
0.00001 0.078472 0.912115 0.009403
0.00001 0.00001 0.996673 0.003307
0.00001 0.00001 0.99997 0.00001
0.00001 0.00001 0.99997 0.00001
0.00001 0.233717 0.766263 0.00001
0.00001 0.118021 0.875552 0.006417
0.00001 0.141722 0.858258 0.00001
0.00001 0.170063 0.829917 0.00001
0.003631 0.168105 0.828254 0.00001
0.00001 0.025762 0.974218 0.00001
0.00001 0.075342 0.924638 0.00001
0.00001 0.121289 0.878691 0.00001
0.00001 0.019027 0.980953 0.00001
0.002377 0.076398 0.921215 0.00001
0.00001 0.07169 0.92829 0.00001
0.00001 0.119184 0.880796 0.00001
0.00001 0.141146 0.858834 0.00001
0.00001 0.044005 0.955975 0.00001
0.00001 0.00001 0.99997 0.00001
0.00001 0.025461 0.974519 0.00001
0.00001 0.136025 0.863955 0.00001
0.00001 0.212064 0.787916 0.00001
0.00001 0.152821 0.847159 0.00001
0.00001 0.149083 0.850897 0.00001
0.00001 0.134792 0.865188 0.00001
0.00001 0.174665 0.825315 0.00001
0.00001 0.160914 0.839066 0.00001
0.00001 0.058534 0.941446 0.00001
0.00001 0.175705 0.824275 0.00001
0.00001 0.181576 0.818404 0.00001
0.00001 0.301234 0.698746 0.00001
0.00001 0.314823 0.685157 0.00001
0.00001 0.298221 0.701759 0.00001
0.00001 0.251246 0.748734 0.00001
0.00001 0.131918 0.868062 0.00001
0.00001 0.197357 0.802623 0.00001
0.00001 0.325658 0.674322 0.00001
0.00001 0.303757 0.696223 0.00001
0.00001 0.318316 0.681664 0.00001
0.00001 0.00001 0.99997 0.00001
0.00001 0.000018 0.999962 0.00001
0.00001 0.153694 0.846286 0.00001
0.00001 0.198872 0.801108 0.00001
0.00001 0.000018 0.999962 0.00001
0.00001 0.120171 0.869699 0.01012
0.00001 0.716579 0.283401 0.00001
0.00001 0.466384 0.533596 0.00001
0.00001 0.468422 0.531558 0.00001
0.00001 0.702286 0.297694 0.00001
0.00001 0.665652 0.334328 0.00001
0.00001 0.428597 0.571383 0.00001
0.00001 0.499365 0.500615 0.00001
0.00001 0.636158 0.363822 0.00001
0.00001 0.767378 0.232602 0.00001
0.00001 0.300339 0.699641 0.00001
0.00001 0.420539 0.579441 0.00001
0.00001 0.641073 0.358907 0.00001
0.00001 0.652072 0.347908 0.00001
0.00001 0.317635 0.682345 0.00001
0.00001 0.565964 0.434016 0.00001
0.00001 0.548368 0.451612 0.00001
0.00001 0.635844 0.364136 0.00001
0.00001 0.639574 0.360406 0.00001
0.00001 0.645554 0.354426 0.00001
0.00001 0.475541 0.524439 0.00001
0.00001 0.312249 0.687731 0.00001
0.00001 0.69295 0.30703 0.00001
0.00001 0.710272 0.289708 0.00001
0.00001 0.708633 0.291347 0.00001
0.00001 0.390891 0.609089 0.00001
0.00001 0.583255 0.416725 0.00001
0.00001 0.478892 0.521088 0.00001
0.00001 0.519458 0.480522 0.00001
0.00001 0.99997 0.00001 0.00001
0.00001 0.969183 0.030797 0.00001
0.00001 0.99997 0.00001 0.00001
0.00001 0.99997 0.00001 0.00001
0.00001 0.99997 0.00001 0.00001
0.00001 0.99997 0.00001 0.00001
0.00001 0.971988 0.027992 0.00001
0.00001 0.942596 0.057384 0.00001
0.00001 0.99997 0.00001 0.00001
0.00001 0.99997 0.00001 0.00001
0.00001 0.99997 0.00001 0.00001
0.00001 0.99997 0.00001 0.00001
0.00001 0.99997 0.00001 0.00001
0.00001 0.99997 0.00001 0.00001
0.00001 0.99997 0.00001 0.00001
0.00001 0.99997 0.00001 0.00001
0.00001 0.938307 0.061673 0.00001
0.00001 0.948442 0.051538 0.00001
0.00001 0.99997 0.00001 0.00001
0.00001 0.99997 0.00001 0.00001
0.00001 0.99997 0.00001 0.00001
0.00001 0.99997 0.00001 0.00001
0.00001 0.891881 0.108099 0.00001
0.00001 0.99997 0.00001 0.00001
0.00001 0.99997 0.00001 0.00001
0.00001 0.804221 0.195759 0.00001
0.00001 0.718531 0.281449 0.00001
0.00001 0.850573 0.149407 0.00001
0.00001 0.943906 0.056074 0.00001
0.00001 0.768113 0.231867 0.00001
0.00001 0.730196 0.269784 0.00001
0.00001 0.856203 0.143777 0.00001
0.00001 0.744145 0.255835 0.00001
0.00001 0.951324 0.048656 0.00001
0.00001 0.817525 0.182455 0.00001
0.00001 0.814337 0.185643 0.00001
0.00001 0.835698 0.164282 0.00001
0.00001 0.919503 0.080477 0.00001
0.00001 0.829534 0.170446 0.00001
0.00001 0.795217 0.204763 0.00001
0.00001 0.778308 0.221672 0.00001
0.00001 0.832242 0.167738 0.00001
0.00001 0.800686 0.199294 0.00001
0.00001 0.858122 0.141858 0.00001
0.00001 0.742016 0.257964 0.00001
0.00001 0.825278 0.174702 0.00001
0.00001 0.842187 0.157793 0.00001
0.00001 0.803842 0.196138 0.00001
0.00001 0.94331 0.05667 0.00001
0.00001 0.817812 0.182168 0.00001
0.00001 0.798773 0.201207 0.00001
0.00001 0.775702 0.224278 0.00001
0.00001 0.862097 0.137883 0.00001
0.00001 0.901591 0.098389 0.00001
0.00001 0.931912 0.068068 0.00001
0.00001 0.810375 0.189605 0.00001
0.00001 0.826166 0.173814 0.00001
0.00001 0.845935 0.154045 0.00001
0.00001 0.967624 0.032356 0.00001
0.00001 0.831796 0.168184 0.00001
0.00001 0.99997 0.00001 0.00001
0.00001 0.889408 0.110572 0.00001
0.00001 0.99997 0.00001 0.00001
0.00001 0.991465 0.008515 0.00001
0.00001 0.894601 0.105379 0.00001
0.00001 0.950603 0.049377 0.00001
0.00001 0.837803 0.162177 0.00001
0.00001 0.805044 0.194936 0.00001
0.00001 0.96148 0.0385 0.00001
0.00001 0.904564 0.095416 0.00001
0.00001 0.866786 0.133194 0.00001
0.00001 0.963184 0.036796 0.00001
0.00001 0.868362 0.131618 0.00001
0.00001 0.828544 0.171436 0.00001
0.00001 0.873368 0.126612 0.00001
0.00001 0.897201 0.102779 0.00001
0.00001 0.86706 0.13292 0.00001
0.00001 0.941682 0.058298 0.00001
0.00001 0.866222 0.133758 0.00001
0.00001 0.778028 0.221952 0.00001
0.00001 0.99997 0.00001 0.00001
0.00001 0.760525 0.239455 0.00001
0.00001 0.924479 0.075501 0.00001
0.00001 0.865582 0.134398 0.00001
0.00001 0.827521 0.172459 0.00001
0.00001 0.868661 0.131319 0.00001
0.00001 0.826443 0.173537 0.00001
0.00001 0.793322 0.206658 0.00001
0.00001 0.804082 0.195898 0.00001
