0.99996 0.00001 0.00001 0.00001 0.00001
0.99996 0.00001 0.00001 0.00001 0.00001
0.99996 0.00001 0.00001 0.00001 0.00001
0.99996 0.00001 0.00001 0.00001 0.00001
0.99996 0.00001 0.00001 0.00001 0.00001
0.99996 0.00001 0.00001 0.00001 0.00001
0.652608 0.347362 0.00001 0.00001 0.00001
0.671962 0.328008 0.00001 0.00001 0.00001
0.99996 0.00001 0.00001 0.00001 0.00001
0.99996 0.00001 0.00001 0.00001 0.00001
0.99996 0.00001 0.00001 0.00001 0.00001
0.99996 0.00001 0.00001 0.00001 0.00001
0.99996 0.00001 0.00001 0.00001 0.00001
0.499186 0.472959 0.00001 0.00001 0.027835
0.99996 0.00001 0.00001 0.00001 0.00001
0.99996 0.00001 0.00001 0.00001 0.00001
0.99996 0.00001 0.00001 0.00001 0.00001
0.779152 0.220818 0.00001 0.00001 0.00001
0.99996 0.00001 0.00001 0.00001 0.00001
0.538427 0.461543 0.00001 0.00001 0.00001
0.99996 0.00001 0.00001 0.00001 0.00001
0.504768 0.495202 0.00001 0.00001 0.00001
0.001273 0.998697 0.00001 0.00001 0.00001
0.00001 0.975545 0.024425 0.00001 0.00001
0.278013 0.721957 0.00001 0.00001 0.00001
0.211758 0.788212 0.00001 0.00001 0.00001
0.232148 0.7397 0.00001 0.00001 0.028132
0.249206 0.750764 0.00001 0.00001 0.00001
0.2479 0.751824 0.000256 0.00001 0.00001
0.376279 0.623691 0.00001 0.00001 0.00001
0.292974 0.706996 0.00001 0.00001 0.00001
0.283473 0.713282 0.00001 0.003226 0.00001
0.329906 0.646695 0.023379 0.00001 0.00001
0.228514 0.771456 0.00001 0.00001 0.00001
0.100176 0.899794 0.00001 0.00001 0.00001
0.00001 0.99996 0.00001 0.00001 0.00001
0.183884 0.816086 0.00001 0.00001 0.00001
0.270604 0.726324 0.00001 0.00001 0.003052
0.313738 0.686232 0.00001 0.00001 0.00001
0.112355 0.886406 0.00001 0.00001 0.001219
0.131994 0.867976 0.00001 0.00001 0.00001
0.00001 0.99996 0.00001 0.00001 0.00001
0.222125 0.75903 0.00001 0.00001 0.018824
0.24115 0.70922 0.04961 0.00001 0.00001
0.33162 0.66835 0.00001 0.00001 0.00001
0.222142 0.777828 0.00001 0.00001 0.00001
0.12906 0.87091 0.00001 0.00001 0.00001
0.291117 0.708853 0.00001 0.00001 0.00001
0.198122 0.801848 0.00001 0.00001 0.00001
0.36291 0.621587 0.00001 0.00001 0.015482
0.307347 0.692623 0.00001 0.00001 0.00001
0.240314 0.753359 0.006307 0.00001 0.00001
0.00001 0.99996 0.00001 0.00001 0.00001
0.158075 0.841895 0.00001 0.00001 0.00001
0.00001 0.990514 0.009456 0.00001 0.00001
0.201434 0.798536 0.00001 0.00001 0.00001
0.392319 0.591153 0.016508 0.00001 0.00001
0.080031 0.919459 0.00001 0.00001 0.00049
0.25705 0.74292 0.00001 0.00001 0.00001
0.271646 0.703194 0.02514 0.00001 0.00001
0.00001 0.99996 0.00001 0.00001 0.00001
0.248316 0.751654 0.00001 0.00001 0.00001
0.227508 0.772462 0.00001 0.00001 0.00001
0.296861 0.686916 0.00001 0.00001 0.016203
0.476574 0.523396 0.00001 0.00001 0.00001
0.249956 0.750014 0.00001 0.00001 0.00001
0.173932 0.826038 0.00001 0.00001 0.00001
0.261157 0.738813 0.00001 0.00001 0.00001
0.248964 0.745385 0.00001 0.00001 0.005631
0.204797 0.795173 0.00001 0.00001 0.00001
0.301186 0.698784 0.00001 0.00001 0.00001
0.28239 0.710954 0.006636 0.00001 0.00001
0.198307 0.801663 0.00001 0.00001 0.00001
0.252231 0.747739 0.00001 0.00001 0.00001
0.335758 0.664212 0.00001 0.00001 0.00001
0.293648 0.700285 0.00001 0.00001 0.006047
0.23549 0.76448 0.00001 0.00001 0.00001
0.350978 0.648992 0.00001 0.00001 0.00001
0.27621 0.714834 0.008937 0.00001 0.00001
0.243085 0.754128 0.00001 0.00001 0.002767
0.3319 0.593229 0.00001 0.00001 0.074851
0.202998 0.796972 0.00001 0.00001 0.00001
0.01108 0.98889 0.00001 0.00001 0.00001
0.372102 0.627868 0.00001 0.00001 0.00001
0.192754 0.807216 0.00001 0.00001 0.00001
0.27789 0.713322 0.00001 0.00001 0.008769
0.159712 0.840258 0.00001 0.00001 0.00001
0.155891 0.844079 0.00001 0.00001 0.00001
0.280507 0.716266 0.003206 0.00001 0.00001
0.376319 0.623651 0.00001 0.00001 0.00001
0.211434 0.788536 0.00001 0.00001 0.00001
0.210535 0.77595 0.013495 0.00001 0.00001
0.410979 0.586848 0.00001 0.002154 0.00001
0.00001 0.99996 0.00001 0.00001 0.00001
0.379412 0.620558 0.00001 0.00001 0.00001
0.00001 0.99996 0.00001 0.00001 0.00001
0.163717 0.827014 0.00001 0.00001 0.009249
0.147373 0.852597 0.00001 0.00001 0.00001
0.345864 0.654106 0.00001 0.00001 0.00001
0.00001 0.99996 0.00001 0.00001 0.00001
0.279415 0.720555 0.00001 0.00001 0.00001
0.306969 0.693001 0.00001 0.00001 0.00001
0.153841 0.846129 0.00001 0.00001 0.00001
0.260749 0.733735 0.00001 0.00001 0.005496
0.196603 0.799719 0.003657 0.00001 0.00001
0.108442 0.891528 0.00001 0.00001 0.00001
0.186189 0.811446 0.00001 0.00001 0.002345
0.314036 0.685934 0.00001 0.00001 0.00001
0.291339 0.707102 0.001539 0.00001 0.00001
0.00001 0.99996 0.00001 0.00001 0.00001
0.00001 0.99996 0.00001 0.00001 0.00001
0.185965 0.814005 0.00001 0.00001 0.00001
0.311892 0.688078 0.00001 0.00001 0.00001
0.250544 0.749426 0.00001 0.00001 0.00001
0.260281 0.739689 0.00001 0.00001 0.00001
0.106374 0.893596 0.00001 0.00001 0.00001
0.230467 0.769503 0.00001 0.00001 0.00001
0.224971 0.774999 0.00001 0.00001 0.00001
0.380775 0.619195 0.00001 0.00001 0.00001
0.338344 0.657393 0.004244 0.00001 0.00001
0.325666 0.674304 0.00001 0.00001 0.00001
0.143822 0.856148 0.00001 0.00001 0.00001
0.200776 0.799194 0.00001 0.00001 0.00001
0.208919 0.791051 0.00001 0.00001 0.00001
0.255004 0.744966 0.00001 0.00001 0.00001
0.024212 0.969796 0.00001 0.005972 0.00001
0.00001 0.99996 0.00001 0.00001 0.00001
0.122178 0.877792 0.00001 0.00001 0.00001
0.00001 0.999327 0.000643 0.00001 0.00001
0.220168 0.779802 0.00001 0.00001 0.00001
0.208803 0.762782 0.00001 0.00001 0.028395
0.155705 0.353643 0.365699 0.075585 0.049368
0.172816 0.354924 0.360253 0.048446 0.063562
0.073799 0.537721 0.221643 0.119685 0.047153
0.145013 0.613052 0.146822 0.053591 0.041522
0.057845 0.709999 0.170049 0.00001 0.062097
0.159612 0.597934 0.176351 0.022949 0.043153
0.041252 0.15899 0.467976 0.27935 0.052432
0.137166 0.329426 0.395875 0.102285 0.035247
0.149951 0.201186 0.397584 0.251269 0.00001
0.172573 0.547401 0.1617 0.060706 0.057619
0.166575 0.633036 0.17652 0.00001 0.023859
0.00001 0.100679 0.504102 0.23794 0.157269
0.111133 0.192229 0.576504 0.081767 0.038368
0.107728 0.112337 0.435787 0.259739 0.084409
0.052059 0.148628 0.611064 0.099662 0.088587
0.105533 0.638482 0.16101 0.055805 0.03917
0.209684 0.564142 0.164422 0.023012 0.03874
0.112385 0.534968 0.203594 0.119102 0.029952
0.219316 0.50644 0.274224 0.00001 0.00001
0.194269 0.584669 0.206679 0.00001 0.014373
0.184747 0.620894 0.170349 0.023999 0.00001
0.313563 0.573405 0.103877 0.00001 0.009146
0.00001 0.635339 0.194254 0.095452 0.074945
0.115329 0.58411 0.220592 0.00001 0.07996
0.030592 0.611997 0.321766 0.035636 0.00001
0.243911 0.488145 0.04456 0.193453 0.029931
0.168251 0.662232 0.111858 0.029279 0.02838
0.234443 0.530891 0.179482 0.047223 0.007961
0.195834 0.618611 0.170722 0.00001 0.014823
0.213549 0.583501 0.092326 0.048608 0.062016
0.161218 0.520614 0.200263 0.117894 0.00001
0.162879 0.666324 0.08379 0.060757 0.02625
0.161635 0.642804 0.098753 0.096798 0.00001
0.18396 0.598861 0.024982 0.19068 0.001516
0.236516 0.550654 0.122918 0.00001 0.089903
0.172573 0.571025 0.177329 0.079063 0.00001
0.270145 0.525371 0.198212 0.006263 0.00001
0.110573 0.690673 0.142373 0.012148 0.044233
0.181062 0.599275 0.213342 0.00001 0.006311
0.112996 0.681023 0.127791 0.062068 0.016121
0.077429 0.466093 0.434749 0.02172 0.00001
0.132737 0.599318 0.183219 0.055596 0.029129
0.217659 0.607598 0.116219 0.00001 0.058514
0.278856 0.638922 0.00001 0.04388 0.038333
0.00001 0.00001 0.796303 0.111103 0.092574
0.00001 0.00274 0.75197 0.145217 0.100063
0.00001 0.00001 0.84037 0.00001 0.1596
0.00001 0.00001 0.920519 0.033606 0.045855
0.00001 0.00001 0.816731 0.110952 0.072298
0.00001 0.00001 0.79147 0.157687 0.050823
0.00001 0.00001 0.819876 0.175704 0.0044
0.00001 0.00001 0.754935 0.245035 0.00001
0.00001 0.00001 0.752692 0.203267 0.044021
0.00001 0.00001 0.695151 0.197221 0.107607
0.00001 0.00001 0.99996 0.00001 0.00001
0.00001 0.00001 0.885373 0.01686 0.097747
0.00001 0.00001 0.819963 0.090899 0.089118
0.00001 0.00001 0.828006 0.14622 0.025754
0.00001 0.00001 0.926759 0.00001 0.073211
0.00001 0.00001 0.887571 0.00001 0.112399
0.00001 0.00001 0.800439 0.139244 0.060298
0.00001 0.00001 0.800295 0.180785 0.0189
0.023667 0.00001 0.71175 0.196197 0.068376
0.00001 0.00001 0.742998 0.203667 0.053315
0.00001 0.00001 0.870465 0.00001 0.129505
0.00001 0.00001 0.836283 0.103329 0.060368
0.00001 0.00001 0.74306 0.106102 0.150818
0.00001 0.00001 0.685519 0.227209 0.087252
0.00001 0.00001 0.836114 0.027368 0.136498
0.00001 0.00001 0.769862 0.230108 0.00001
0.00001 0.00001 0.764151 0.172835 0.062994
0.00001 0.00001 0.709306 0.158527 0.132148
0.00001 0.00001 0.820744 0.110041 0.069196
0.00001 0.00001 0.728658 0.259294 0.012028
0.00001 0.00001 0.828904 0.171066 0.00001
0.00001 0.003904 0.796571 0.124936 0.074579
0.00001 0.00001 0.774536 0.225434 0.00001
0.00001 0.00001 0.746459 0.144774 0.108746
0.00001 0.00001 0.869395 0.03724 0.093345
0.00001 0.00001 0.732147 0.25036 0.017473
0.00001 0.00001 0.878439 0.00001 0.121531
0.00001 0.00001 0.878804 0.121166 0.00001
0.00001 0.00001 0.858477 0.089626 0.051877
0.00001 0.00001 0.85157 0.00001 0.1484
0.00001 0.00001 0.693727 0.221593 0.08466
0.00001 0.00001 0.727156 0.181866 0.090958
0.00001 0.039804 0.8545 0.00001 0.105676
0.026169 0.00001 0.87232 0.00001 0.101491
0.00001 0.00001 0.627847 0.280846 0.091287
0.00001 0.00001 0.861722 0.00001 0.138248
0.00001 0.009926 0.72575 0.147753 0.116562
0.026336 0.00001 0.878062 0.013947 0.081645
0.00001 0.00001 0.690513 0.242257 0.06721
0.00001 0.00001 0.669901 0.243995 0.086084
0.00001 0.00001 0.788838 0.127038 0.084104
0.00001 0.00001 0.822606 0.023398 0.153976
0.00001 0.00001 0.861328 0.088649 0.050003
0.00001 0.00001 0.821182 0.178788 0.00001
0.00001 0.00001 0.807677 0.158269 0.034034
0.00001 0.00001 0.789015 0.113299 0.097666
0.00001 0.00001 0.854252 0.00001 0.145718
0.00001 0.00001 0.792209 0.046606 0.161165
0.00001 0.003533 0.762317 0.23413 0.00001
0.00001 0.00001 0.720709 0.116566 0.162705
0.00001 0.023125 0.853346 0.086643 0.036876
0.00001 0.023439 0.923211 0.01341 0.039931
0.007654 0.00001 0.846497 0.059066 0.086773
0.002066 0.00001 0.912201 0.050589 0.035135
0.00001 0.00001 0.879995 0.00001 0.119975
0.00001 0.00001 0.99996 0.00001 0.00001
0.00001 0.00001 0.692395 0.234187 0.073398
0.006361 0.00001 0.781138 0.212481 0.00001
0.00001 0.00001 0.810146 0.040252 0.149582
0.00001 0.00001 0.778155 0.090858 0.130967
0.00001 0.001584 0.757643 0.138462 0.102301
0.00001 0.00001 0.901056 0.038275 0.060649
0.00001 0.00001 0.831033 0.114583 0.054364
0.00001 0.00001 0.802344 0.184293 0.013343
0.00001 0.00001 0.866611 0.133359 0.00001
0.00001 0.000274 0.860023 0.024313 0.11538
0.00001 0.00001 0.809288 0.190682 0.00001
0.00001 0.00001 0.803517 0.104219 0.092244
0.00001 0.00001 0.7789 0.106001 0.115079
0.00001 0.00001 0.860618 0.00001 0.139352
0.00001 0.00001 0.912552 0.00001 0.087418
0.00001 0.00001 0.858229 0.141741 0.00001
0.00001 0.00001 0.784992 0.126977 0.088011
0.00001 0.00001 0.71018 0.206131 0.083669
0.00001 0.00001 0.823942 0.00001 0.176028
0.00001 0.00001 0.806245 0.076572 0.117163
0.00001 0.00001 0.792397 0.122723 0.08486
0.00001 0.00001 0.756576 0.114651 0.128753
0.00001 0.00001 0.744014 0.255956 0.00001
0.00001 0.00001 0.864643 0.086795 0.048542
0.00001 0.00001 0.768916 0.107626 0.123438
0.00001 0.00001 0.736168 0.228932 0.03488
0.00001 0.00001 0.612762 0.376805 0.010414
0.00001 0.00001 0.616837 0.28341 0.099733
0.00001 0.00001 0.616978 0.382992 0.00001
0.00001 0.00001 0.658018 0.305657 0.036305
0.00001 0.00001 0.765132 0.234838 0.00001
0.00001 0.00001 0.744828 0.158037 0.097116
0.00001 0.00001 0.618137 0.241111 0.140732
0.00001 0.00001 0.644325 0.206439 0.149216
0.00001 0.00001 0.607792 0.304146 0.088042
0.00001 0.00001 0.977995 0.019944 0.002041
0.00001 0.00001 0.921094 0.00001 0.078876
0.00001 0.00001 0.802565 0.070831 0.126584
0.00001 0.00001 0.731631 0.191821 0.076529
0.00001 0.00001 0.917297 0.00001 0.082673
0.008031 0.00001 0.80674 0.118642 0.066577
0.00001 0.00001 0.191962 0.808008 0.00001
0.00001 0.00001 0.446583 0.509591 0.043806
0.00001 0.00001 0.463856 0.407568 0.128556
0.00001 0.00001 0.239901 0.599102 0.160978
0.00001 0.00001 0.2849 0.545056 0.170024
0.00001 0.00001 0.498665 0.386719 0.114596
0.00001 0.00001 0.421588 0.518157 0.060235
0.00001 0.00001 0.306115 0.514393 0.179472
0.00001 0.00001 0.158849 0.744805 0.096326
0.00001 0.00001 0.632047 0.262838 0.105096
0.00001 0.00001 0.5028 0.481157 0.016023
0.00001 0.00001 0.292769 0.60848 0.098731
0.00001 0.00001 0.279099 0.61058 0.110301
0.00001 0.00001 0.614698 0.29082 0.094462
0.00001 0.00001 0.368303 0.507896 0.123781
0.00001 0.00001 0.351645 0.648325 0.00001
0.00001 0.00001 0.311477 0.54494 0.143563
0.00001 0.00001 0.280831 0.625523 0.093625
0.00001 0.00001 0.29333 0.635679 0.07097
0.00001 0.00001 0.466657 0.422765 0.110558
0.00001 0.00001 0.628016 0.233958 0.138006
0.00001 0.00001 0.239997 0.656243 0.10374
0.00001 0.00001 0.197914 0.791307 0.010759
0.00001 0.00001 0.217008 0.680178 0.102794
0.00001 0.00001 0.500682 0.483729 0.015569
0.00001 0.00001 0.356678 0.539304 0.103999
0.00001 0.00001 0.433189 0.471354 0.095436
0.00001 0.00001 0.386946 0.613024 0.00001
0.00001 0.00001 0.00001 0.708252 0.291718
0.00001 0.00001 0.016403 0.740511 0.243066
0.00001 0.00001 0.00001 0.789998 0.209972
0.00001 0.00001 0.00001 0.679627 0.320343
0.00001 0.00001 0.00001 0.821564 0.178406
0.00001 0.00001 0.00001 0.685791 0.314179
0.00001 0.00001 0.00001 0.910274 0.089696
0.00001 0.00001 0.00001 0.972624 0.027346
0.00001 0.00001 0.00001 0.868688 0.131282
0.00001 0.00001 0.00001 0.774071 0.225899
0.00001 0.00001 0.00001 0.784611 0.215359
0.00001 0.00001 0.00001 0.762495 0.237475
0.00001 0.00001 0.00001 0.00001 0.99996
0.00001 0.00001 0.00001 0.774482 0.225488
0.00001 0.00001 0.00001 0.00001 0.99996
0.00001 0.00001 0.00001 0.727337 0.272633
0.00001 0.00001 0.050102 0.718692 0.231186
0.00001 0.00001 0.002881 0.845388 0.151711
0.00001 0.00001 0.00001 0.78837 0.2116
0.00001 0.00001 0.00001 0.783315 0.216655
0.00001 0.00001 0.00001 0.791506 0.208464
0.000013 0.00001 0.00001 0.758186 0.241782
0.00001 0.00001 0.063405 0.743397 0.193178
0.00001 0.00001 0.00001 0.00001 0.99996
0.00001 0.00001 0.00001 0.00001 0.99996
0.00001 0.00001 0.141128 0.713817 0.145035
0.00001 0.00001 0.229473 0.596394 0.174113
0.00001 0.00001 0.00001 0.99996 0.00001
0.00001 0.00001 0.00001 0.84215 0.15782
0.00001 0.00001 0.192383 0.588882 0.218715
0.00001 0.00001 0.201953 0.704971 0.093056
0.00001 0.00001 0.06842 0.744144 0.187416
0.00001 0.00001 0.20739 0.636996 0.155593
0.00001 0.00001 0.00001 0.857667 0.142303
0.00001 0.00001 0.123209 0.748554 0.128217
0.00001 0.00001 0.097221 0.828607 0.074152
0.00001 0.00001 0.053433 0.946537 0.00001
0.00001 0.00001 0.032884 0.798036 0.16906
0.00001 0.00001 0.09707 0.823832 0.079078
0.00001 0.00001 0.108233 0.821257 0.07049
0.00001 0.00001 0.170654 0.675417 0.153909
0.00001 0.00001 0.095881 0.804456 0.099643
0.00001 0.00001 0.130448 0.727797 0.141735
0.00001 0.00001 0.07109 0.833333 0.095557
0.00001 0.00001 0.171171 0.73348 0.095329
0.00001 0.00001 0.115069 0.774161 0.11075
0.00001 0.00001 0.089615 0.762745 0.147619
0.00001 0.00001 0.127977 0.713481 0.158522
0.00001 0.00001 0.00001 0.925956 0.074014
0.00001 0.00001 0.116775 0.786403 0.096802
0.00001 0.00001 0.145512 0.735195 0.119273
0.00001 0.00001 0.093441 0.906529 0.00001
0.00001 0.00001 0.076458 0.776983 0.146539
0.00001 0.00001 0.00001 0.99996 0.00001
0.00001 0.00001 0.00001 0.99996 0.00001
0.00001 0.00001 0.106785 0.813647 0.079548
0.00001 0.00001 0.096886 0.807001 0.096093
0.00001 0.00001 0.079637 0.809322 0.111021
0.00001 0.00001 0.00001 0.99996 0.00001
0.00001 0.00001 0.00001 0.99996 0.00001
0.00001 0.00001 0.00001 0.99996 0.00001
0.00001 0.00001 0.020052 0.932902 0.047027
0.00001 0.00001 0.00001 0.99996 0.00001
0.000019 0.00001 0.00001 0.884608 0.115353
0.00001 0.00001 0.03389 0.864673 0.101417
0.00001 0.00001 0.00001 0.874881 0.125089
0.00001 0.00001 0.011675 0.988295 0.00001
0.00001 0.00001 0.122591 0.784826 0.092564
0.00001 0.00001 0.00001 0.99996 0.00001
0.00001 0.00001 0.00001 0.955291 0.044679
0.00001 0.00001 0.00001 0.99996 0.00001
0.00001 0.00001 0.00001 0.937268 0.062702
0.00001 0.00001 0.034606 0.894101 0.071273
0.00001 0.00001 0.073977 0.863986 0.062018
0.00001 0.00001 0.063179 0.828935 0.107866
0.000012 0.00001 0.052998 0.808897 0.138082
0.00001 0.00001 0.064677 0.861681 0.073622
0.00001 0.00001 0.00001 0.99996 0.00001
0.00001 0.00001 0.063643 0.835547 0.10079
0.00001 0.00001 0.146759 0.772086 0.081135
0.00001 0.00001 0.00001 0.817962 0.182008
0.00001 0.00001 0.123487 0.876483 0.00001
0.00001 0.00001 0.002036 0.879377 0.118567
0.00001 0.00001 0.090382 0.741778 0.16782
0.00001 0.00001 0.114065 0.719792 0.166124
0.00001 0.00001 0.058678 0.825065 0.116238
0.00001 0.00001 0.126665 0.731315 0.142001
0.00001 0.00001 0.13948 0.735757 0.124743
0.00001 0.00001 0.11763 0.819071 0.063279
