0.00001 0.00001 0.00001 0.99997
0.00001 0.00001 0.00001 0.99997
0.00001 0.00001 0.00001 0.99997
0.00001 0.00001 0.00001 0.99997
0.00001 0.00001 0.00001 0.99997
0.00001 0.00001 0.00001 0.99997
0.00001 0.310292 0.00001 0.689688
0.00001 0.00001 0.00001 0.99997
0.00001 0.00001 0.00001 0.99997
0.00001 0.00001 0.00001 0.99997
0.00001 0.00001 0.00001 0.99997
0.00001 0.00001 0.00001 0.99997
0.00001 0.00001 0.00001 0.99997
0.00001 0.461112 0.027169 0.51171
0.00001 0.00001 0.00001 0.99997
0.00001 0.00001 0.00001 0.99997
0.00001 0.00001 0.00001 0.99997
0.00001 0.00001 0.00001 0.99997
0.00001 0.00001 0.00001 0.99997
0.00001 0.431952 0.00001 0.568028
0.00001 0.00001 0.00001 0.99997
0.00001 0.47906 0.00001 0.52092
0.00001 0.99997 0.00001 0.00001
0.00001 0.97644 0.02354 0.00001
0.00001 0.702725 0.00001 0.297255
0.00001 0.785313 0.00001 0.214667
0.00001 0.746174 0.025707 0.228109
0.00001 0.74178 0.00001 0.2582
0.00001 0.734339 0.00001 0.265641
0.00001 0.615688 0.00001 0.384292
0.00001 0.703301 0.00001 0.296679
0.001471 0.700402 0.00001 0.298116
0.00001 0.625079 0.022287 0.352624
0.00001 0.762894 0.00001 0.237086
0.00001 0.898361 0.00001 0.101619
0.00001 0.99997 0.00001 0.00001
0.00001 0.792695 0.00001 0.207285
0.00001 0.729678 0.00001 0.270302
0.00001 0.65272 0.00001 0.34726
0.00001 0.874342 0.00001 0.125638
0.00001 0.860787 0.00001 0.139193
0.00001 0.99997 0.00001 0.00001
0.00001 0.773487 0.016816 0.209687
0.00001 0.692415 0.048376 0.2592
0.00001 0.671621 0.00001 0.328359
0.00001 0.77517 0.00001 0.22481
0.00001 0.878319 0.00001 0.121661
0.00001 0.696549 0.00001 0.303431
0.00001 0.795804 0.00001 0.204176
0.00001 0.620335 0.014871 0.364784
0.00001 0.658349 0.00001 0.341631
0.00001 0.746977 0.004924 0.248089
0.00001 0.99997 0.00001 0.00001
0.00001 0.856392 0.00001 0.143588
0.00001 0.991598 0.008382 0.00001
0.00001 0.802037 0.00001 0.197943
0.00001 0.596802 0.016144 0.387043
0.00001 0.898949 0.00001 0.101031
0.00001 0.7323 0.00001 0.26768
0.00001 0.691215 0.024445 0.28433
0.00001 0.99997 0.00001 0.00001
0.00001 0.750693 0.00001 0.249287
0.00001 0.759162 0.00001 0.240818
0.00001 0.684496 0.0105 0.304994
0.00001 0.510935 0.00001 0.489045
0.00001 0.73666 0.00001 0.26332
0.00001 0.825662 0.00001 0.174318
0.00001 0.718273 0.00001 0.281707
0.003992 0.734799 0.00001 0.261199
0.00001 0.77547 0.00001 0.22451
0.00001 0.685986 0.00001 0.313994
0.00001 0.703127 0.005855 0.291008
0.00001 0.7944 0.00001 0.20558
0.00001 0.738976 0.00001 0.261004
0.00001 0.66233 0.00001 0.33765
0.00001 0.696989 0.003995 0.299006
0.00001 0.756891 0.00001 0.243089
0.00001 0.636185 0.00001 0.363795
0.00001 0.697536 0.008062 0.294392
0.00001 0.750415 0.00001 0.249565
0.00001 0.581998 0.077199 0.340793
0.00001 0.78456 0.00001 0.21542
0.00001 0.99997 0.00001 0.00001
0.00001 0.612643 0.00001 0.387337
0.00001 0.798447 0.00001 0.201533
0.00001 0.715658 0.00331 0.281022
0.00001 0.833724 0.00001 0.166256
0.00001 0.832363 0.00001 0.167617
0.00001 0.708822 0.002557 0.288611
0.00001 0.611843 0.00001 0.388137
0.00001 0.774371 0.00001 0.225609
0.00001 0.766867 0.012607 0.220515
0.001413 0.575757 0.00001 0.42282
0.00001 0.99997 0.00001 0.00001
0.00001 0.609702 0.00001 0.390278
0.00001 0.99997 0.00001 0.00001
0.000506 0.830124 0.00001 0.16936
0.00001 0.84788 0.00001 0.1521
0.00001 0.649767 0.00001 0.350213
0.00001 0.99997 0.00001 0.00001
0.00001 0.712827 0.00001 0.287153
0.00001 0.677755 0.00001 0.322225
0.00001 0.838011 0.00001 0.161969
0.00001 0.71757 0.00001 0.28241
0.00001 0.797964 0.002189 0.199837
0.00001 0.897546 0.00001 0.102434
0.00001 0.814455 0.00001 0.185525
0.00001 0.683726 0.00001 0.316254
0.00001 0.698545 0.000706 0.300739
0.00001 0.99997 0.00001 0.00001
0.00001 0.99997 0.00001 0.00001
0.00001 0.804877 0.00001 0.195103
0.00001 0.670794 0.00001 0.329186
0.00001 0.751052 0.00001 0.248928
0.00001 0.731013 0.00001 0.268967
0.00001 0.898947 0.00001 0.101033
0.000014 0.7608 0.00001 0.239176
0.00001 0.763035 0.00001 0.236945
0.00001 0.606786 0.00001 0.393194
0.00001 0.64124 0.00377 0.35498
0.00001 0.660462 0.00001 0.339518
0.00001 0.858373 0.00001 0.141607
0.00001 0.783363 0.00001 0.216617
0.00001 0.780596 0.00001 0.219384
0.00001 0.728614 0.00001 0.271366
0.003843 0.97439 0.00001 0.021756
0.00001 0.99997 0.00001 0.00001
0.00001 0.864984 0.00001 0.134996
0.00001 0.99997 0.00001 0.00001
0.00001 0.778714 0.00001 0.221266
0.00001 0.747079 0.028251 0.22466
0.098646 0.34305 0.39122 0.167084
0.088848 0.3533 0.382676 0.175176
0.138499 0.547108 0.249502 0.064891
0.079673 0.619206 0.161546 0.139575
0.04566 0.702459 0.185565 0.066316
0.044896 0.596637 0.196929 0.161538
0.27353 0.162496 0.526023 0.037952
0.084643 0.330649 0.448752 0.135957
0.170774 0.19376 0.479175 0.156292
0.101546 0.545351 0.178099 0.175004
0.009152 0.626046 0.190389 0.174413
0.324737 0.101598 0.573655 0.00001
0.056222 0.191416 0.640228 0.112135
0.286627 0.118082 0.493064 0.102227
0.129236 0.141573 0.669534 0.059657
0.078553 0.63972 0.176707 0.105019
0.054419 0.560384 0.170912 0.214284
0.114878 0.543989 0.237454 0.103679
0.00001 0.504149 0.273713 0.222128
0.00001 0.585076 0.220398 0.194515
0.00001 0.618457 0.193713 0.18782
0.00001 0.557866 0.112504 0.32962
0.159792 0.636429 0.203769 0.00001
0.038093 0.59046 0.260918 0.110528
0.00001 0.613935 0.357167 0.028888
0.207352 0.473913 0.060299 0.258436
0.050241 0.654444 0.118793 0.176522
0.032342 0.517087 0.202076 0.248495
0.00001 0.615044 0.184922 0.200024
0.094287 0.594322 0.107237 0.204154
0.068617 0.504348 0.249987 0.177048
0.07331 0.651374 0.097137 0.178179
0.064472 0.630758 0.131301 0.173469
0.16726 0.588719 0.050515 0.193507
0.069164 0.551283 0.143489 0.236063
0.039601 0.558782 0.216838 0.184778
0.00001 0.514525 0.203698 0.281767
0.049991 0.674642 0.148709 0.126658
0.00001 0.582879 0.219118 0.197993
0.060602 0.673199 0.144953 0.121246
0.00001 0.470503 0.456209 0.073278
0.069711 0.59367 0.19771 0.138909
0.066097 0.608415 0.108348 0.217139
0.082739 0.636325 0.00001 0.280926
0.130408 0.00001 0.869572 0.00001
0.181203 0.004569 0.814219 0.00001
0.093758 0.00001 0.906222 0.00001
0.00001 0.00001 0.99997 0.00001
0.108976 0.00001 0.891004 0.00001
0.136258 0.00001 0.863722 0.00001
0.094406 0.00001 0.905574 0.00001
0.131001 0.00001 0.868979 0.00001
0.172768 0.00001 0.827212 0.00001
0.24381 0.00001 0.75617 0.00001
0.00001 0.00001 0.99997 0.00001
0.05409 0.00001 0.94589 0.00001
0.113936 0.00001 0.886044 0.00001
0.079517 0.00001 0.920463 0.00001
0.00001 0.00001 0.99997 0.00001
0.04005 0.00001 0.95993 0.00001
0.12508 0.00001 0.8749 0.00001
0.107811 0.00001 0.892169 0.00001
0.189989 0.00001 0.786396 0.023604
0.178549 0.00001 0.821431 0.00001
0.080075 0.00001 0.919905 0.00001
0.087583 0.00001 0.912397 0.00001
0.205791 0.00001 0.794189 0.00001
0.242121 0.00001 0.757859 0.00001
0.125707 0.00001 0.874273 0.00001
0.128504 0.00001 0.871476 0.00001
0.156595 0.00001 0.843385 0.00001
0.226655 0.00001 0.773325 0.00001
0.112272 0.00001 0.887708 0.00001
0.182175 0.00001 0.817805 0.00001
0.087488 0.00001 0.912492 0.00001
0.119174 0.005202 0.875613 0.00001
0.108937 0.00001 0.891043 0.00001
0.186506 0.00001 0.813474 0.00001
0.058249 0.00001 0.941731 0.00001
0.190344 0.00001 0.809636 0.00001
0.023598 0.00001 0.976382 0.00001
0.015198 0.00001 0.984782 0.00001
0.058005 0.00001 0.941975 0.00001
0.102401 0.00001 0.897579 0.00001
0.230257 0.00001 0.769723 0.00001
0.192507 0.00001 0.807473 0.00001
0.00001 0.041124 0.958856 0.00001
0.00001 0.031409 0.968571 0.00001
0.298059 0.00001 0.701921 0.00001
0.081246 0.00001 0.918734 0.00001
0.220637 0.014537 0.764816 0.00001
0.035479 0.030725 0.933786 0.00001
0.227808 0.00001 0.772172 0.00001
0.258945 0.00001 0.741035 0.00001
0.131161 0.00001 0.868819 0.00001
0.139267 0.00001 0.860713 0.00001
0.043129 0.00001 0.956851 0.00001
0.077233 0.00001 0.922747 0.00001
0.09433 0.00001 0.90565 0.00001
0.12573 0.00001 0.87425 0.00001
0.078863 0.00001 0.921117 0.00001
0.165167 0.00001 0.834813 0.00001
0.130882 0.003019 0.866088 0.00001
0.242475 0.00001 0.757505 0.00001
0.03412 0.02341 0.94246 0.00001
0.00001 0.024501 0.975479 0.00001
0.078472 0.00001 0.912115 0.009403
0.00001 0.00001 0.996674 0.003306
0.00001 0.00001 0.99997 0.00001
0.00001 0.00001 0.99997 0.00001
0.233718 0.00001 0.766262 0.00001
0.118027 0.00001 0.875544 0.00642
0.141723 0.00001 0.858257 0.00001
0.170063 0.00001 0.829917 0.00001
0.168107 0.003631 0.828252 0.00001
0.025764 0.00001 0.974216 0.00001
0.075342 0.00001 0.924638 0.00001
0.121291 0.00001 0.878689 0.00001
0.019027 0.00001 0.980953 0.00001
0.076403 0.002378 0.921209 0.00001
0.071691 0.00001 0.928289 0.00001
0.119185 0.00001 0.880795 0.00001
0.141147 0.00001 0.858833 0.00001
0.044007 0.00001 0.955973 0.00001
0.00001 0.00001 0.99997 0.00001
0.025462 0.00001 0.974518 0.00001
0.136026 0.00001 0.863954 0.00001
0.212064 0.00001 0.787916 0.00001
0.152822 0.00001 0.847158 0.00001
0.149084 0.00001 0.850896 0.00001
0.134792 0.00001 0.865188 0.00001
0.174665 0.00001 0.825315 0.00001
0.160915 0.00001 0.839065 0.00001
0.058535 0.00001 0.941445 0.00001
0.175705 0.00001 0.824275 0.00001
0.181577 0.00001 0.818403 0.00001
0.301236 0.00001 0.698744 0.00001
0.314824 0.00001 0.685156 0.00001
0.298222 0.00001 0.701758 0.00001
0.251247 0.00001 0.748733 0.00001
0.131922 0.00001 0.868058 0.00001
0.197362 0.000017 0.802611 0.00001
0.325659 0.00001 0.674321 0.00001
0.303758 0.00001 0.696222 0.00001
0.318316 0.00001 0.681664 0.00001
0.00001 0.00001 0.99997 0.00001
0.00001 0.00001 0.99997 0.00001
0.153696 0.00001 0.846284 0.00001
0.198874 0.00001 0.801106 0.00001
0.00001 0.00001 0.99997 0.00001
0.120173 0.00001 0.869696 0.01012
0.716581 0.00001 0.283399 0.00001
0.466385 0.00001 0.533595 0.00001
0.468423 0.00001 0.531557 0.00001
0.702284 0.00001 0.297696 0.00001
0.665652 0.00001 0.334328 0.00001
0.428599 0.00001 0.571381 0.00001
0.499367 0.00001 0.500613 0.00001
0.63616 0.000013 0.363817 0.00001
0.767379 0.00001 0.232601 0.00001
0.300341 0.00001 0.699639 0.00001
0.42054 0.00001 0.57944 0.00001
0.641075 0.00001 0.358905 0.00001
0.652073 0.00001 0.347907 0.00001
0.317636 0.00001 0.682344 0.00001
0.565964 0.00001 0.434016 0.00001
0.548369 0.00001 0.451611 0.00001
0.635846 0.00001 0.364134 0.00001
0.639574 0.00001 0.360406 0.00001
0.645554 0.00001 0.354426 0.00001
0.475544 0.00001 0.524436 0.00001
0.31225 0.00001 0.68773 0.00001
0.692951 0.00001 0.307029 0.00001
0.710274 0.00001 0.289706 0.00001
0.708634 0.00001 0.291346 0.00001
0.390893 0.00001 0.609087 0.00001
0.583254 0.00001 0.416726 0.00001
0.478893 0.00001 0.521087 0.00001
0.519459 0.00001 0.480521 0.00001
0.99997 0.00001 0.00001 0.00001
0.969182 0.00001 0.030798 0.00001
0.99997 0.00001 0.00001 0.00001
0.99997 0.00001 0.00001 0.00001
0.99997 0.00001 0.00001 0.00001
0.99997 0.00001 0.00001 0.00001
0.971989 0.00001 0.027991 0.00001
0.942598 0.00001 0.057382 0.00001
0.99997 0.00001 0.00001 0.00001
0.99997 0.00001 0.00001 0.00001
0.99997 0.00001 0.00001 0.00001
0.99997 0.00001 0.00001 0.00001
0.99997 0.00001 0.00001 0.00001
0.99997 0.00001 0.00001 0.00001
0.99997 0.00001 0.00001 0.00001
0.99997 0.00001 0.00001 0.00001
0.938308 0.00001 0.061672 0.00001
0.948443 0.00001 0.051537 0.00001
0.99997 0.00001 0.00001 0.00001
0.999967 0.00001 0.000013 0.00001
0.99997 0.00001 0.00001 0.00001
0.99997 0.00001 0.00001 0.00001
0.891882 0.00001 0.108098 0.00001
0.99997 0.00001 0.00001 0.00001
0.99997 0.00001 0.00001 0.00001
0.804221 0.00001 0.195759 0.00001
0.718532 0.00001 0.281448 0.00001
0.850575 0.00001 0.149405 0.00001
0.943908 0.00001 0.056072 0.00001
0.768114 0.00001 0.231866 0.00001
0.730198 0.00001 0.269782 0.00001
0.856205 0.00001 0.143775 0.00001
0.744145 0.00001 0.255835 0.00001
0.951325 0.00001 0.048655 0.00001
0.817527 0.00001 0.182453 0.00001
0.814339 0.00001 0.185641 0.00001
0.835699 0.00001 0.164281 0.00001
0.919503 0.00001 0.080477 0.00001
0.829535 0.00001 0.170445 0.00001
0.795218 0.00001 0.204762 0.00001
0.77831 0.00001 0.22167 0.00001
0.832244 0.00001 0.167736 0.00001
0.800687 0.00001 0.199293 0.00001
0.858123 0.00001 0.141857 0.00001
0.742016 0.00001 0.257964 0.00001
0.825279 0.00001 0.174701 0.00001
0.842188 0.00001 0.157792 0.00001
0.803843 0.00001 0.196137 0.00001
0.943312 0.00001 0.056668 0.00001
0.817813 0.00001 0.182167 0.00001
0.798773 0.00001 0.201207 0.00001
0.775704 0.00001 0.224276 0.00001
0.862097 0.00001 0.137883 0.00001
0.901592 0.00001 0.098388 0.00001
0.931913 0.00001 0.068067 0.00001
0.810376 0.00001 0.189604 0.00001
0.826164 0.00001 0.173816 0.00001
0.845936 0.00001 0.154044 0.00001
0.967627 0.00001 0.032353 0.00001
0.831796 0.00001 0.168184 0.00001
0.99997 0.00001 0.00001 0.00001
0.88941 0.00001 0.11057 0.00001
0.99997 0.00001 0.00001 0.00001
0.991467 0.00001 0.008513 0.00001
0.894602 0.00001 0.105378 0.00001
0.950603 0.00001 0.049377 0.00001
0.837804 0.00001 0.162176 0.00001
0.805045 0.00001 0.194935 0.00001
0.961481 0.00001 0.038499 0.00001
0.904564 0.00001 0.095416 0.00001
0.866787 0.00001 0.133193 0.00001
0.963186 0.00001 0.036794 0.00001
0.868364 0.00001 0.131616 0.00001
0.828546 0.00001 0.171434 0.00001
0.873369 0.00001 0.126611 0.00001
0.897202 0.00001 0.102778 0.00001
0.867064 0.00001 0.132916 0.00001
0.941683 0.00001 0.058297 0.00001
0.866223 0.00001 0.133757 0.00001
0.778022 0.00001 0.221958 0.00001
0.99997 0.00001 0.00001 0.00001
0.760526 0.00001 0.239454 0.00001
0.924482 0.00001 0.075498 0.00001
0.865584 0.00001 0.134396 0.00001
0.827522 0.00001 0.172458 0.00001
0.868662 0.00001 0.131318 0.00001
0.826444 0.00001 0.173536 0.00001
0.793322 0.00001 0.206658 0.00001
0.804084 0.00001 0.195896 0.00001
