0.99997 0.00001 0.00001 0.00001
0.99997 0.00001 0.00001 0.00001
0.99997 0.00001 0.00001 0.00001
0.99997 0.00001 0.00001 0.00001
0.99997 0.00001 0.00001 0.00001
0.99997 0.00001 0.00001 0.00001
0.689655 0.00001 0.00001 0.310325
0.99997 0.00001 0.00001 0.00001
0.99997 0.00001 0.00001 0.00001
0.99997 0.00001 0.00001 0.00001
0.99997 0.00001 0.00001 0.00001
0.99997 0.00001 0.00001 0.00001
0.99997 0.00001 0.00001 0.00001
0.511228 0.027197 0.00001 0.461566
0.99997 0.00001 0.00001 0.00001
0.99997 0.00001 0.00001 0.00001
0.99997 0.00001 0.00001 0.00001
0.99997 0.00001 0.00001 0.00001
0.99997 0.00001 0.00001 0.00001
0.568029 0.00001 0.00001 0.431951
0.99997 0.00001 0.00001 0.00001
0.521156 0.00001 0.00001 0.478824
0.00001 0.00001 0.00001 0.99997
0.00001 0.023547 0.00001 0.976433
0.297866 0.00001 0.00001 0.702114
0.215361 0.00001 0.00001 0.784619
0.229807 0.025728 0.00001 0.744455
0.258624 0.00001 0.00001 0.741356
0.265349 0.00001 0.00001 0.734631
0.384234 0.000018 0.00001 0.615738
0.296039 0.000016 0.00001 0.703935
0.298237 0.00001 0.001472 0.700281
0.352815 0.022297 0.00001 0.624878
0.236744 0.00001 0.00001 0.763236
0.103692 0.00001 0.00001 0.896288
0.00001 0.00001 0.00001 0.99997
0.207991 0.00001 0.00001 0.791989
0.271544 0.00001 0.00001 0.728436
0.347261 0.00001 0.00001 0.652719
0.124966 0.00001 0.00001 0.875014
0.140324 0.00001 0.00001 0.859656
0.00001 0.00001 0.00001 0.99997
0.209687 0.016816 0.00001 0.773486
0.258329 0.048368 0.00001 0.693293
0.332965 0.00001 0.00001 0.667015
0.226015 0.00001 0.00001 0.773965
0.121033 0.00001 0.00001 0.878947
0.302733 0.00001 0.00001 0.697247
0.205898 0.00001 0.00001 0.794082
0.364703 0.014883 0.00001 0.620403
0.343139 0.00001 0.00001 0.656841
0.250207 0.004923 0.00001 0.74486
0.00001 0.00001 0.00001 0.99997
0.14251 0.000015 0.00001 0.857466
0.00001 0.008376 0.00001 0.991604
0.197441 0.00001 0.00001 0.802539
0.38836 0.016123 0.00001 0.595507
0.104177 0.00001 0.00001 0.895803
0.269486 0.00001 0.00001 0.730494
0.284586 0.024449 0.00001 0.690955
0.00001 0.00001 0.00001 0.99997
0.249291 0.00001 0.00001 0.750689
0.239736 0.00001 0.00001 0.760244
0.304643 0.010493 0.00001 0.684855
0.488982 0.00001 0.00001 0.510998
0.262641 0.00001 0.00001 0.737339
0.17357 0.00001 0.00001 0.82641
0.282123 0.00001 0.00001 0.717857
0.26102 0.00001 0.003987 0.734983
0.225271 0.00001 0.00001 0.774709
0.313237 0.00001 0.00001 0.686743
0.291845 0.005866 0.00001 0.702279
0.206227 0.00001 0.00001 0.793753
0.260069 0.00001 0.00001 0.739911
0.337231 0.00001 0.00001 0.662749
0.301599 0.004036 0.00001 0.694355
0.243914 0.00001 0.00001 0.756066
0.362061 0.00001 0.00001 0.637919
0.293896 0.008043 0.00001 0.698051
0.249471 0.00001 0.00001 0.750509
0.340961 0.077203 0.00001 0.581826
0.216231 0.00001 0.00001 0.783749
0.00001 0.00001 0.00001 0.99997
0.387228 0.00001 0.00001 0.612752
0.20185 0.00001 0.00001 0.79813
0.281805 0.003304 0.00001 0.714881
0.166208 0.00001 0.00001 0.833772
0.16673 0.00001 0.00001 0.83325
0.288625 0.002554 0.00001 0.708811
0.388943 0.00001 0.00001 0.611037
0.225606 0.00001 0.00001 0.774374
0.220448 0.012617 0.00001 0.766925
0.42356 0.00001 0.001426 0.575004
0.00001 0.00001 0.00001 0.99997
0.390015 0.00001 0.00001 0.609965
0.00001 0.00001 0.00001 0.99997
0.172967 0.00001 0.000512 0.826511
0.153206 0.00001 0.00001 0.846774
0.350505 0.00001 0.00001 0.649475
0.00001 0.00001 0.00001 0.99997
0.288396 0.00001 0.00001 0.711584
0.322426 0.00001 0.00001 0.677554
0.161572 0.00001 0.00001 0.838408
0.283362 0.00001 0.00001 0.716618
0.199362 0.002187 0.00001 0.79844
0.103489 0.00001 0.00001 0.896491
0.186807 0.00001 0.00001 0.813173
0.316318 0.00001 0.00001 0.683662
0.299956 0.000709 0.00001 0.699325
0.00001 0.00001 0.00001 0.99997
0.00001 0.00001 0.00001 0.99997
0.195323 0.00001 0.00001 0.804657
0.32898 0.00001 0.00001 0.671
0.249028 0.00001 0.00001 0.750952
0.269481 0.00001 0.00001 0.730499
0.100305 0.00001 0.00001 0.899675
0.240857 0.00001 0.00001 0.759123
0.237114 0.00001 0.00001 0.762866
0.394157 0.00001 0.00001 0.605823
0.354811 0.003773 0.00001 0.641406
0.339564 0.00001 0.00001 0.660416
0.141964 0.00001 0.00001 0.858016
0.215616 0.00001 0.00001 0.784364
0.220305 0.00001 0.00001 0.779675
0.27302 0.00001 0.00001 0.72696
0.024149 0.00001 0.003872 0.971969
0.00001 0.00001 0.00001 0.99997
0.133887 0.00001 0.00001 0.866093
0.00001 0.00001 0.00001 0.99997
0.222323 0.00001 0.00001 0.777657
0.224282 0.02825 0.00001 0.747459
0.166725 0.391046 0.098826 0.343403
0.174573 0.382279 0.089242 0.353906
0.064756 0.249346 0.13866 0.547239
0.141156 0.161587 0.079639 0.617618
0.065473 0.185354 0.045874 0.703298
0.161602 0.196673 0.045147 0.596577
0.040127 0.525733 0.273798 0.160342
0.136503 0.448559 0.084845 0.330093
0.156895 0.47922 0.170749 0.193135
0.176752 0.17806 0.10159 0.543598
0.174651 0.190513 0.009047 0.625789
0.00001 0.573623 0.324787 0.10158
0.112302 0.640367 0.056135 0.191195
0.103276 0.493117 0.286623 0.116985
0.058746 0.669201 0.129566 0.142487
0.107019 0.176432 0.078807 0.637742
0.214026 0.170975 0.054367 0.560632
0.102058 0.237029 0.115304 0.545609
0.222306 0.273722 0.00001 0.503963
0.195388 0.220414 0.00001 0.584188
0.187199 0.193722 0.00001 0.619069
0.329973 0.112495 0.00001 0.557522
0.00001 0.203816 0.159758 0.636416
0.111752 0.261172 0.03786 0.589216
0.028414 0.357203 0.00001 0.614373
0.259066 0.060238 0.20742 0.473277
0.177793 0.118823 0.050216 0.653168
0.248857 0.202125 0.032306 0.516712
0.200708 0.184931 0.00001 0.614352
0.205726 0.106967 0.094567 0.59274
0.176894 0.249935 0.068674 0.504497
0.177418 0.097019 0.073427 0.652135
0.174144 0.131153 0.064624 0.630079
0.19385 0.050498 0.167284 0.588368
0.236381 0.143346 0.069307 0.550966
0.185234 0.216715 0.039725 0.558325
0.281783 0.203703 0.00001 0.514504
0.127341 0.148796 0.049917 0.673946
0.19816 0.219131 0.00001 0.582699
0.119699 0.144886 0.060691 0.674723
0.073463 0.456215 0.00001 0.470313
0.138637 0.197569 0.069849 0.593944
0.21688 0.108331 0.066117 0.608672
0.281803 0.00001 0.082743 0.635443
0.00001 0.869358 0.130622 0.00001
0.00001 0.814136 0.181285 0.004569
0.00001 0.906212 0.093768 0.00001
0.00001 0.99997 0.00001 0.00001
0.00001 0.890893 0.109087 0.00001
0.00001 0.863625 0.136355 0.00001
0.00001 0.905617 0.094363 0.00001
0.00001 0.868794 0.131186 0.00001
0.00001 0.827016 0.172964 0.00001
0.00001 0.755889 0.244091 0.00001
0.00001 0.99997 0.00001 0.00001
0.00001 0.945823 0.054157 0.00001
0.00001 0.885824 0.114156 0.00001
0.00001 0.920307 0.079673 0.00001
0.00001 0.99997 0.00001 0.00001
0.00001 0.959691 0.040289 0.00001
0.00001 0.874785 0.125195 0.00001
0.00001 0.892115 0.107865 0.00001
0.023573 0.786125 0.190292 0.00001
0.00001 0.821066 0.178914 0.00001
0.00001 0.919691 0.080289 0.00001
0.00001 0.912484 0.087496 0.00001
0.00001 0.79455 0.20543 0.00001
0.00001 0.757627 0.242353 0.00001
0.00001 0.874161 0.125819 0.00001
0.00001 0.871435 0.128545 0.00001
0.00001 0.843234 0.156746 0.00001
0.00001 0.773109 0.226871 0.00001
0.00001 0.888165 0.111815 0.00001
0.00001 0.817758 0.182222 0.00001
0.00001 0.912703 0.087277 0.00001
0.00001 0.875371 0.119433 0.005186
0.00001 0.890673 0.109307 0.00001
0.00001 0.812915 0.187065 0.00001
0.00001 0.941734 0.058246 0.00001
0.00001 0.80931 0.19067 0.00001
0.00001 0.97602 0.02396 0.00001
0.00001 0.984511 0.015469 0.00001
0.00001 0.941537 0.058443 0.00001
0.00001 0.897351 0.102629 0.00001
0.00001 0.769493 0.230487 0.00001
0.00001 0.80719 0.19279 0.00001
0.00001 0.958913 0.00001 0.041067
0.00001 0.968579 0.00001 0.031401
0.00001 0.701575 0.298405 0.00001
0.00001 0.918469 0.081511 0.00001
0.00001 0.76459 0.220835 0.014565
0.028286 0.943251 0.028453 0.00001
0.00001 0.771757 0.228223 0.00001
0.00001 0.740816 0.259164 0.00001
0.00001 0.868812 0.131168 0.00001
0.00001 0.860814 0.139166 0.00001
0.00001 0.957347 0.042633 0.00001
0.00001 0.922606 0.077374 0.00001
0.00001 0.905689 0.094291 0.00001
0.00001 0.873037 0.126943 0.00001
0.00001 0.921033 0.078947 0.00001
0.00001 0.834702 0.165278 0.00001
0.00001 0.866022 0.130998 0.002971
0.00001 0.757009 0.242971 0.00001
0.00001 0.942292 0.034284 0.023414
0.00001 0.9755 0.00001 0.02448
0.009329 0.911809 0.078852 0.00001
0.003203 0.996777 0.00001 0.00001
0.00001 0.99997 0.00001 0.00001
0.00001 0.99997 0.00001 0.00001
0.00001 0.765943 0.234037 0.00001
0.0063 0.87556 0.118129 0.00001
0.00001 0.858056 0.141924 0.00001
0.00001 0.829801 0.170179 0.00001
0.00001 0.828015 0.168354 0.003621
0.00001 0.974323 0.025657 0.00001
0.00001 0.924298 0.075682 0.00001
0.00001 0.878352 0.121628 0.00001
0.00001 0.980805 0.019175 0.00001
0.00001 0.921141 0.076499 0.00235
0.00001 0.928257 0.071723 0.00001
0.00001 0.88073 0.11925 0.00001
0.00001 0.858565 0.141415 0.00001
0.00001 0.956091 0.043889 0.00001
0.00001 0.99997 0.00001 0.00001
0.00001 0.974181 0.025799 0.00001
0.00001 0.863772 0.136208 0.00001
0.00001 0.787809 0.212171 0.00001
0.00001 0.846832 0.153148 0.00001
0.00001 0.851098 0.148882 0.00001
0.00001 0.865108 0.134872 0.00001
0.00001 0.824526 0.175454 0.00001
0.00001 0.83905 0.16093 0.00001
0.00001 0.941392 0.058588 0.00001
0.00001 0.824142 0.175838 0.00001
0.00001 0.818656 0.181324 0.00001
0.00001 0.698409 0.301571 0.00001
0.00001 0.685209 0.314771 0.00001
0.00001 0.701541 0.298439 0.00001
0.00001 0.748511 0.251469 0.00001
0.00001 0.867772 0.132208 0.00001
0.00001 0.802252 0.197728 0.00001
0.00001 0.674236 0.325744 0.00001
0.00001 0.696089 0.303891 0.00001
0.00001 0.681371 0.318609 0.00001
0.00001 0.99997 0.00001 0.00001
0.00001 0.99997 0.00001 0.00001
0.00001 0.846157 0.153823 0.00001
0.00001 0.800796 0.199184 0.00001
0.00001 0.99997 0.00001 0.00001
0.010096 0.869759 0.120134 0.00001
0.00001 0.283066 0.716914 0.00001
0.00001 0.533074 0.466906 0.00001
0.00001 0.531288 0.468692 0.00001
0.00001 0.297324 0.702656 0.00001
0.00001 0.33395 0.66603 0.00001
0.00001 0.571107 0.428873 0.00001
0.00001 0.500339 0.499641 0.00001
0.00001 0.363482 0.636498 0.00001
0.00001 0.232187 0.767793 0.00001
0.00001 0.699132 0.300848 0.00001
0.00001 0.579132 0.420848 0.00001
0.00001 0.358505 0.641475 0.00001
0.00001 0.34746 0.65252 0.00001
0.00001 0.681935 0.318045 0.00001
0.00001 0.433733 0.566247 0.00001
0.00001 0.451523 0.548457 0.00001
0.00001 0.363849 0.636131 0.00001
0.00001 0.36001 0.63997 0.00001
0.00001 0.354044 0.645936 0.00001
0.00001 0.523916 0.476064 0.00001
0.00001 0.687362 0.312618 0.00001
0.00001 0.306565 0.693415 0.00001
0.00001 0.289267 0.710713 0.00001
0.00001 0.290947 0.709033 0.00001
0.00001 0.60917 0.39081 0.00001
0.00001 0.416567 0.583413 0.00001
0.00001 0.520814 0.479166 0.00001
0.00001 0.480229 0.519751 0.00001
0.00001 0.00001 0.99997 0.00001
0.00001 0.030456 0.969524 0.00001
0.00001 0.00001 0.99997 0.00001
0.00001 0.00001 0.99997 0.00001
0.00001 0.00001 0.99997 0.00001
0.00001 0.00001 0.99997 0.00001
0.00001 0.027924 0.972056 0.00001
0.00001 0.057041 0.942939 0.00001
0.00001 0.00001 0.99997 0.00001
0.00001 0.00001 0.99997 0.00001
0.00001 0.00001 0.99997 0.00001
0.00001 0.00001 0.99997 0.00001
0.00001 0.00001 0.99997 0.00001
0.00001 0.00001 0.99997 0.00001
0.00001 0.00001 0.99997 0.00001
0.00001 0.00001 0.99997 0.00001
0.00001 0.060692 0.939288 0.00001
0.00001 0.051256 0.948724 0.00001
0.00001 0.00001 0.99997 0.00001
0.00001 0.00001 0.99997 0.00001
0.00001 0.00001 0.99997 0.00001
0.00001 0.00001 0.99997 0.00001
0.00001 0.107656 0.892324 0.00001
0.00001 0.00001 0.99997 0.00001
0.00001 0.00001 0.99997 0.00001
0.00001 0.195401 0.804579 0.00001
0.00001 0.28084 0.71914 0.00001
0.00001 0.148902 0.851078 0.00001
0.00001 0.055639 0.944341 0.00001
0.00001 0.231641 0.768339 0.00001
0.00001 0.269431 0.730549 0.00001
0.00001 0.143244 0.856736 0.00001
0.00001 0.255299 0.744681 0.00001
0.00001 0.047884 0.952096 0.00001
0.00001 0.181996 0.817984 0.00001
0.00001 0.18534 0.81464 0.00001
0.00001 0.164053 0.835927 0.00001
0.00001 0.080038 0.919942 0.00001
0.00001 0.170005 0.829975 0.00001
0.00001 0.204369 0.795611 0.00001
0.00001 0.221145 0.778835 0.00001
0.00001 0.16724 0.83274 0.00001
0.00001 0.199034 0.800946 0.00001
0.00001 0.141003 0.858977 0.00001
0.00001 0.25752 0.74246 0.00001
0.00001 0.174323 0.825657 0.00001
0.00001 0.157208 0.842772 0.00001
0.00001 0.19478 0.8052 0.00001
0.00001 0.055858 0.944122 0.00001
0.00001 0.181644 0.818336 0.00001
0.00001 0.20079 0.79919 0.00001
0.00001 0.223854 0.776126 0.00001
0.00001 0.137483 0.862497 0.00001
0.00001 0.097866 0.902114 0.00001
0.00001 0.067417 0.932563 0.00001
0.00001 0.18925 0.81073 0.00001
0.00001 0.173579 0.826401 0.00001
0.00001 0.15337 0.84661 0.00001
0.00001 0.031859 0.968121 0.00001
0.00001 0.168075 0.831905 0.00001
0.00001 0.00001 0.99997 0.00001
0.00001 0.110293 0.889687 0.00001
0.00001 0.00001 0.99997 0.00001
0.00001 0.008244 0.991736 0.00001
0.00001 0.105019 0.894961 0.00001
0.00001 0.049119 0.950861 0.00001
0.00001 0.161683 0.838297 0.00001
0.00001 0.194216 0.805764 0.00001
0.00001 0.038266 0.961714 0.00001
0.00001 0.094961 0.905019 0.00001
0.00001 0.132825 0.867155 0.00001
0.00001 0.036097 0.963883 0.00001
0.00001 0.13139 0.86859 0.00001
0.00001 0.170854 0.829126 0.00001
0.00001 0.126252 0.873728 0.00001
0.00001 0.102462 0.897518 0.00001
0.00001 0.132254 0.867726 0.00001
0.00001 0.05762 0.94236 0.00001
0.00001 0.13303 0.86695 0.00001
0.00001 0.221591 0.778389 0.00001
0.00001 0.00001 0.99997 0.00001
0.00001 0.238977 0.761003 0.00001
0.00001 0.075115 0.924865 0.00001
0.00001 0.134084 0.865896 0.00001
0.00001 0.171938 0.828042 0.00001
0.00001 0.131083 0.868897 0.00001
0.00001 0.173109 0.826871 0.00001
0.00001 0.206433 0.793547 0.00001
0.00001 0.195467 0.804513 0.00001
