0.00001 0.00001 0.00001 0.99996 0.00001
0.00001 0.00001 0.00001 0.99996 0.00001
0.00001 0.00001 0.00001 0.99996 0.00001
0.00001 0.00001 0.00001 0.99996 0.00001
0.00001 0.99996 0.00001 0.00001 0.00001
0.00001 0.118638 0.00001 0.881332 0.00001
0.345683 0.09391 0.00001 0.560387 0.00001
0.00001 0.00001 0.00001 0.99996 0.00001
0.00001 0.00001 0.00001 0.99996 0.00001
0.00001 0.00001 0.00001 0.99996 0.00001
0.00001 0.99996 0.00001 0.00001 0.00001
0.263594 0.174041 0.00001 0.562345 0.00001
0.00001 0.00001 0.00001 0.99996 0.00001
0.459434 0.043491 0.027596 0.469469 0.00001
0.00001 0.00001 0.00001 0.99996 0.00001
0.00001 0.00001 0.00001 0.99996 0.00001
0.00001 0.00001 0.00001 0.99996 0.00001
0.00001 0.105713 0.00001 0.894257 0.00001
0.00001 0.00001 0.00001 0.99996 0.00001
0.438154 0.081821 0.00001 0.480005 0.00001
0.00001 0.999957 0.000013 0.00001 0.00001
0.518261 0.118947 0.00001 0.362772 0.00001
0.947369 0.052601 0.00001 0.00001 0.00001
0.966593 0.010359 0.023029 0.00001 0.00001
0.700225 0.032775 0.00001 0.266981 0.00001
0.778827 0.012052 0.00001 0.2091 0.00001
0.703182 0.00001 0.025544 0.271254 0.00001
0.72397 0.021077 0.00001 0.254934 0.00001
0.71308 0.04419 0.00001 0.24271 0.00001
0.607927 0.049214 0.00001 0.342839 0.00001
0.655824 0.00001 0.00001 0.344146 0.00001
0.667678 0.016341 0.00001 0.314261 0.00171
0.616669 0.013017 0.021292 0.349012 0.00001
0.742696 0.025456 0.00001 0.231828 0.00001
0.843627 0.001031 0.00001 0.155322 0.00001
0.974041 0.025929 0.00001 0.00001 0.00001
0.785045 0.069561 0.00001 0.145373 0.00001
0.717192 0.047395 0.00001 0.235393 0.00001
0.640615 0.00001 0.00001 0.359355 0.00001
0.843054 0.024168 0.00001 0.132758 0.00001
0.816811 0.012208 0.00001 0.170962 0.00001
0.99996 0.00001 0.00001 0.00001 0.00001
0.804307 0.088021 0.012261 0.095401 0.00001
0.671421 0.031707 0.048385 0.248477 0.00001
0.664276 0.061531 0.00001 0.274173 0.00001
0.740435 0.006009 0.00001 0.253536 0.00001
0.815627 0.00001 0.00001 0.184343 0.00001
0.650724 0.00001 0.00001 0.349246 0.00001
0.774047 0.042155 0.00001 0.183778 0.00001
0.622549 0.073593 0.013673 0.290175 0.00001
0.643017 0.036003 0.00001 0.32096 0.00001
0.738316 0.012027 0.005117 0.24453 0.00001
0.980648 0.019322 0.00001 0.00001 0.00001
0.830644 0.019651 0.00001 0.149685 0.00001
0.951951 0.040182 0.007847 0.00001 0.00001
0.874203 0.100754 0.00001 0.025023 0.00001
0.596194 0.081149 0.01346 0.309187 0.00001
0.848202 0.00001 0.00001 0.151768 0.00001
0.714744 0.011068 0.00001 0.274168 0.00001
0.676099 0.025027 0.024273 0.274591 0.00001
0.99996 0.00001 0.00001 0.00001 0.00001
0.726032 0.017818 0.00001 0.25613 0.00001
0.743842 0.048618 0.00001 0.207521 0.00001
0.684193 0.062533 0.009573 0.243692 0.00001
0.510865 0.061723 0.00001 0.427392 0.00001
0.713457 0.001212 0.00001 0.285311 0.00001
0.774614 0.000017 0.00001 0.225348 0.00001
0.676609 0.03567 0.00001 0.287701 0.00001
0.654827 0.00001 0.00001 0.341738 0.003415
0.733075 0.00001 0.00001 0.266895 0.00001
0.628999 0.000104 0.00001 0.370876 0.00001
0.68734 0.071247 0.003839 0.237564 0.00001
0.763243 0.033474 0.00001 0.203263 0.00001
0.729403 0.05633 0.00001 0.214247 0.00001
0.674649 0.087731 0.00001 0.2376 0.00001
0.686516 0.052693 0.00379 0.256991 0.00001
0.740429 0.00001 0.00001 0.259541 0.00001
0.629685 0.051549 0.00001 0.318746 0.00001
0.667577 0.010839 0.007566 0.314007 0.00001
0.731865 0.030725 0.000011 0.23739 0.00001
0.59712 0.061284 0.076729 0.264857 0.00001
0.730483 0.00001 0.00001 0.269487 0.00001
0.945295 0.054675 0.00001 0.00001 0.00001
0.61511 0.049811 0.00001 0.335059 0.00001
0.766779 0.00001 0.00001 0.233191 0.00001
0.687474 0.013015 0.003812 0.29569 0.00001
0.805455 0.00001 0.00001 0.194515 0.00001
0.839565 0.03751 0.00001 0.122905 0.00001
0.696677 0.020425 0.002302 0.280586 0.00001
0.597634 0.019542 0.00001 0.382804 0.00001
0.756802 0.028011 0.00001 0.215167 0.00001
0.768974 0.043743 0.012527 0.174746 0.00001
0.573406 0.017994 0.00001 0.407771 0.00082
0.965616 0.034354 0.00001 0.00001 0.00001
0.600475 0.022452 0.00001 0.377054 0.00001
0.984793 0.015177 0.00001 0.00001 0.00001
0.79405 0.02113 0.00001 0.184511 0.000299
0.807646 0.021511 0.00001 0.170823 0.00001
0.621259 0.007303 0.00001 0.371418 0.00001
0.961497 0.038473 0.00001 0.00001 0.00001
0.699728 0.025345 0.00001 0.274907 0.00001
0.681459 0.026307 0.00001 0.292213 0.00001
0.830274 0.042804 0.00001 0.126902 0.00001
0.713677 0.00001 0.00001 0.286293 0.00001
0.76991 0.01739 0.002085 0.210605 0.00001
0.875877 0.021984 0.00001 0.102119 0.00001
0.859934 0.098246 0.00001 0.0418 0.00001
0.648211 0.00001 0.00001 0.351759 0.00001
0.704879 0.062742 0.00018 0.232189 0.00001
0.942673 0.057297 0.00001 0.00001 0.00001
0.963587 0.036383 0.00001 0.00001 0.00001
0.790501 0.047644 0.00001 0.161834 0.00001
0.650774 0.015279 0.00001 0.333928 0.00001
0.73722 0.017786 0.00001 0.244974 0.00001
0.742662 0.042991 0.00001 0.214327 0.00001
0.895318 0.040197 0.00001 0.064465 0.00001
0.728673 0.00001 0.00001 0.271297 0.00001
0.750994 0.029863 0.00001 0.219123 0.00001
0.585961 0.011482 0.00001 0.402538 0.00001
0.606441 0.00001 0.003161 0.390377 0.00001
0.640089 0.023865 0.000014 0.336021 0.00001
0.8367 0.023241 0.00001 0.140038 0.00001
0.773511 0.025266 0.00001 0.201203 0.00001
0.772076 0.05092 0.00001 0.176984 0.00001
0.717631 0.00001 0.00001 0.282339 0.00001
0.945761 0.052295 0.00001 0.00001 0.001924
0.965181 0.008707 0.00001 0.026092 0.00001
0.81909 0.044408 0.00001 0.136481 0.00001
0.820669 0.010598 0.001588 0.167135 0.00001
0.757154 0.009592 0.00001 0.233235 0.00001
0.739772 0.0492 0.027834 0.183184 0.00001
0.335219 0.012718 0.388554 0.162236 0.101273
0.342255 0.015176 0.382343 0.171131 0.089095
0.528543 0.00001 0.250898 0.083369 0.13718
0.591907 0.042875 0.165338 0.123918 0.075962
0.633317 0.002251 0.185997 0.133023 0.045412
0.572235 0.00001 0.196315 0.186248 0.045192
0.171226 0.010297 0.528099 0.018722 0.271656
0.3399 0.039278 0.44472 0.088089 0.088013
0.197516 0.017936 0.479422 0.134838 0.170288
0.544518 0.03308 0.178779 0.142872 0.10075
0.639438 0.041408 0.193917 0.119681 0.005557
0.00001 0.09266 0.588205 0.00001 0.319115
0.211934 0.056184 0.641399 0.035907 0.054575
0.117665 0.047205 0.49308 0.055936 0.286113
0.142969 0.013759 0.670596 0.044654 0.128022
0.603572 0.00001 0.174321 0.141083 0.081014
0.538202 0.012793 0.16901 0.223481 0.056515
0.550095 0.025301 0.237038 0.072571 0.114996
0.508274 0.059554 0.273107 0.159054 0.00001
0.5956 0.034977 0.220084 0.149329 0.00001
0.595758 0.040189 0.193617 0.170426 0.00001
0.543864 0.045073 0.112537 0.298516 0.00001
0.627245 0.009072 0.20087 0.00001 0.162804
0.559296 0.00544 0.259356 0.136141 0.039768
0.594189 0.049382 0.356409 0.00001 0.00001
0.454768 0.008264 0.061398 0.268835 0.206735
0.627306 0.00001 0.119266 0.20347 0.049948
0.502086 0.038656 0.202419 0.224869 0.031971
0.607815 0.022881 0.184888 0.184406 0.00001
0.59008 0.048099 0.107902 0.160465 0.093454
0.465744 0.00001 0.247796 0.215631 0.070818
0.63584 0.017188 0.097153 0.176427 0.073393
0.597335 0.004658 0.128711 0.202104 0.067191
0.57499 0.025283 0.049606 0.181954 0.168167
0.563189 0.068525 0.142804 0.156041 0.069441
0.502567 0.00001 0.216273 0.240893 0.040256
0.512023 0.000016 0.203784 0.284167 0.00001
0.639681 0.02225 0.149591 0.139468 0.04901
0.570253 0.023097 0.219022 0.187618 0.00001
0.636065 0.009778 0.145796 0.148432 0.059928
0.425316 0.00001 0.456116 0.118548 0.00001
0.585494 0.019384 0.197747 0.127821 0.069554
0.582647 0.054853 0.108122 0.188144 0.066234
0.619825 0.005103 0.00001 0.292317 0.082744
0.00001 0.00001 0.871067 0.00001 0.128903
0.005084 0.00001 0.813959 0.00001 0.180937
0.00001 0.00001 0.907071 0.00001 0.092899
0.00001 0.00001 0.99996 0.00001 0.00001
0.00001 0.00001 0.89066 0.00001 0.10931
0.00001 0.00001 0.86475 0.00001 0.13522
0.00001 0.00001 0.905869 0.00001 0.094101
0.00001 0.00001 0.868458 0.00001 0.131512
0.00001 0.00001 0.82831 0.00001 0.17166
0.00001 0.00001 0.756214 0.00001 0.243756
0.00001 0.00001 0.99996 0.00001 0.00001
0.00001 0.00001 0.946972 0.00001 0.052998
0.00001 0.00001 0.886759 0.00001 0.113211
0.00001 0.00001 0.921196 0.00001 0.078774
0.00001 0.00001 0.99996 0.00001 0.00001
0.00001 0.00001 0.960634 0.00001 0.039336
0.00001 0.00001 0.875036 0.00001 0.124934
0.00001 0.00001 0.891752 0.00001 0.108218
0.00001 0.021051 0.792962 0.00001 0.185967
0.00001 0.00001 0.820999 0.00001 0.178971
0.00001 0.00001 0.920993 0.00001 0.078977
0.00001 0.00001 0.913819 0.00001 0.086151
0.00001 0.00001 0.795809 0.00001 0.204161
0.00001 0.00001 0.758515 0.00001 0.241455
0.00001 0.00001 0.874481 0.00001 0.125489
0.00001 0.00001 0.871895 0.00001 0.128075
0.00001 0.00001 0.844648 0.00001 0.155322
0.00001 0.00001 0.773345 0.00001 0.226625
0.00001 0.00001 0.88819 0.00001 0.11178
0.00001 0.00001 0.818451 0.00001 0.181519
0.00001 0.00001 0.912804 0.00001 0.087166
0.00675 0.00001 0.871504 0.00001 0.121726
0.00001 0.00001 0.891883 0.00001 0.108087
0.00001 0.00001 0.814931 0.00001 0.185039
0.00001 0.00001 0.942517 0.00001 0.057453
0.00001 0.002827 0.805581 0.00001 0.191573
0.00001 0.00001 0.976139 0.00001 0.023831
0.00001 0.00001 0.985712 0.00001 0.014258
0.00001 0.00001 0.942659 0.00001 0.057311
0.00001 0.00001 0.897064 0.00001 0.102906
0.00001 0.00001 0.770911 0.00001 0.229059
0.00001 0.00001 0.808423 0.00001 0.191547
0.041272 0.00001 0.958698 0.00001 0.00001
0.00001 0.029358 0.970612 0.00001 0.00001
0.00001 0.00001 0.702009 0.00001 0.297961
0.00001 0.00001 0.919409 0.00001 0.080561
0.014574 0.00001 0.76576 0.00001 0.219646
0.00001 0.00001 0.938584 0.029753 0.031643
0.00001 0.00001 0.773807 0.00001 0.226163
0.00001 0.00001 0.741271 0.00001 0.258699
0.00001 0.00001 0.8699 0.00001 0.13007
0.00001 0.00001 0.861094 0.00001 0.138876
0.00001 0.00001 0.959042 0.00001 0.040928
0.00001 0.00001 0.924761 0.00001 0.075209
0.00001 0.00001 0.905402 0.00001 0.094568
0.00001 0.00001 0.873745 0.00001 0.126225
0.00001 0.00001 0.922865 0.00001 0.077105
0.00001 0.00001 0.834091 0.00001 0.165879
0.00001 0.010437 0.849251 0.00001 0.140292
0.00001 0.00001 0.757615 0.00001 0.242355
0.023914 0.00001 0.941257 0.00001 0.034809
0.00001 0.00001 0.975336 0.024634 0.00001
0.00001 0.01335 0.905919 0.00001 0.080711
0.00001 0.00001 0.995365 0.004605 0.00001
0.00001 0.00001 0.99996 0.00001 0.00001
0.00001 0.00001 0.99996 0.00001 0.00001
0.00001 0.00001 0.763345 0.001024 0.235611
0.00001 0.011406 0.864105 0.00001 0.124469
0.00001 0.00001 0.858676 0.00001 0.141294
0.00001 0.00001 0.830497 0.00001 0.169473
0.00001 0.009453 0.818886 0.00001 0.171641
0.00001 0.00001 0.972994 0.00001 0.026976
0.00001 0.00001 0.924999 0.00001 0.074971
0.00001 0.00001 0.878584 0.00001 0.121386
0.00001 0.00001 0.979921 0.00001 0.020049
0.002904 0.00001 0.920412 0.00001 0.076664
0.00001 0.00001 0.929305 0.00001 0.070665
0.00001 0.00001 0.879736 0.00001 0.120234
0.00001 0.00001 0.859358 0.00001 0.140612
0.00001 0.00001 0.956126 0.00001 0.043844
0.00001 0.00001 0.99996 0.00001 0.00001
0.00001 0.00001 0.974766 0.00001 0.025204
0.00001 0.00001 0.864305 0.00001 0.135665
0.00001 0.00001 0.789087 0.00001 0.210883
0.00001 0.00001 0.847432 0.00001 0.152538
0.00001 0.00001 0.852073 0.00001 0.147897
0.00001 0.00001 0.866437 0.00001 0.133533
0.00001 0.00001 0.824948 0.00001 0.175022
0.00001 0.00001 0.840144 0.00001 0.159826
0.00001 0.00001 0.94127 0.00001 0.0587
0.00001 0.00001 0.824527 0.00001 0.175443
0.00001 0.00001 0.820224 0.00001 0.179746
0.00001 0.00001 0.700511 0.00001 0.299459
0.00001 0.00001 0.687366 0.00001 0.312604
0.00001 0.00001 0.703963 0.00001 0.296007
0.00001 0.00001 0.74942 0.00001 0.25055
0.00001 0.00001 0.870453 0.00001 0.129517
0.00001 0.00001 0.803065 0.00001 0.196905
0.00001 0.00001 0.67551 0.00001 0.32446
0.00001 0.00001 0.697537 0.00001 0.302433
0.00001 0.00001 0.682146 0.00001 0.317824
0.00001 0.00001 0.99996 0.00001 0.00001
0.00001 0.00001 0.99996 0.00001 0.00001
0.00001 0.00001 0.846019 0.00001 0.153951
0.00001 0.00001 0.801893 0.00001 0.198077
0.00001 0.00001 0.99996 0.00001 0.00001
0.00001 0.00001 0.865033 0.012264 0.122683
0.00001 0.00001 0.284481 0.00001 0.715489
0.00001 0.00001 0.534333 0.00001 0.465637
0.00001 0.00001 0.532688 0.00001 0.467282
0.00001 0.00001 0.299128 0.00001 0.700842
0.00001 0.00001 0.333583 0.00001 0.666387
0.00001 0.00001 0.57239 0.00001 0.42758
0.00001 0.00001 0.501989 0.00001 0.497981
0.00001 0.00001 0.364241 0.00001 0.635729
0.00001 0.00001 0.234496 0.00001 0.765474
0.00001 0.00001 0.69925 0.00001 0.30072
0.00001 0.00001 0.579894 0.00001 0.420076
0.00001 0.00001 0.359821 0.00001 0.640149
0.00001 0.00001 0.348689 0.00001 0.651281
0.00001 0.00001 0.681931 0.00001 0.318039
0.00001 0.00001 0.433947 0.00001 0.566023
0.00001 0.00001 0.45219 0.00001 0.54778
0.00001 0.00001 0.365549 0.00001 0.634421
0.00001 0.00001 0.362105 0.00001 0.637865
0.00001 0.00001 0.355268 0.00001 0.644702
0.00001 0.00001 0.525273 0.00001 0.474697
0.00001 0.00001 0.689447 0.00001 0.310523
0.00001 0.00001 0.308147 0.00001 0.691823
0.00001 0.00001 0.29083 0.00001 0.70914
0.00001 0.00001 0.292642 0.00001 0.707328
0.00001 0.00001 0.610444 0.00001 0.389526
0.00001 0.00001 0.418282 0.00001 0.581688
0.00001 0.00001 0.522374 0.00001 0.477596
0.00001 0.00001 0.481543 0.00001 0.518427
0.00001 0.00001 0.00001 0.00001 0.99996
0.00001 0.00001 0.03268 0.00001 0.96729
0.00001 0.00001 0.00001 0.00001 0.99996
0.00001 0.00001 0.00001 0.00001 0.99996
0.00001 0.00001 0.00001 0.00001 0.99996
0.00001 0.00001 0.00001 0.00001 0.99996
0.00001 0.00001 0.031452 0.00001 0.968518
0.00001 0.00001 0.058994 0.00001 0.940976
0.00001 0.00001 0.00001 0.00001 0.99996
0.00001 0.00001 0.00001 0.00001 0.99996
0.00001 0.00001 0.00001 0.00001 0.99996
0.00001 0.00001 0.00001 0.00001 0.99996
0.00001 0.00001 0.00001 0.00001 0.99996
0.00001 0.00001 0.00001 0.00001 0.99996
0.00001 0.00001 0.00001 0.00001 0.99996
0.00001 0.00001 0.00001 0.00001 0.99996
0.00001 0.00001 0.060909 0.00001 0.939061
0.00001 0.00001 0.053083 0.00001 0.946887
0.00001 0.00001 0.00001 0.00001 0.99996
0.00001 0.00001 0.00001 0.00001 0.99996
0.00001 0.00001 0.00001 0.00001 0.99996
0.00001 0.00001 0.00001 0.00001 0.99996
0.00001 0.00001 0.110169 0.00001 0.889801
0.00001 0.00001 0.00001 0.00001 0.99996
0.00001 0.00001 0.00001 0.00001 0.99996
0.00001 0.00001 0.19843 0.00001 0.80154
0.00001 0.00001 0.283263 0.00001 0.716707
0.00001 0.00001 0.15131 0.00001 0.84866
0.00001 0.00001 0.05903 0.00001 0.94094
0.00001 0.00001 0.232365 0.00001 0.767605
0.00001 0.00001 0.270667 0.00001 0.729303
0.00001 0.00001 0.144506 0.00001 0.855464
0.00001 0.00001 0.257665 0.00001 0.742305
0.00001 0.00001 0.049648 0.00001 0.950322
0.00001 0.00001 0.182638 0.00001 0.817332
0.00001 0.00001 0.186695 0.00001 0.813275
0.00001 0.00001 0.166628 0.00001 0.833342
0.00001 0.00001 0.08238 0.00001 0.91759
0.00001 0.00001 0.171352 0.00001 0.828618
0.00001 0.00001 0.204356 0.00001 0.795614
0.00001 0.00001 0.222607 0.00001 0.777363
0.00001 0.00001 0.169246 0.00001 0.830724
0.00001 0.00001 0.200656 0.00001 0.799314
0.00001 0.00001 0.142113 0.00001 0.857857
0.00001 0.00001 0.259276 0.00001 0.740694
0.00001 0.00001 0.176155 0.00001 0.823815
0.00001 0.00001 0.160303 0.00001 0.839667
0.00001 0.00001 0.196808 0.00001 0.803162
0.00001 0.00001 0.059544 0.00001 0.940426
0.00001 0.00001 0.182852 0.00001 0.817118
0.00001 0.00001 0.202582 0.00001 0.797388
0.00001 0.00001 0.226085 0.00001 0.773885
0.00001 0.00001 0.140246 0.00001 0.859724
0.00001 0.00001 0.100775 0.00001 0.899195
0.00001 0.00001 0.069326 0.00001 0.930644
0.00001 0.00001 0.19114 0.00001 0.80883
0.00001 0.00001 0.175677 0.00001 0.824293
0.00001 0.00001 0.154351 0.00001 0.845619
0.00001 0.00001 0.034694 0.00001 0.965276
0.00001 0.00001 0.17003 0.00001 0.82994
0.00001 0.00001 0.00001 0.00001 0.99996
0.00001 0.00001 0.111887 0.00001 0.888083
0.00001 0.00001 0.00001 0.00001 0.99996
0.00001 0.00001 0.010957 0.00001 0.989013
0.00001 0.00001 0.10821 0.00001 0.89176
0.00001 0.00001 0.051477 0.00001 0.948493
0.00001 0.00001 0.163701 0.00001 0.836269
0.00001 0.00001 0.196934 0.00001 0.803036
0.00001 0.00001 0.040346 0.00001 0.959624
0.00001 0.00001 0.097344 0.00001 0.902626
0.00001 0.00001 0.13664 0.00001 0.86333
0.00001 0.00001 0.039165 0.00001 0.960805
0.00001 0.00001 0.133923 0.00001 0.866047
0.00001 0.00001 0.173698 0.00001 0.826272
0.00001 0.00001 0.130839 0.00001 0.869131
0.00001 0.00001 0.104614 0.00001 0.895356
0.00001 0.00001 0.134788 0.00001 0.865182
0.00001 0.00001 0.062072 0.00001 0.937898
0.00001 0.00001 0.134365 0.00001 0.865605
0.00001 0.00001 0.224014 0.00001 0.775956
0.00001 0.00001 0.00001 0.00001 0.99996
0.00001 0.00001 0.238884 0.00001 0.761086
0.00001 0.00001 0.076209 0.00001 0.923761
0.00001 0.00001 0.137196 0.00001 0.862774
0.00001 0.00001 0.174605 0.00001 0.825365
0.00001 0.00001 0.132956 0.00001 0.867014
0.00001 0.00001 0.175221 0.00001 0.824749
0.00001 0.00001 0.208542 0.00001 0.791428
0.00001 0.00001 0.19698 0.00001 0.80299
