0.00001 0.99996 0.00001 0.00001 0.00001
0.00001 0.972098 0.027872 0.00001 0.00001
0.00001 0.99996 0.00001 0.00001 0.00001
0.00001 0.99996 0.00001 0.00001 0.00001
0.00001 0.99996 0.00001 0.00001 0.00001
0.00001 0.99996 0.00001 0.00001 0.00001
0.00001 0.99996 0.00001 0.00001 0.00001
0.00001 0.99996 0.00001 0.00001 0.00001
0.00001 0.99996 0.00001 0.00001 0.00001
0.00001 0.99996 0.00001 0.00001 0.00001
0.00001 0.99996 0.00001 0.00001 0.00001
0.000722 0.999248 0.00001 0.00001 0.00001
0.00001 0.99996 0.00001 0.00001 0.00001
0.00001 0.968407 0.00001 0.031563 0.00001
0.00001 0.99996 0.00001 0.00001 0.00001
0.00001 0.99996 0.00001 0.00001 0.00001
0.00001 0.99996 0.00001 0.00001 0.00001
0.00001 0.99996 0.00001 0.00001 0.00001
0.00001 0.99996 0.00001 0.00001 0.00001
0.00001 0.99996 0.00001 0.00001 0.00001
0.00001 0.99996 0.00001 0.00001 0.00001
0.00001 0.993411 0.006559 0.00001 0.00001
0.00001 0.99996 0.00001 0.00001 0.00001
0.00001 0.94891 0.047015 0.004056 0.00001
0.00001 0.989642 0.010328 0.00001 0.00001
0.00001 0.99996 0.00001 0.00001 0.00001
0.00001 0.96943 0.00001 0.03054 0.00001
0.004369 0.991294 0.004317 0.00001 0.00001
0.00001 0.996614 0.00001 0.003356 0.00001
0.00001 0.99996 0.00001 0.00001 0.00001
0.00001 0.99996 0.00001 0.00001 0.00001
0.00001 0.978349 0.021621 0.00001 0.00001
0.019936 0.965547 0.014497 0.00001 0.00001
0.00001 0.99996 0.00001 0.00001 0.00001
0.00001 0.99996 0.00001 0.00001 0.00001
0.00001 0.99996 0.00001 0.00001 0.00001
0.011442 0.988528 0.00001 0.00001 0.00001
0.00001 0.978057 0.021913 0.00001 0.00001
0.00001 0.985153 0.014817 0.00001 0.00001
0.00001 0.995265 0.00001 0.00001 0.004705
0.00001 0.963761 0.036209 0.00001 0.00001
0.00001 0.99996 0.00001 0.00001 0.00001
0.00001 0.953795 0.046175 0.00001 0.00001
0.00001 0.948634 0.00001 0.051336 0.00001
0.011942 0.988028 0.00001 0.00001 0.00001
0.00001 0.99996 0.00001 0.00001 0.00001
0.00001 0.99996 0.00001 0.00001 0.00001
0.00001 0.99996 0.00001 0.00001 0.00001
0.00001 0.99996 0.00001 0.00001 0.00001
0.00001 0.951843 0.048127 0.00001 0.00001
0.008498 0.991472 0.00001 0.00001 0.00001
0.00001 0.968304 0.031666 0.00001 0.00001
0.00001 0.99996 0.00001 0.00001 0.00001
0.00001 0.99996 0.00001 0.00001 0.00001
0.017312 0.982658 0.00001 0.00001 0.00001
0.00001 0.990636 0.009334 0.00001 0.00001
0.00001 0.966684 0.033216 0.000081 0.00001
0.00001 0.977064 0.022906 0.00001 0.00001
0.00001 0.99996 0.00001 0.00001 0.00001
0.00001 0.971463 0.00001 0.028507 0.00001
0.00001 0.99996 0.00001 0.00001 0.00001
0.00001 0.99996 0.00001 0.00001 0.00001
0.00001 0.99996 0.00001 0.00001 0.00001
0.00001 0.986137 0.00001 0.013833 0.00001
0.00001 0.99996 0.00001 0.00001 0.00001
0.00001 0.99996 0.00001 0.00001 0.00001
0.00001 0.99996 0.00001 0.00001 0.00001
0.00001 0.99996 0.00001 0.00001 0.00001
0.00001 0.991018 0.00001 0.00001 0.008952
0.00001 0.99996 0.00001 0.00001 0.00001
0.00001 0.99996 0.00001 0.00001 0.00001
0.00001 0.990601 0.00001 0.009369 0.00001
0.00001 0.99996 0.00001 0.00001 0.00001
0.00001 0.99996 0.00001 0.00001 0.00001
0.00001 0.99996 0.00001 0.00001 0.00001
0.00001 0.950623 0.049347 0.00001 0.00001
0.00001 0.99996 0.00001 0.00001 0.00001
0.00001 0.99996 0.00001 0.00001 0.00001
0.00001 0.987196 0.00001 0.012774 0.00001
0.00001 0.99938 0.00001 0.00059 0.00001
0.00001 0.875601 0.108759 0.01562 0.00001
0.00001 0.998121 0.001849 0.00001 0.00001
0.00001 0.99996 0.00001 0.00001 0.00001
0.00001 0.99996 0.00001 0.00001 0.00001
0.00001 0.981239 0.018731 0.00001 0.00001
0.00001 0.993353 0.00001 0.006617 0.00001
0.00001 0.99996 0.00001 0.00001 0.00001
0.00001 0.99996 0.00001 0.00001 0.00001
0.00001 0.956681 0.043289 0.00001 0.00001
0.000011 0.982896 0.017073 0.00001 0.00001
0.00001 0.99996 0.00001 0.00001 0.00001
0.009104 0.964862 0.026014 0.00001 0.00001
0.00001 0.967701 0.032269 0.00001 0.00001
0.00001 0.99996 0.00001 0.00001 0.00001
0.00001 0.99996 0.00001 0.00001 0.00001
0.005653 0.994317 0.00001 0.00001 0.00001
0.00001 0.993836 0.00149 0.00001 0.004653
0.00001 0.99996 0.00001 0.00001 0.00001
0.00001 0.99996 0.00001 0.00001 0.00001
0.00001 0.99996 0.00001 0.00001 0.00001
0.00001 0.98033 0.01964 0.00001 0.00001
0.00001 0.99996 0.00001 0.00001 0.00001
0.008135 0.991835 0.00001 0.00001 0.00001
0.0056 0.99437 0.00001 0.00001 0.00001
0.00001 0.969102 0.030868 0.00001 0.00001
0.00001 0.99996 0.00001 0.00001 0.00001
0.00001 0.985929 0.014041 0.00001 0.00001
0.00001 0.998098 0.00001 0.001872 0.00001
0.00001 0.995593 0.00001 0.004377 0.00001
0.00001 0.99996 0.00001 0.00001 0.00001
0.00001 0.99996 0.00001 0.00001 0.00001
0.00001 0.99996 0.00001 0.00001 0.00001
0.00001 0.999349 0.000621 0.00001 0.00001
0.00001 0.99996 0.00001 0.00001 0.00001
0.00001 0.99996 0.00001 0.00001 0.00001
0.00001 0.99996 0.00001 0.00001 0.00001
0.00001 0.973547 0.026423 0.00001 0.00001
0.00001 0.99996 0.00001 0.00001 0.00001
0.00001 0.99996 0.00001 0.00001 0.00001
0.00001 0.993101 0.00001 0.006869 0.00001
0.00001 0.997913 0.002057 0.00001 0.00001
0.00001 0.99996 0.00001 0.00001 0.00001
0.00001 0.99996 0.00001 0.00001 0.00001
0.00001 0.99996 0.00001 0.00001 0.00001
0.00001 0.99996 0.00001 0.00001 0.00001
0.00001 0.987911 0.00001 0.00001 0.012059
0.00001 0.96258 0.03739 0.00001 0.00001
0.00001 0.99996 0.00001 0.00001 0.00001
0.00001 0.980312 0.019658 0.00001 0.00001
0.00001 0.99996 0.00001 0.00001 0.00001
0.00001 0.949544 0.04058 0.009856 0.00001
0.00001 0.00001 0.99996 0.00001 0.00001
0.00001 0.47854 0.095903 0.328536 0.09701
0.057988 0.59632 0.027083 0.206783 0.111826
0.079842 0.724337 0.06184 0.123819 0.010162
0.027089 0.738658 0.05513 0.136653 0.042471
0.00001 0.715795 0.080654 0.158275 0.045265
0.091071 0.200258 0.00001 0.48725 0.221411
0.00001 0.00001 0.99996 0.00001 0.00001
0.092853 0.23685 0.207068 0.350367 0.112863
0.00001 0.701492 0.035463 0.142098 0.120937
0.00001 0.751629 0.099789 0.115664 0.032908
0.061606 0.00001 0.16134 0.485445 0.291599
0.00001 0.269937 0.064952 0.577711 0.087391
0.073521 0.140933 0.138201 0.398495 0.248851
0.135675 0.083016 0.190339 0.585796 0.005173
0.00001 0.686423 0.113984 0.115213 0.084371
0.00001 0.752299 0.040172 0.143225 0.064294
0.08031 0.628507 0.033017 0.214659 0.043507
0.068746 0.668014 0.118815 0.144414 0.00001
0.037254 0.7526 0.050207 0.159929 0.00001
0.034277 0.772777 0.063004 0.129931 0.00001
0.025051 0.866943 0.037022 0.070973 0.00001
0.044064 0.614589 0.03835 0.174018 0.128978
0.049014 0.666527 0.064446 0.204362 0.015651
0.017912 0.603093 0.075999 0.302987 0.00001
0.005076 0.730194 0.00001 0.068444 0.196276
0.036494 0.818052 0.019815 0.101681 0.023958
0.00001 0.763448 0.00001 0.192977 0.043555
0.028344 0.800531 0.025369 0.145747 0.00001
0.00162 0.788729 0.015107 0.090598 0.103945
0.070725 0.655013 0.049094 0.208937 0.016231
0.000731 0.815296 0.024352 0.083356 0.076265
0.00001 0.773577 0.059816 0.083434 0.083163
0.001922 0.729272 0.11042 0.00001 0.158377
0.093297 0.785721 0.00001 0.120962 0.00001
0.023142 0.740823 0.00001 0.224169 0.011856
0.00329 0.776596 0.035614 0.18449 0.00001
0.00001 0.770974 0.056403 0.128844 0.043769
0.00001 0.763509 0.030095 0.206376 0.00001
0.048163 0.768014 0.049815 0.10129 0.032718
0.047274 0.515699 0.051749 0.385268 0.00001
0.00001 0.686629 0.087716 0.167466 0.058178
0.00001 0.822623 0.00001 0.102762 0.074595
0.053944 0.887898 0.058138 0.00001 0.00001
0.081302 0.00001 0.040261 0.757922 0.120505
0.036106 0.003912 0.00001 0.761326 0.198646
0.00001 0.00001 0.00001 0.858774 0.141196
0.088107 0.00001 0.00001 0.911863 0.00001
0.127322 0.00001 0.00001 0.82176 0.050898
0.125251 0.00001 0.00001 0.815843 0.058886
0.00001 0.00001 0.00001 0.85808 0.14189
0.065093 0.00001 0.00001 0.82442 0.110468
0.080357 0.00001 0.00001 0.760361 0.159262
0.069385 0.00001 0.00001 0.70639 0.224204
0.006803 0.00001 0.00001 0.993167 0.00001
0.040804 0.00001 0.00001 0.882176 0.077
0.000012 0.00001 0.00001 0.860815 0.139153
0.058968 0.00001 0.00001 0.862143 0.078869
0.00001 0.00001 0.00001 0.961292 0.038678
0.00001 0.00001 0.00001 0.935381 0.064589
0.175805 0.00001 0.00001 0.775067 0.049109
0.00001 0.00001 0.00001 0.821459 0.178511
0.075627 0.019242 0.00001 0.738823 0.166298
0.094568 0.00001 0.00001 0.767015 0.138397
0.00001 0.00001 0.00001 0.855656 0.144314
0.131054 0.00001 0.00001 0.837458 0.031468
0.037756 0.00001 0.00001 0.743767 0.218457
0.089793 0.00001 0.00001 0.710229 0.199958
0.076302 0.00001 0.021952 0.767557 0.134179
0.248634 0.00001 0.00001 0.751336 0.00001
0.208769 0.00001 0.00001 0.786117 0.005095
0.039694 0.00001 0.00001 0.727738 0.232549
0.078191 0.00001 0.00001 0.836895 0.084895
0.117193 0.00001 0.00001 0.754087 0.128701
0.068743 0.00001 0.017955 0.812538 0.100754
0.003013 0.00001 0.035638 0.763918 0.197421
0.14111 0.00001 0.00001 0.820619 0.038252
0.060527 0.00001 0.00001 0.744184 0.195269
0.100116 0.00001 0.00001 0.864883 0.034981
0.04703 0.00001 0.00001 0.762838 0.190112
0.00001 0.00001 0.00001 0.921629 0.078341
0.095656 0.00001 0.00001 0.904314 0.00001
0.097078 0.00001 0.00001 0.870218 0.032683
0.00001 0.00001 0.00001 0.86288 0.13709
0.063165 0.00001 0.00001 0.714204 0.222612
0.038346 0.00001 0.005507 0.739925 0.216212
0.019823 0.00001 0.064204 0.915953 0.00001
0.017171 0.00001 0.072399 0.86995 0.04047
0.13778 0.00001 0.00001 0.636042 0.226157
0.00001 0.00001 0.00001 0.852175 0.147795
0.163916 0.00001 0.044232 0.652931 0.138911
0.12183 0.00001 0.052343 0.825807 0.00001
0.027682 0.00001 0.00001 0.719791 0.252507
0.101515 0.00001 0.00001 0.679683 0.218782
0.00001 0.00001 0.00001 0.816746 0.183224
0.00001 0.00001 0.00001 0.81317 0.1868
0.10664 0.00001 0.00001 0.89333 0.00001
0.00001 0.00001 0.00001 0.880364 0.119606
0.044757 0.00001 0.00001 0.859413 0.09581
0.072933 0.00001 0.00001 0.820062 0.106986
0.071379 0.00001 0.00001 0.848621 0.079979
0.00001 0.00001 0.00001 0.797906 0.202064
0.134262 0.003267 0.00001 0.794684 0.067777
0.00001 0.00001 0.00001 0.707517 0.292453
0.160023 0.00001 0.045693 0.794264 0.00001
0.114947 0.02534 0.00001 0.859693 0.00001
0.00001 0.00001 0.033076 0.81386 0.153043
0.12726 0.000059 0.00001 0.872661 0.00001
0.039662 0.00001 0.00001 0.960308 0.00001
0.011853 0.00001 0.00001 0.988117 0.00001
0.064586 0.00001 0.02726 0.677024 0.231121
0.064965 0.005101 0.00001 0.813355 0.116569
0.07958 0.00001 0.00001 0.781347 0.139053
0.068709 0.00001 0.00001 0.763278 0.167993
0.030775 0.00001 0.037064 0.722504 0.209647
0.114355 0.00001 0.00001 0.885615 0.00001
0.007707 0.00001 0.00001 0.880413 0.11186
0.073256 0.00001 0.00001 0.821983 0.104741
0.066737 0.00001 0.00001 0.90744 0.025803
0.055492 0.001871 0.00001 0.854041 0.088585
0.046073 0.00001 0.00001 0.866287 0.087619
0.097196 0.00001 0.00001 0.815312 0.087473
0.027325 0.00001 0.00001 0.811105 0.16155
0.00001 0.00001 0.00001 0.909852 0.090118
0.00001 0.00001 0.00001 0.95454 0.04543
0.093312 0.00001 0.020779 0.859436 0.026463
0.039484 0.00001 0.00001 0.79482 0.165676
0.053719 0.00001 0.00001 0.741034 0.205227
0.00001 0.00001 0.00001 0.799787 0.200183
0.079967 0.00001 0.00001 0.796322 0.123691
0.078448 0.00001 0.00001 0.798571 0.122961
0.032377 0.00001 0.00001 0.781108 0.186496
0.127912 0.000016 0.00001 0.780083 0.091979
0.138071 0.00001 0.00001 0.861899 0.00001
0.00001 0.00001 0.00001 0.78538 0.21459
0.048285 0.00001 0.00001 0.761085 0.19061
0.147725 0.00001 0.00001 0.639881 0.212373
0.166493 0.00001 0.00001 0.60636 0.227127
0.00001 0.00001 0.00001 0.662966 0.337004
0.141243 0.00001 0.00001 0.665211 0.193526
0.06395 0.00001 0.00001 0.814561 0.121469
0.077085 0.00001 0.00001 0.731784 0.191111
0.077154 0.00001 0.00001 0.633271 0.289555
0.00001 0.00001 0.00001 0.658931 0.341039
0.109361 0.00001 0.00001 0.635324 0.255295
0.138094 0.00001 0.009457 0.852429 0.00001
0.00001 0.00001 0.00001 0.959822 0.040148
0.07983 0.00001 0.00001 0.78665 0.1335
0.00001 0.00001 0.00001 0.772786 0.227184
0.00001 0.00001 0.021826 0.907739 0.070415
0.095371 0.00001 0.045603 0.751862 0.107155
0.151995 0.00001 0.00001 0.261843 0.586143
0.116937 0.00001 0.00001 0.479159 0.403884
0.016875 0.00001 0.00001 0.500241 0.482864
0.05426 0.00001 0.00001 0.262983 0.682737
0.154067 0.00001 0.00001 0.299727 0.546186
0.095594 0.00001 0.00001 0.518654 0.385732
0.00001 0.00001 0.00001 0.465545 0.534425
0.062917 0.00001 0.00001 0.340397 0.596667
0.087106 0.00001 0.00001 0.205951 0.706923
0.153391 0.00001 0.00001 0.615898 0.230691
0.179766 0.00001 0.00001 0.514208 0.306006
0.00001 0.00001 0.00001 0.332605 0.667365
0.100114 0.00001 0.00001 0.306712 0.593154
0.073369 0.00001 0.00001 0.635619 0.290992
0.007719 0.00001 0.00001 0.400589 0.591672
0.095873 0.00001 0.00001 0.406512 0.497595
0.051822 0.00001 0.00001 0.34455 0.603608
0.136233 0.00001 0.00001 0.324341 0.539406
0.00001 0.00001 0.00001 0.334452 0.665518
0.00001 0.00001 0.00001 0.481009 0.518961
0.115809 0.00001 0.00001 0.632039 0.252132
0.014472 0.00001 0.00001 0.299991 0.685517
0.104994 0.00001 0.00001 0.258887 0.636099
0.100597 0.00001 0.00001 0.269637 0.629746
0.99996 0.00001 0.00001 0.00001 0.00001
0.186529 0.00001 0.00001 0.37809 0.435361
0.050791 0.00001 0.00001 0.483567 0.465622
0.097736 0.00001 0.00001 0.436485 0.465759
0.00001 0.00001 0.00001 0.00001 0.99996
0.056901 0.00001 0.00001 0.019792 0.923287
0.00001 0.00001 0.00001 0.00001 0.99996
0.00001 0.00001 0.00001 0.00001 0.99996
0.00001 0.00001 0.00001 0.00001 0.99996
0.08817 0.00001 0.00001 0.00001 0.9118
0.036412 0.00001 0.00001 0.011401 0.952167
0.054168 0.00001 0.00001 0.058383 0.887429
0.00001 0.00001 0.00001 0.00001 0.99996
0.00001 0.00001 0.00001 0.00001 0.99996
0.00001 0.00001 0.00001 0.00001 0.99996
0.045968 0.00001 0.00001 0.00001 0.954002
0.03903 0.00001 0.00001 0.00001 0.96094
0.00001 0.00001 0.00001 0.00001 0.99996
0.00001 0.00001 0.00001 0.00001 0.99996
0.00001 0.00001 0.00001 0.00001 0.99996
0.00001 0.00001 0.00001 0.023252 0.976718
0.07687 0.00001 0.00001 0.034378 0.888732
0.00001 0.00001 0.00001 0.00001 0.99996
0.01083 0.00001 0.00001 0.00001 0.98914
0.089025 0.00001 0.00001 0.00001 0.910945
0.00001 0.00001 0.00001 0.00001 0.99996
0.00001 0.00001 0.00001 0.098476 0.901494
0.00001 0.00001 0.00001 0.00001 0.99996
0.00001 0.00001 0.00001 0.00001 0.99996
0.00001 0.00001 0.00001 0.180098 0.819872
0.044197 0.00001 0.00001 0.262287 0.693496
0.145237 0.00001 0.00001 0.085993 0.76875
0.00001 0.00001 0.00001 0.03444 0.96553
0.00001 0.00001 0.00001 0.223323 0.776647
0.029684 0.00001 0.00001 0.253449 0.716847
0.160636 0.00001 0.00001 0.108496 0.730848
0.00001 0.00001 0.00001 0.243598 0.756372
0.077836 0.00001 0.00001 0.041788 0.880356
0.055475 0.00001 0.00001 0.179142 0.765363
0.010049 0.00001 0.00001 0.156058 0.833873
0.176526 0.00001 0.00001 0.147145 0.676309
0.11273 0.00001 0.00001 0.077961 0.809289
0.072411 0.00001 0.00001 0.151193 0.776376
0.00001 0.00001 0.00001 0.190197 0.809773
0.054606 0.00001 0.00001 0.2119 0.733474
0.040123 0.00001 0.00001 0.138977 0.82088
0.066664 0.00001 0.00001 0.173147 0.76017
0.072477 0.00001 0.00001 0.129212 0.798291
0.070486 0.00001 0.00001 0.222666 0.706827
0.005015 0.00001 0.00001 0.166562 0.828402
0.007421 0.00001 0.00001 0.154946 0.837613
0.040593 0.00001 0.00001 0.167526 0.791861
0.132665 0.00001 0.00001 0.035992 0.831322
0.090998 0.00001 0.00001 0.153933 0.755049
0.072929 0.00001 0.00001 0.182041 0.74501
0.061603 0.00001 0.00001 0.204246 0.734131
0.073402 0.00001 0.00001 0.12878 0.797799
0.155321 0.00001 0.00001 0.0751 0.769559
0.176089 0.00001 0.00001 0.046545 0.777346
0.072936 0.00001 0.00001 0.165318 0.761726
0.071159 0.00001 0.00001 0.175259 0.753562
0.10262 0.00001 0.00001 0.117663 0.779697
0.164735 0.00001 0.00001 0.009863 0.825382
0.133181 0.00001 0.00001 0.137897 0.728902
0.99996 0.00001 0.00001 0.00001 0.00001
0.177305 0.00001 0.00001 0.072948 0.749727
0.99996 0.00001 0.00001 0.00001 0.00001
0.059157 0.00001 0.00001 0.014444 0.926379
0.039097 0.00001 0.00001 0.093166 0.867717
0.140628 0.00001 0.00001 0.042189 0.817163
0.061324 0.00001 0.00001 0.162139 0.776517
0.051215 0.00001 0.00001 0.179082 0.769683
0.147802 0.00001 0.00001 0.028825 0.823353
0.181467 0.00001 0.00001 0.080288 0.738225
0.166066 0.00001 0.00001 0.116062 0.717852
0.098833 0.00001 0.00001 0.029925 0.871222
0.99996 0.00001 0.00001 0.00001 0.00001
0.091713 0.00001 0.00001 0.163286 0.744982
0.077713 0.00001 0.00001 0.128098 0.79417
0.075291 0.00001 0.00001 0.084594 0.840095
0.122203 0.00001 0.00001 0.124704 0.753073
0.157385 0.00001 0.00001 0.041236 0.801359
0.083465 0.00001 0.00001 0.123796 0.792719
0.073686 0.00001 0.00001 0.217407 0.708887
0.059562 0.00001 0.00001 0.00001 0.940408
0.082914 0.00001 0.00001 0.207883 0.709183
0.173589 0.00001 0.00001 0.065118 0.761274
0.005283 0.00001 0.00001 0.106228 0.888469
0.052362 0.00001 0.00001 0.171759 0.775859
0.133628 0.00001 0.00001 0.11425 0.752102
0.010407 0.00001 0.00001 0.156923 0.832649
0.042632 0.00001 0.00001 0.185867 0.771481
0.00001 0.00001 0.00001 0.168613 0.831357
