0.00001 0.99996 0.00001 0.00001 0.00001
0.00001 0.99996 0.00001 0.00001 0.00001
0.00001 0.99996 0.00001 0.00001 0.00001
0.00001 0.99996 0.00001 0.00001 0.00001
0.00001 0.99996 0.00001 0.00001 0.00001
0.00001 0.99996 0.00001 0.00001 0.00001
0.350765 0.649205 0.00001 0.00001 0.00001
0.326484 0.673486 0.00001 0.00001 0.00001
0.00001 0.99996 0.00001 0.00001 0.00001
0.00001 0.99996 0.00001 0.00001 0.00001
0.00001 0.99996 0.00001 0.00001 0.00001
0.00001 0.99996 0.00001 0.00001 0.00001
0.28305 0.71692 0.00001 0.00001 0.00001
0.489222 0.483245 0.00001 0.027513 0.00001
0.00001 0.99996 0.00001 0.00001 0.00001
0.00001 0.99996 0.00001 0.00001 0.00001
0.00001 0.99996 0.00001 0.00001 0.00001
0.00001 0.99996 0.00001 0.00001 0.00001
0.00001 0.99996 0.00001 0.00001 0.00001
0.46385 0.53612 0.00001 0.00001 0.00001
0.00001 0.99996 0.00001 0.00001 0.00001
0.496136 0.503834 0.00001 0.00001 0.00001
0.99996 0.00001 0.00001 0.00001 0.00001
0.975059 0.00001 0.00001 0.024911 0.00001
0.72865 0.27132 0.00001 0.00001 0.00001
0.818879 0.181091 0.00001 0.00001 0.00001
0.767356 0.205993 0.00001 0.026631 0.00001
0.754399 0.245571 0.00001 0.00001 0.00001
0.767847 0.231657 0.00001 0.000476 0.00001
0.629824 0.370146 0.00001 0.00001 0.00001
0.727385 0.272585 0.00001 0.00001 0.00001
0.729515 0.268406 0.00001 0.00001 0.002059
0.65718 0.319628 0.00001 0.023172 0.00001
0.784898 0.215072 0.00001 0.00001 0.00001
0.918221 0.081749 0.00001 0.00001 0.00001
0.99996 0.00001 0.00001 0.00001 0.00001
0.81004 0.18993 0.00001 0.00001 0.00001
0.742226 0.257744 0.00001 0.00001 0.00001
0.702957 0.297013 0.00001 0.00001 0.00001
0.893638 0.103858 0.002484 0.00001 0.00001
0.886921 0.113049 0.00001 0.00001 0.00001
0.99996 0.00001 0.00001 0.00001 0.00001
0.789004 0.193128 0.00001 0.017848 0.00001
0.711267 0.238884 0.00001 0.049828 0.00001
0.691551 0.308419 0.00001 0.00001 0.00001
0.800239 0.199731 0.00001 0.00001 0.00001
0.882406 0.117564 0.00001 0.00001 0.00001
0.726757 0.273213 0.00001 0.00001 0.00001
0.823274 0.176696 0.00001 0.00001 0.00001
0.647194 0.336806 0.00001 0.01598 0.00001
0.686497 0.313473 0.00001 0.00001 0.00001
0.775302 0.218401 0.00001 0.006277 0.00001
0.99996 0.00001 0.00001 0.00001 0.00001
0.85777 0.1422 0.00001 0.00001 0.00001
0.990456 0.00001 0.00001 0.009514 0.00001
0.804548 0.195422 0.00001 0.00001 0.00001
0.606023 0.376842 0.00001 0.017114 0.00001
0.927392 0.072575 0.00001 0.000013 0.00001
0.763759 0.236211 0.00001 0.00001 0.00001
0.725269 0.2511 0.023611 0.00001 0.00001
0.99996 0.00001 0.00001 0.00001 0.00001
0.765634 0.234336 0.00001 0.00001 0.00001
0.782539 0.217431 0.00001 0.00001 0.00001
0.704605 0.282205 0.01317 0.00001 0.00001
0.531245 0.468725 0.00001 0.00001 0.00001
0.755233 0.244737 0.00001 0.00001 0.00001
0.836487 0.163483 0.00001 0.00001 0.00001
0.741976 0.257994 0.00001 0.00001 0.00001
0.749386 0.2456 0.004995 0.00001 0.00001
0.80271 0.19726 0.00001 0.00001 0.00001
0.694145 0.305825 0.00001 0.00001 0.00001
0.723549 0.270017 0.00001 0.006413 0.00001
0.814208 0.185762 0.00001 0.00001 0.00001
0.75412 0.24585 0.00001 0.00001 0.00001
0.677135 0.322835 0.00001 0.00001 0.00001
0.713349 0.281211 0.00001 0.00001 0.00542
0.773067 0.226903 0.00001 0.00001 0.00001
0.654447 0.345523 0.00001 0.00001 0.00001
0.716349 0.273693 0.009938 0.00001 0.00001
0.771362 0.228608 0.00001 0.00001 0.00001
0.601224 0.321293 0.010256 0.067217 0.00001
0.798563 0.201407 0.00001 0.00001 0.00001
0.96569 0.03428 0.00001 0.00001 0.00001
0.628929 0.371041 0.00001 0.00001 0.00001
0.816617 0.183353 0.00001 0.00001 0.00001
0.732383 0.263375 0.00001 0.004222 0.00001
0.862758 0.137212 0.00001 0.00001 0.00001
0.850469 0.149501 0.00001 0.00001 0.00001
0.727907 0.267904 0.00001 0.00001 0.004169
0.642196 0.357774 0.00001 0.00001 0.00001
0.788973 0.210997 0.00001 0.00001 0.00001
0.78195 0.203495 0.014536 0.00001 0.00001
0.607228 0.390876 0.00001 0.00001 0.001877
0.99996 0.00001 0.00001 0.00001 0.00001
0.628712 0.371258 0.00001 0.00001 0.00001
0.99996 0.00001 0.00001 0.00001 0.00001
0.843625 0.154397 0.001958 0.00001 0.00001
0.858663 0.141307 0.00001 0.00001 0.00001
0.669004 0.330966 0.00001 0.00001 0.00001
0.99996 0.00001 0.00001 0.00001 0.00001
0.731293 0.268677 0.00001 0.00001 0.00001
0.690245 0.309725 0.00001 0.00001 0.00001
0.862862 0.135742 0.001375 0.00001 0.00001
0.745831 0.254139 0.00001 0.00001 0.00001
0.821876 0.174967 0.00001 0.003137 0.00001
0.896359 0.103611 0.00001 0.00001 0.00001
0.833704 0.166266 0.00001 0.00001 0.00001
0.696915 0.303055 0.00001 0.00001 0.00001
0.714627 0.284222 0.00001 0.001131 0.00001
0.99996 0.00001 0.00001 0.00001 0.00001
0.99996 0.00001 0.00001 0.00001 0.00001
0.816826 0.183144 0.00001 0.00001 0.00001
0.693002 0.306968 0.00001 0.00001 0.00001
0.770231 0.229739 0.00001 0.00001 0.00001
0.758954 0.241016 0.00001 0.00001 0.00001
0.91752 0.08245 0.00001 0.00001 0.00001
0.793998 0.205972 0.00001 0.00001 0.00001
0.788574 0.211396 0.00001 0.00001 0.00001
0.638789 0.361181 0.00001 0.00001 0.00001
0.671889 0.323715 0.00001 0.004375 0.00001
0.673934 0.326036 0.00001 0.00001 0.00001
0.882312 0.117658 0.00001 0.00001 0.00001
0.797267 0.202702 0.000011 0.00001 0.00001
0.799191 0.200779 0.00001 0.00001 0.00001
0.753184 0.246786 0.00001 0.00001 0.00001
0.953837 0.039189 0.00001 0.00001 0.006954
0.99996 0.00001 0.00001 0.00001 0.00001
0.871806 0.128164 0.00001 0.00001 0.00001
0.999533 0.00001 0.00001 0.000437 0.00001
0.790758 0.209212 0.00001 0.00001 0.00001
0.770143 0.19986 0.029978 0.00001 0.00001
0.362009 0.147454 0.044997 0.328168 0.117372
0.371346 0.156502 0.107336 0.350382 0.014435
0.556125 0.055729 0.00001 0.176372 0.211764
0.626682 0.130478 0.092694 0.150136 0.00001
0.727275 0.040866 0.082514 0.149334 0.00001
0.625442 0.131987 0.068834 0.173727 0.00001
0.170565 0.027644 0.269289 0.49848 0.034021
0.349877 0.11691 0.00001 0.300405 0.232797
0.200499 0.150188 0.00001 0.342031 0.307271
0.558513 0.162551 0.00001 0.104308 0.174618
0.640879 0.159725 0.00001 0.129011 0.070375
0.101308 0.00001 0.082542 0.455052 0.361088
0.183166 0.119253 0.124538 0.557256 0.015787
0.117269 0.103449 0.00001 0.344408 0.434864
0.149202 0.051307 0.107948 0.570816 0.120726
0.654916 0.090597 0.00001 0.106234 0.148243
0.575271 0.198209 0.081016 0.145495 0.00001
0.541203 0.105533 0.090723 0.214788 0.047753
0.523265 0.202497 0.028003 0.246225 0.00001
0.587586 0.191804 0.00001 0.17819 0.04241
0.628037 0.177249 0.038436 0.156268 0.00001
0.582089 0.30454 0.00001 0.113352 0.00001
0.635814 0.00001 0.049024 0.162397 0.152755
0.59923 0.10168 0.00001 0.178698 0.120382
0.614028 0.028123 0.052325 0.305515 0.00001
0.489472 0.242353 0.08659 0.041677 0.139907
0.672234 0.157525 0.066178 0.104054 0.00001
0.531649 0.233928 0.014676 0.162296 0.057451
0.63221 0.182472 0.031868 0.15344 0.00001
0.592495 0.205676 0.00001 0.050183 0.151636
0.526101 0.154137 0.092019 0.227734 0.00001
0.660867 0.168061 0.031669 0.081992 0.057411
0.648229 0.156421 0.00001 0.042027 0.153314
0.6046 0.176575 0.110779 0.057765 0.05028
0.559608 0.227561 0.077003 0.135818 0.00001
0.573264 0.169653 0.039996 0.184564 0.032523
0.539817 0.25594 0.03982 0.164413 0.00001
0.711782 0.089984 0.00001 0.083896 0.114327
0.599329 0.180628 0.005896 0.214136 0.00001
0.684977 0.109417 0.00001 0.110244 0.095351
0.479046 0.063979 0.064868 0.392096 0.00001
0.608263 0.123576 0.096226 0.171925 0.00001
0.608299 0.21762 0.067182 0.106889 0.00001
0.665848 0.251609 0.082523 0.00001 0.00001
0.00001 0.00001 0.141358 0.74162 0.117001
0.002714 0.00001 0.118838 0.678378 0.20006
0.00001 0.00001 0.217439 0.782531 0.00001
0.00001 0.00001 0.140568 0.859402 0.00001
0.00001 0.00001 0.192035 0.802879 0.005067
0.00001 0.00001 0.143266 0.74062 0.116094
0.00001 0.00001 0.038721 0.75069 0.210569
0.00001 0.00001 0.15832 0.729456 0.112204
0.00001 0.00001 0.142014 0.693024 0.164942
0.00001 0.00001 0.055707 0.597304 0.346969
0.00001 0.00001 0.00001 0.927496 0.072474
0.00001 0.00001 0.194649 0.805321 0.00001
0.00001 0.00001 0.048674 0.731027 0.220279
0.00001 0.00001 0.00001 0.747072 0.252898
0.00001 0.00001 0.00001 0.826392 0.173578
0.00001 0.00001 0.167459 0.832511 0.00001
0.00001 0.00001 0.22813 0.77184 0.00001
0.00001 0.00001 0.001476 0.731405 0.267099
0.00001 0.023003 0.1226 0.642195 0.212191
0.00001 0.00001 0.219288 0.715065 0.065627
0.00001 0.00001 0.125868 0.779511 0.094602
0.00001 0.00001 0.109295 0.77156 0.119125
0.00001 0.00001 0.099894 0.649601 0.250485
0.00001 0.00001 0.073274 0.609382 0.317324
0.00001 0.00001 0.052647 0.736102 0.211231
0.00001 0.00001 0.228927 0.771043 0.00001
0.00001 0.00001 0.258448 0.741522 0.00001
0.00001 0.00001 0.058506 0.622471 0.319003
0.00001 0.00001 0.152326 0.771834 0.07582
0.00001 0.00001 0.085615 0.674386 0.239979
0.00001 0.00001 0.145097 0.783671 0.071212
0.007634 0.00001 0.00001 0.659021 0.333324
0.00001 0.00001 0.00001 0.693683 0.306287
0.00001 0.00001 0.165676 0.688729 0.145575
0.00001 0.00001 0.084878 0.778773 0.136329
0.00001 0.00001 0.11284 0.683589 0.203551
0.00001 0.00001 0.00001 0.774464 0.225506
0.00001 0.00001 0.00001 0.791162 0.208808
0.00001 0.00001 0.098277 0.798008 0.103695
0.00001 0.00001 0.065417 0.749812 0.184751
0.00001 0.00001 0.061317 0.621044 0.317619
0.00001 0.00001 0.00001 0.618011 0.381959
0.038064 0.00001 0.139568 0.822349 0.00001
0.027434 0.00001 0.137603 0.834943 0.00001
0.00001 0.00001 0.281239 0.618408 0.100333
0.00001 0.00001 0.06562 0.759952 0.174409
0.009613 0.00001 0.155173 0.658191 0.177013
0.029369 0.00001 0.038621 0.775004 0.156997
0.00001 0.00001 0.00001 0.608024 0.391946
0.00001 0.00001 0.116935 0.603621 0.279424
0.00001 0.00001 0.15584 0.729745 0.114395
0.00001 0.00001 0.149481 0.738629 0.11187
0.00001 0.00001 0.029197 0.778089 0.192693
0.00001 0.00001 0.141645 0.789679 0.068657
0.00001 0.00001 0.00001 0.70965 0.29032
0.00001 0.00001 0.00001 0.672065 0.327905
0.00001 0.00001 0.104554 0.7695 0.125925
0.00001 0.00001 0.00001 0.657028 0.342942
0.000443 0.00001 0.004738 0.713033 0.281776
0.00001 0.00001 0.118074 0.624149 0.257756
0.02217 0.00001 0.072312 0.781554 0.123954
0.021418 0.00001 0.115243 0.863319 0.00001
0.00001 0.007702 0.063787 0.763203 0.165299
0.00001 0.00001 0.1266 0.87337 0.00001
0.00001 0.00001 0.00001 0.876145 0.123825
0.00001 0.00001 0.054119 0.945851 0.00001
0.00001 0.00001 0.088454 0.629348 0.282178
0.00001 0.004938 0.00001 0.692622 0.30242
0.00001 0.00001 0.101172 0.72045 0.178358
0.00001 0.00001 0.203159 0.71666 0.08016
0.00001 0.00001 0.230716 0.756733 0.012531
0.00001 0.00001 0.061277 0.816888 0.121815
0.00001 0.00001 0.127941 0.784592 0.087448
0.00001 0.00001 0.123406 0.737777 0.138796
0.00001 0.00001 0.089995 0.802329 0.107657
0.002332 0.00001 0.073583 0.748363 0.175711
0.00001 0.00001 0.175283 0.799522 0.025175
0.00001 0.00001 0.229935 0.770035 0.00001
0.00001 0.00001 0.090424 0.706744 0.202812
0.00001 0.00001 0.054975 0.803803 0.141202
0.00001 0.00001 0.00001 0.834851 0.165119
0.00001 0.00001 0.018596 0.779364 0.202019
0.00001 0.00001 0.116871 0.726743 0.156365
0.00001 0.00001 0.065081 0.63716 0.297739
0.00001 0.00001 0.05139 0.693014 0.255576
0.00001 0.00001 0.185606 0.735381 0.078993
0.00001 0.00001 0.215061 0.760668 0.024251
0.000014 0.00001 0.141655 0.68752 0.1708
0.00001 0.00001 0.113372 0.698718 0.18789
0.00001 0.00001 0.210883 0.789087 0.00001
0.00001 0.00001 0.201804 0.728537 0.069639
0.00001 0.00001 0.00001 0.650441 0.349529
0.00001 0.00001 0.080517 0.551419 0.368044
0.00001 0.00001 0.053216 0.539214 0.40755
0.00001 0.00001 0.00001 0.545965 0.454005
0.00001 0.00001 0.177693 0.620793 0.201494
0.00001 0.00001 0.095906 0.724705 0.179369
0.00001 0.00001 0.025632 0.65459 0.319758
0.00001 0.00001 0.127478 0.539375 0.333127
0.00001 0.00001 0.00001 0.523716 0.476254
0.00001 0.00001 0.18296 0.580238 0.236782
0.00001 0.00001 0.109338 0.890632 0.00001
0.00001 0.00001 0.152166 0.847804 0.00001
0.00001 0.00001 0.175696 0.734275 0.090009
0.00001 0.00001 0.069217 0.64533 0.285432
0.00001 0.00001 0.161178 0.838792 0.00001
0.00001 0.009154 0.086987 0.724444 0.179405
0.00001 0.00001 0.128067 0.160794 0.711119
0.00001 0.00001 0.085846 0.384965 0.529169
0.00001 0.00001 0.127915 0.391904 0.480161
0.00001 0.00001 0.097634 0.163268 0.739078
0.00001 0.00001 0.361499 0.26712 0.371362
0.00001 0.00001 0.00001 0.35993 0.64004
0.000011 0.00001 0.036513 0.331702 0.631763
0.00001 0.00001 0.260072 0.269236 0.470671
0.00001 0.00001 0.00001 0.047969 0.952001
0.00001 0.00001 0.032042 0.534488 0.433449
0.00001 0.00001 0.087388 0.417164 0.495428
0.00001 0.00001 0.142232 0.227198 0.63055
0.00001 0.00001 0.088896 0.194261 0.716824
0.00001 0.00001 0.064236 0.525192 0.410553
0.00001 0.00001 0.131808 0.308897 0.559275
0.00001 0.00001 0.130993 0.326865 0.542122
0.00001 0.00001 0.161593 0.257594 0.580794
0.00001 0.00001 0.152945 0.233403 0.613632
0.00001 0.00001 0.182872 0.245718 0.57139
0.00001 0.00001 0.120146 0.395908 0.483925
0.00001 0.00001 0.079789 0.539528 0.380663
0.00001 0.00001 0.231433 0.204676 0.563871
0.00001 0.00001 0.171406 0.172339 0.656235
0.00001 0.00001 0.156569 0.159665 0.683745
0.00001 0.00001 0.150306 0.476867 0.372806
0.00001 0.00001 0.1304 0.307265 0.562315
0.00001 0.00001 0.127468 0.387993 0.484519
0.00001 0.00001 0.147408 0.353104 0.499468
0.00001 0.00001 0.40687 0.00001 0.5931
0.00001 0.00001 0.281605 0.00001 0.718365
0.00001 0.00001 0.36856 0.00001 0.63141
0.00001 0.00001 0.457566 0.00001 0.542404
0.00001 0.00001 0.368619 0.00001 0.631351
0.00001 0.00001 0.465044 0.00001 0.534926
0.00001 0.00001 0.233496 0.00001 0.766474
0.00001 0.00001 0.296821 0.00001 0.703149
0.00001 0.00001 0.236552 0.00001 0.763418
0.00001 0.00001 0.99996 0.00001 0.00001
0.00001 0.00001 0.352887 0.00001 0.647083
0.00001 0.00001 0.387602 0.00001 0.612368
0.00001 0.00001 0.367195 0.00001 0.632775
0.00001 0.00001 0.376799 0.00001 0.623171
0.00001 0.00001 0.314437 0.00001 0.685533
0.00001 0.00001 0.241517 0.00001 0.758453
0.00001 0.00001 0.99996 0.00001 0.00001
0.00001 0.00001 0.259586 0.00001 0.740384
0.00001 0.00001 0.16219 0.00001 0.83778
0.00001 0.00001 0.400334 0.00001 0.599636
0.00001 0.00001 0.99996 0.00001 0.00001
0.00001 0.00001 0.358938 0.00001 0.641032
0.00001 0.00001 0.00001 0.00001 0.99996
0.00001 0.00001 0.32091 0.00001 0.67906
0.00001 0.00001 0.247082 0.00001 0.752888
0.00001 0.00001 0.00001 0.00001 0.99996
0.00001 0.00001 0.170191 0.159086 0.670703
0.00001 0.00001 0.00001 0.00001 0.99996
0.00001 0.00001 0.000014 0.00001 0.999956
0.00001 0.00001 0.262945 0.156914 0.580121
0.00001 0.00001 0.209642 0.1621 0.628239
0.00001 0.00001 0.212589 0.042518 0.744873
0.00001 0.00001 0.177351 0.149809 0.67282
0.00001 0.00001 0.190374 0.00001 0.809596
0.00001 0.00001 0.150503 0.085033 0.764444
0.00001 0.00001 0.103414 0.029277 0.867289
0.00001 0.00001 0.274074 0.094919 0.630986
0.00001 0.00001 0.251344 0.00001 0.748626
0.00001 0.00001 0.197216 0.072229 0.730535
0.00001 0.00001 0.196828 0.083122 0.720031
0.00001 0.00001 0.00001 0.00001 0.99996
0.00001 0.00001 0.00001 0.00001 0.99996
0.00001 0.00001 0.080385 0.005421 0.914174
0.00001 0.00001 0.159327 0.00001 0.840643
0.00001 0.00001 0.00001 0.017699 0.982271
0.00001 0.00001 0.263456 0.093214 0.64331
0.00001 0.00001 0.00001 0.00001 0.99996
0.00001 0.00001 0.00001 0.00001 0.99996
0.00001 0.00001 0.119081 0.00001 0.880889
0.00001 0.00001 0.233968 0.076508 0.689504
0.00001 0.00001 0.139935 0.079036 0.781009
0.00001 0.00001 0.00001 0.00001 0.99996
0.00001 0.00001 0.000019 0.00001 0.999951
0.00001 0.00001 0.126123 0.00001 0.873847
0.00001 0.00001 0.305458 0.00001 0.694512
0.00001 0.00001 0.00001 0.00001 0.99996
0.00001 0.00001 0.160788 0.051897 0.787295
0.00001 0.00001 0.2409 0.051209 0.707871
0.00001 0.00001 0.184365 0.00001 0.815605
0.00001 0.00001 0.083063 0.00001 0.916907
0.00001 0.00001 0.99996 0.00001 0.00001
0.00001 0.00001 0.403043 0.052169 0.544768
0.00001 0.00001 0.99996 0.00001 0.00001
0.00001 0.00001 0.273536 0.00001 0.726434
0.00001 0.00001 0.214012 0.00048 0.785488
0.00001 0.00001 0.99996 0.00001 0.00001
0.00001 0.00001 0.066716 0.00001 0.933254
0.00001 0.00001 0.092596 0.040644 0.86674
0.00001 0.00001 0.161878 0.00001 0.838092
0.00001 0.00001 0.353073 0.039394 0.607513
0.00001 0.00001 0.00001 0.00001 0.99996
0.00001 0.00001 0.147074 0.00001 0.852896
0.00001 0.00001 0.216575 0.010958 0.772447
0.00001 0.00001 0.119293 0.030107 0.85058
0.00001 0.00001 0.248333 0.034191 0.717456
0.00001 0.00001 0.227781 0.009634 0.762565
0.00001 0.00001 0.28162 0.058834 0.659526
0.00001 0.00001 0.277525 0.00001 0.722445
0.00001 0.00001 0.2028 0.02743 0.76975
0.00001 0.00001 0.210925 0.122078 0.666978
0.00001 0.00001 0.220123 0.00001 0.779847
0.00001 0.00001 0.161296 0.127128 0.711557
0.00001 0.00001 0.228833 0.00001 0.771137
0.00001 0.00001 0.16913 0.020758 0.810092
0.00001 0.00001 0.208619 0.05876 0.732601
0.00001 0.00001 0.320823 0.061118 0.618038
0.00001 0.00001 0.00001 0.00001 0.99996
0.00001 0.00001 0.149483 0.086325 0.764172
0.00001 0.00001 0.00001 0.00001 0.99996
