0.00001 0.00001 0.99997 0.00001
0.00001 0.00001 0.99997 0.00001
0.00001 0.00001 0.99997 0.00001
0.00001 0.00001 0.99997 0.00001
0.00001 0.00001 0.99997 0.00001
0.00001 0.00001 0.99997 0.00001
0.310277 0.00001 0.689703 0.00001
0.00001 0.00001 0.99997 0.00001
0.00001 0.00001 0.99997 0.00001
0.00001 0.00001 0.99997 0.00001
0.00001 0.00001 0.99997 0.00001
0.00001 0.00001 0.99997 0.00001
0.00001 0.00001 0.99997 0.00001
0.461509 0.00001 0.511285 0.027197
0.00001 0.00001 0.99997 0.00001
0.00001 0.00001 0.99997 0.00001
0.00001 0.00001 0.99997 0.00001
0.00001 0.00001 0.99997 0.00001
0.00001 0.00001 0.99997 0.00001
0.4319 0.00001 0.56808 0.00001
0.00001 0.00001 0.99997 0.00001
0.478775 0.00001 0.521205 0.00001
0.99997 0.00001 0.00001 0.00001
0.976439 0.00001 0.00001 0.023541
0.701925 0.00001 0.298055 0.00001
0.784487 0.00001 0.215493 0.00001
0.744347 0.00001 0.229916 0.025727
0.741244 0.00001 0.258736 0.00001
0.734552 0.00001 0.265428 0.00001
0.615663 0.00001 0.384317 0.00001
0.703842 0.00001 0.296138 0.00001
0.700191 0.001471 0.298328 0.00001
0.624786 0.00001 0.352908 0.022295
0.763131 0.00001 0.236849 0.00001
0.896157 0.00001 0.103823 0.00001
0.99997 0.00001 0.00001 0.00001
0.791886 0.00001 0.208094 0.00001
0.728337 0.00001 0.271643 0.00001
0.652607 0.00001 0.347373 0.00001
0.874871 0.00001 0.125109 0.00001
0.859548 0.00001 0.140432 0.00001
0.99997 0.00001 0.00001 0.00001
0.773356 0.00001 0.209818 0.016816
0.693208 0.00001 0.258415 0.048367
0.666916 0.00001 0.333064 0.00001
0.773856 0.00001 0.226124 0.00001
0.878802 0.00001 0.121178 0.00001
0.697141 0.00001 0.302839 0.00001
0.793975 0.00001 0.206005 0.00001
0.620315 0.00001 0.364793 0.014883
0.656726 0.00001 0.343254 0.00001
0.744779 0.00001 0.250289 0.004922
0.99997 0.00001 0.00001 0.00001
0.857365 0.00001 0.142615 0.00001
0.9916 0.00001 0.00001 0.00838
0.80245 0.00001 0.19753 0.00001
0.595426 0.00001 0.388442 0.016122
0.895679 0.00001 0.104301 0.00001
0.730406 0.00001 0.269574 0.00001
0.690874 0.00001 0.284667 0.024449
0.99997 0.00001 0.00001 0.00001
0.750569 0.00001 0.249411 0.00001
0.76012 0.00001 0.23986 0.00001
0.684787 0.00001 0.304711 0.010492
0.510921 0.00001 0.489059 0.00001
0.737259 0.00001 0.262721 0.00001
0.82634 0.00001 0.17364 0.00001
0.717753 0.00001 0.282227 0.00001
0.734883 0.003986 0.261121 0.00001
0.774603 0.00001 0.225377 0.00001
0.68666 0.00001 0.31332 0.00001
0.702185 0.00001 0.29194 0.005865
0.79365 0.00001 0.20633 0.00001
0.739814 0.00001 0.260166 0.00001
0.66267 0.00001 0.33731 0.00001
0.694266 0.00001 0.301689 0.004036
0.755954 0.00001 0.244026 0.00001
0.637834 0.00001 0.362146 0.00001
0.697978 0.00001 0.29397 0.008042
0.750427 0.00001 0.249553 0.00001
0.581746 0.00001 0.341042 0.077202
0.783655 0.00001 0.216325 0.00001
0.99997 0.00001 0.00001 0.00001
0.612682 0.00001 0.387298 0.00001
0.798042 0.00001 0.201938 0.00001
0.714795 0.00001 0.281892 0.003303
0.833627 0.00001 0.166353 0.00001
0.833119 0.00001 0.166861 0.00001
0.708714 0.00001 0.288722 0.002553
0.610947 0.00001 0.389033 0.00001
0.774275 0.00001 0.225705 0.00001
0.766842 0.00001 0.220532 0.012616
0.574916 0.001425 0.423649 0.00001
0.99997 0.00001 0.00001 0.00001
0.609882 0.00001 0.390098 0.00001
0.99997 0.00001 0.00001 0.00001
0.826413 0.000512 0.173065 0.00001
0.846654 0.00001 0.153326 0.00001
0.649391 0.00001 0.350589 0.00001
0.99997 0.00001 0.00001 0.00001
0.711496 0.00001 0.288484 0.00001
0.677456 0.00001 0.322524 0.00001
0.838283 0.00001 0.161697 0.00001
0.716525 0.00001 0.283455 0.00001
0.798324 0.00001 0.199479 0.002187
0.896415 0.00001 0.103565 0.00001
0.813043 0.00001 0.186937 0.00001
0.683565 0.00001 0.316415 0.00001
0.699244 0.00001 0.300038 0.000708
0.99997 0.00001 0.00001 0.00001
0.99997 0.00001 0.00001 0.00001
0.804588 0.00001 0.195392 0.00001
0.670935 0.00001 0.329045 0.00001
0.750845 0.00001 0.249135 0.00001
0.730396 0.00001 0.269584 0.00001
0.89944 0.00001 0.10054 0.00001
0.75903 0.000013 0.240947 0.00001
0.762759 0.00001 0.237221 0.00001
0.605711 0.00001 0.394269 0.00001
0.641303 0.00001 0.354914 0.003773
0.660323 0.00001 0.339657 0.00001
0.857851 0.00001 0.142129 0.00001
0.784271 0.00001 0.215709 0.00001
0.779581 0.00001 0.220399 0.00001
0.726872 0.00001 0.273108 0.00001
0.971807 0.003873 0.02431 0.00001
0.99997 0.00001 0.00001 0.00001
0.866018 0.00001 0.133962 0.00001
0.99997 0.00001 0.00001 0.00001
0.777576 0.00001 0.222404 0.00001
0.747355 0.00001 0.224386 0.028249
0.343367 0.098795 0.166762 0.391076
0.353853 0.089211 0.174627 0.382309
0.547165 0.138636 0.06483 0.249369
0.617511 0.079625 0.141262 0.161602
0.703154 0.045856 0.065618 0.185372
0.59649 0.045124 0.161689 0.196696
0.160322 0.273737 0.040148 0.525793
0.330032 0.084804 0.136565 0.448599
0.193093 0.170695 0.156937 0.479274
0.543524 0.10157 0.176827 0.17808
0.625713 0.009031 0.174728 0.190528
0.101581 0.32475 0.00001 0.573659
0.191183 0.056077 0.112316 0.640424
0.116958 0.28656 0.103303 0.493179
0.142458 0.129508 0.058776 0.669258
0.637678 0.078791 0.107084 0.176447
0.560541 0.054354 0.214117 0.170987
0.545524 0.115272 0.102143 0.23706
0.503882 0.00001 0.222387 0.273721
0.584119 0.00001 0.195458 0.220413
0.61898 0.00001 0.18729 0.193721
0.557438 0.00001 0.330058 0.112494
0.636416 0.159732 0.00001 0.203843
0.589115 0.037847 0.111854 0.261184
0.614259 0.00001 0.02853 0.357202
0.473198 0.207398 0.259145 0.06026
0.65308 0.050203 0.177881 0.118835
0.516652 0.032285 0.248917 0.202145
0.614277 0.00001 0.200783 0.18493
0.592665 0.094557 0.205802 0.106977
0.504427 0.06865 0.176964 0.249958
0.652063 0.073418 0.177491 0.097028
0.630003 0.064612 0.174221 0.131164
0.588295 0.167268 0.193924 0.050513
0.550883 0.069295 0.236464 0.143358
0.558267 0.039715 0.185293 0.216724
0.514425 0.00001 0.281862 0.203702
0.673827 0.049898 0.12746 0.148814
0.582615 0.00001 0.198245 0.21913
0.674638 0.06068 0.119785 0.144897
0.470228 0.00001 0.073549 0.456213
0.593872 0.069837 0.13871 0.197581
0.60859 0.066104 0.216962 0.108344
0.635345 0.082743 0.281902 0.00001
0.00001 0.130541 0.00001 0.869439
0.004571 0.181207 0.00001 0.814212
0.00001 0.093682 0.00001 0.906298
0.00001 0.00001 0.00001 0.99997
0.00001 0.109003 0.00001 0.890977
0.00001 0.136274 0.00001 0.863706
0.00001 0.094281 0.00001 0.905699
0.00001 0.131097 0.00001 0.868883
0.00001 0.172884 0.00001 0.827096
0.00001 0.244013 0.00001 0.755967
0.00001 0.00001 0.00001 0.99997
0.00001 0.054075 0.00001 0.945905
0.00001 0.114077 0.00001 0.885903
0.00001 0.079585 0.00001 0.920395
0.00001 0.00001 0.00001 0.99997
0.00001 0.040214 0.00001 0.959766
0.00001 0.125116 0.00001 0.874864
0.00001 0.107789 0.00001 0.892191
0.00001 0.190209 0.023575 0.786206
0.00001 0.178838 0.00001 0.821142
0.00001 0.080208 0.00001 0.919772
0.00001 0.087418 0.00001 0.912562
0.00001 0.20534 0.00001 0.79464
0.00001 0.242268 0.00001 0.757712
0.00001 0.125733 0.00001 0.874247
0.00001 0.128465 0.00001 0.871515
0.00001 0.156668 0.00001 0.843312
0.00001 0.226794 0.00001 0.773186
0.00001 0.111723 0.00001 0.888257
0.00001 0.182134 0.00001 0.817846
0.00001 0.087192 0.00001 0.912788
0.005188 0.119341 0.00001 0.875461
0.00001 0.109224 0.00001 0.890756
0.00001 0.186976 0.00001 0.813004
0.00001 0.05816 0.00001 0.94182
0.00001 0.190589 0.00001 0.809391
0.00001 0.02387 0.00001 0.97611
0.00001 0.015373 0.00001 0.984607
0.00001 0.058356 0.00001 0.941624
0.00001 0.102545 0.00001 0.897435
0.00001 0.230401 0.00001 0.769579
0.00001 0.192706 0.00001 0.807274
0.041071 0.00001 0.00001 0.958909
0.03141 0.00001 0.00001 0.96857
0.00001 0.298322 0.00001 0.701658
0.00001 0.081422 0.00001 0.918558
0.014569 0.220764 0.00001 0.764658
0.00001 0.028371 0.028288 0.94333
0.00001 0.228126 0.00001 0.771854
0.00001 0.259079 0.00001 0.740901
0.00001 0.131078 0.00001 0.868902
0.00001 0.139091 0.00001 0.860889
0.00001 0.042543 0.00001 0.957437
0.00001 0.077282 0.00001 0.922698
0.00001 0.094191 0.00001 0.905789
0.00001 0.12685 0.00001 0.87313
0.00001 0.078863 0.00001 0.921117
0.00001 0.165193 0.00001 0.834787
0.002973 0.130904 0.00001 0.866113
0.00001 0.242893 0.00001 0.757087
0.023416 0.034207 0.00001 0.942366
0.024484 0.00001 0.00001 0.975496
0.00001 0.078778 0.00933 0.911882
0.00001 0.00001 0.003208 0.996772
0.00001 0.00001 0.00001 0.99997
0.00001 0.00001 0.00001 0.99997
0.00001 0.233956 0.00001 0.766024
0.00001 0.118031 0.006303 0.875656
0.00001 0.14184 0.00001 0.85814
0.00001 0.170098 0.00001 0.829882
0.003624 0.168276 0.00001 0.82809
0.00001 0.025565 0.00001 0.974415
0.00001 0.075594 0.00001 0.924386
0.00001 0.121553 0.00001 0.878427
0.00001 0.019085 0.00001 0.980895
0.002352 0.076407 0.00001 0.921231
0.00001 0.071626 0.00001 0.928354
0.00001 0.119164 0.00001 0.880816
0.00001 0.141328 0.00001 0.858652
0.00001 0.043803 0.00001 0.956177
0.00001 0.00001 0.00001 0.99997
0.00001 0.025718 0.00001 0.974262
0.00001 0.136127 0.00001 0.863853
0.00001 0.212092 0.00001 0.787888
0.00001 0.153072 0.00001 0.846908
0.00001 0.148797 0.00001 0.851183
0.00001 0.134791 0.00001 0.865189
0.00001 0.175376 0.00001 0.824604
0.00001 0.160838 0.00001 0.839142
0.00001 0.058498 0.00001 0.941482
0.00001 0.175757 0.00001 0.824223
0.00001 0.181246 0.00001 0.818734
0.00001 0.301481 0.00001 0.698499
0.00001 0.314684 0.00001 0.685296
0.00001 0.298351 0.00001 0.701629
0.00001 0.251383 0.00001 0.748597
0.00001 0.132119 0.00001 0.867861
0.00001 0.197639 0.00001 0.802341
0.00001 0.32566 0.00001 0.67432
0.00001 0.303799 0.00001 0.696181
0.00001 0.318532 0.00001 0.681448
0.00001 0.00001 0.00001 0.99997
0.00001 0.00001 0.00001 0.99997
0.00001 0.153745 0.00001 0.846235
0.00001 0.199104 0.00001 0.800876
0.00001 0.00001 0.00001 0.99997
0.00001 0.120049 0.010098 0.869843
0.00001 0.716831 0.00001 0.283149
0.00001 0.466821 0.00001 0.533159
0.00001 0.468611 0.00001 0.531369
0.00001 0.702579 0.00001 0.297401
0.00001 0.665948 0.00001 0.334032
0.00001 0.428787 0.00001 0.571193
0.00001 0.499551 0.00001 0.500429
0.00001 0.636426 0.00001 0.363554
0.00001 0.767711 0.00001 0.232269
0.00001 0.300765 0.00001 0.699215
0.00001 0.420763 0.00001 0.579217
0.00001 0.641392 0.00001 0.358588
0.00001 0.652432 0.00001 0.347548
0.00001 0.31796 0.00001 0.68202
0.00001 0.566174 0.00001 0.433806
0.00001 0.548378 0.00001 0.451602
0.00001 0.636052 0.00001 0.363928
0.00001 0.639891 0.00001 0.360089
0.00001 0.645856 0.00001 0.354124
0.00001 0.475982 0.00001 0.523998
0.00001 0.312535 0.00001 0.687445
0.00001 0.693331 0.00001 0.306649
0.00001 0.710626 0.00001 0.289354
0.00001 0.708941 0.00001 0.291039
0.00001 0.390714 0.00001 0.609266
0.00001 0.58334 0.00001 0.41664
0.00001 0.47908 0.00001 0.5209
0.00001 0.519664 0.00001 0.480316
0.00001 0.99997 0.00001 0.00001
0.00001 0.96944 0.00001 0.03054
0.00001 0.99997 0.00001 0.00001
0.00001 0.99997 0.00001 0.00001
0.00001 0.99997 0.00001 0.00001
0.00001 0.99997 0.00001 0.00001
0.00001 0.971968 0.00001 0.028012
0.00001 0.942842 0.00001 0.057138
0.00001 0.99997 0.00001 0.00001
0.00001 0.99997 0.00001 0.00001
0.00001 0.99997 0.00001 0.00001
0.00001 0.99997 0.00001 0.00001
0.00001 0.99997 0.00001 0.00001
0.00001 0.99997 0.00001 0.00001
0.00001 0.99997 0.00001 0.00001
0.00001 0.99997 0.00001 0.00001
0.00001 0.939223 0.00001 0.060757
0.00001 0.948644 0.00001 0.051336
0.00001 0.99997 0.00001 0.00001
0.00001 0.99997 0.00001 0.00001
0.00001 0.99997 0.00001 0.00001
0.00001 0.99997 0.00001 0.00001
0.00001 0.892242 0.00001 0.107738
0.00001 0.99997 0.00001 0.00001
0.00001 0.99997 0.00001 0.00001
0.00001 0.804502 0.00001 0.195478
0.00001 0.719052 0.00001 0.280928
0.00001 0.850973 0.00001 0.149007
0.00001 0.94424 0.00001 0.05574
0.00001 0.768263 0.00001 0.231717
0.00001 0.730466 0.00001 0.269514
0.00001 0.856647 0.00001 0.143333
0.00001 0.744594 0.00001 0.255386
0.00001 0.952001 0.00001 0.047979
0.00001 0.817901 0.00001 0.182079
0.00001 0.814565 0.00001 0.185415
0.00001 0.835844 0.00001 0.164136
0.00001 0.919863 0.00001 0.080117
0.00001 0.829892 0.00001 0.170088
0.00001 0.795525 0.00001 0.204455
0.00001 0.778742 0.00001 0.221238
0.00001 0.832658 0.00001 0.167322
0.00001 0.800852 0.00001 0.199128
0.00001 0.858891 0.00001 0.141089
0.00001 0.742381 0.00001 0.257599
0.00001 0.825583 0.00001 0.174397
0.00001 0.842671 0.00001 0.157309
0.00001 0.80511 0.00001 0.19487
0.00001 0.944019 0.00001 0.055961
0.00001 0.818254 0.00001 0.181726
0.00001 0.799108 0.00001 0.200872
0.00001 0.776033 0.00001 0.223947
0.00001 0.862402 0.00001 0.137578
0.00001 0.902012 0.00001 0.097968
0.00001 0.932462 0.00001 0.067518
0.00001 0.810642 0.00001 0.189338
0.00001 0.826322 0.00001 0.173658
0.00001 0.846509 0.00001 0.153471
0.00001 0.968018 0.00001 0.031962
0.00001 0.831808 0.00001 0.168172
0.00001 0.99997 0.00001 0.00001
0.00001 0.889606 0.00001 0.110374
0.00001 0.99997 0.00001 0.00001
0.00001 0.991628 0.00001 0.008352
0.00001 0.89486 0.00001 0.10512
0.00001 0.950771 0.00001 0.049209
0.00001 0.838215 0.00001 0.161765
0.00001 0.805666 0.00001 0.194314
0.00001 0.961617 0.00001 0.038363
0.00001 0.90493 0.00001 0.09505
0.00001 0.867051 0.00001 0.132929
0.00001 0.963783 0.00001 0.036197
0.00001 0.8685 0.00001 0.13148
0.00001 0.829027 0.00001 0.170953
0.00001 0.873634 0.00001 0.126346
0.00001 0.897425 0.00001 0.102555
0.00001 0.867641 0.00001 0.132339
0.00001 0.942265 0.00001 0.057715
0.00001 0.866864 0.00001 0.133116
0.00001 0.778313 0.00001 0.221667
0.00001 0.99997 0.00001 0.00001
0.00001 0.760922 0.00001 0.239058
0.00001 0.924781 0.00001 0.075199
0.00001 0.865813 0.00001 0.134167
0.00001 0.827954 0.00001 0.172026
0.00001 0.868816 0.00001 0.131164
0.00001 0.826788 0.00001 0.173192
0.00001 0.793474 0.00001 0.206506
0.00001 0.804436 0.00001 0.195544
