0.99996 0.00001 0.00001 0.00001 0.00001
0.99996 0.00001 0.00001 0.00001 0.00001
0.99996 0.00001 0.00001 0.00001 0.00001
0.99996 0.00001 0.00001 0.00001 0.00001
0.99996 0.00001 0.00001 0.00001 0.00001
0.99996 0.00001 0.00001 0.00001 0.00001
0.690322 0.309648 0.00001 0.00001 0.00001
0.99996 0.00001 0.00001 0.00001 0.00001
0.99996 0.00001 0.00001 0.00001 0.00001
0.99996 0.00001 0.00001 0.00001 0.00001
0.99996 0.00001 0.00001 0.00001 0.00001
0.99996 0.00001 0.00001 0.00001 0.00001
0.99996 0.00001 0.00001 0.00001 0.00001
0.510891 0.461676 0.000018 0.027404 0.00001
0.99996 0.00001 0.00001 0.00001 0.00001
0.99996 0.00001 0.00001 0.00001 0.00001
0.99996 0.00001 0.00001 0.00001 0.00001
0.99996 0.00001 0.00001 0.00001 0.00001
0.99996 0.00001 0.00001 0.00001 0.00001
0.567027 0.432943 0.00001 0.00001 0.00001
0.99996 0.00001 0.00001 0.00001 0.00001
0.52091 0.47906 0.00001 0.00001 0.00001
0.00001 0.99996 0.00001 0.00001 0.00001
0.00001 0.975634 0.024336 0.00001 0.00001
0.296694 0.703276 0.00001 0.00001 0.00001
0.214054 0.785916 0.00001 0.00001 0.00001
0.227694 0.745714 0.026573 0.00001 0.00001
0.257375 0.742595 0.00001 0.00001 0.00001
0.264679 0.734886 0.000415 0.00001 0.00001
0.387332 0.612638 0.00001 0.00001 0.00001
0.296549 0.703421 0.00001 0.00001 0.00001
0.297774 0.700113 0.00001 0.002093 0.00001
0.35156 0.62536 0.023061 0.00001 0.00001
0.236483 0.763487 0.00001 0.00001 0.00001
0.101378 0.898592 0.00001 0.00001 0.00001
0.00001 0.99996 0.00001 0.00001 0.00001
0.206111 0.793859 0.00001 0.00001 0.00001
0.269211 0.730759 0.00001 0.00001 0.00001
0.347523 0.652447 0.00001 0.00001 0.00001
0.124832 0.874698 0.00001 0.000451 0.00001
0.138138 0.861832 0.00001 0.00001 0.00001
0.00001 0.99996 0.00001 0.00001 0.00001
0.212111 0.768651 0.00001 0.019218 0.00001
0.25677 0.693588 0.049622 0.00001 0.00001
0.327678 0.672292 0.00001 0.00001 0.00001
0.223589 0.776381 0.00001 0.00001 0.00001
0.120998 0.878972 0.00001 0.00001 0.00001
0.303261 0.696709 0.00001 0.00001 0.00001
0.202832 0.797138 0.00001 0.00001 0.00001
0.364623 0.619817 0.01554 0.00001 0.00001
0.34093 0.65904 0.00001 0.00001 0.00001
0.246665 0.747112 0.006204 0.00001 0.00001
0.00001 0.99996 0.00001 0.00001 0.00001
0.14225 0.85772 0.00001 0.00001 0.00001
0.00001 0.990552 0.009418 0.00001 0.00001
0.198262 0.801708 0.00001 0.00001 0.00001
0.385973 0.596611 0.017389 0.000018 0.00001
0.100277 0.899684 0.000019 0.00001 0.00001
0.26756 0.73241 0.00001 0.00001 0.00001
0.282044 0.693899 0.008381 0.015666 0.00001
0.00001 0.99996 0.00001 0.00001 0.00001
0.249077 0.750893 0.00001 0.00001 0.00001
0.239694 0.760276 0.00001 0.00001 0.00001
0.30364 0.683441 0.00001 0.012899 0.00001
0.488736 0.511234 0.00001 0.00001 0.00001
0.262523 0.737447 0.00001 0.00001 0.00001
0.17485 0.82512 0.00001 0.00001 0.00001
0.280511 0.719459 0.00001 0.00001 0.00001
0.259408 0.733816 0.00001 0.006756 0.00001
0.224348 0.775622 0.00001 0.00001 0.00001
0.312299 0.687671 0.00001 0.00001 0.00001
0.290137 0.703396 0.006447 0.00001 0.00001
0.204602 0.795368 0.00001 0.00001 0.00001
0.259155 0.740815 0.00001 0.00001 0.00001
0.337804 0.662166 0.00001 0.00001 0.00001
0.298686 0.695733 0.00001 0.005561 0.00001
0.240976 0.758994 0.00001 0.00001 0.00001
0.364183 0.635787 0.00001 0.00001 0.00001
0.294214 0.696848 0.008918 0.00001 0.00001
0.249619 0.750351 0.00001 0.00001 0.00001
0.341463 0.582758 0.036041 0.039728 0.00001
0.214365 0.785605 0.00001 0.00001 0.00001
0.00001 0.99996 0.00001 0.00001 0.00001
0.386838 0.613132 0.00001 0.00001 0.00001
0.200903 0.799067 0.00001 0.00001 0.00001
0.279935 0.715589 0.00001 0.004457 0.00001
0.16418 0.83579 0.00001 0.00001 0.00001
0.167416 0.832554 0.00001 0.00001 0.00001
0.287293 0.709702 0.00001 0.00001 0.002986
0.386354 0.613616 0.00001 0.00001 0.00001
0.225072 0.774898 0.00001 0.00001 0.00001
0.219794 0.767194 0.012992 0.00001 0.00001
0.419379 0.578486 0.00001 0.002115 0.00001
0.00001 0.99996 0.00001 0.00001 0.00001
0.390596 0.609374 0.00001 0.00001 0.00001
0.00001 0.99996 0.00001 0.00001 0.00001
0.16863 0.826153 0.00001 0.005197 0.00001
0.152064 0.847906 0.00001 0.00001 0.00001
0.351577 0.648393 0.00001 0.00001 0.00001
0.00001 0.99996 0.00001 0.00001 0.00001
0.286254 0.713716 0.00001 0.00001 0.00001
0.321458 0.678512 0.00001 0.00001 0.00001
0.161075 0.838895 0.00001 0.00001 0.00001
0.281791 0.717715 0.00001 0.000475 0.00001
0.19882 0.797902 0.003258 0.00001 0.00001
0.101397 0.898573 0.00001 0.00001 0.00001
0.184424 0.815546 0.00001 0.00001 0.00001
0.315864 0.684106 0.00001 0.00001 0.00001
0.299991 0.698916 0.001072 0.00001 0.00001
0.00001 0.99996 0.00001 0.00001 0.00001
0.00001 0.99996 0.00001 0.00001 0.00001
0.194046 0.805924 0.00001 0.00001 0.00001
0.328941 0.671029 0.00001 0.00001 0.00001
0.248202 0.751768 0.00001 0.00001 0.00001
0.26841 0.73156 0.00001 0.00001 0.00001
0.097988 0.901982 0.00001 0.00001 0.00001
0.237797 0.762173 0.00001 0.00001 0.00001
0.236786 0.763184 0.00001 0.00001 0.00001
0.392942 0.607028 0.00001 0.00001 0.00001
0.352661 0.64292 0.004399 0.00001 0.00001
0.338692 0.661278 0.00001 0.00001 0.00001
0.141495 0.858475 0.00001 0.00001 0.00001
0.216175 0.783795 0.00001 0.00001 0.00001
0.21878 0.78119 0.00001 0.00001 0.00001
0.270188 0.729782 0.00001 0.00001 0.00001
0.024348 0.968158 0.00001 0.00001 0.007474
0.00001 0.99996 0.00001 0.00001 0.00001
0.133881 0.866089 0.00001 0.00001 0.00001
0.00001 0.999184 0.000786 0.00001 0.00001
0.220139 0.779831 0.00001 0.00001 0.00001
0.222194 0.747679 0.00001 0.030107 0.00001
0.166976 0.342965 0.332591 0.050116 0.107352
0.177551 0.350435 0.348722 0.123283 0.00001
0.063487 0.54836 0.207137 0.050582 0.130435
0.140106 0.618264 0.134828 0.020921 0.085881
0.056597 0.711397 0.146701 0.085295 0.00001
0.161079 0.596979 0.161261 0.038862 0.041819
0.037854 0.162406 0.438306 0.122925 0.23851
0.137197 0.329806 0.3601 0.014712 0.158185
0.158419 0.19279 0.369154 0.010888 0.268749
0.173885 0.546005 0.145185 0.007658 0.127267
0.172445 0.628178 0.128507 0.07086 0.00001
0.00001 0.100177 0.487837 0.256556 0.15542
0.112176 0.190844 0.554054 0.101145 0.041781
0.099955 0.121227 0.388353 0.033149 0.357316
0.061464 0.139739 0.56757 0.051592 0.179635
0.103523 0.640672 0.139719 0.081513 0.034573
0.212745 0.561721 0.149823 0.013394 0.062319
0.102222 0.544891 0.184109 0.00001 0.168769
0.222324 0.503638 0.258948 0.00001 0.015079
0.194253 0.585219 0.171238 0.00001 0.04928
0.188011 0.61764 0.159811 0.00001 0.034528
0.327117 0.560064 0.09148 0.021329 0.00001
0.00001 0.635805 0.174358 0.08641 0.103416
0.108277 0.592814 0.215177 0.00001 0.083722
0.028701 0.614147 0.302265 0.00001 0.054877
0.256163 0.476045 0.036962 0.037801 0.193029
0.175399 0.655171 0.098949 0.053334 0.017147
0.243631 0.521422 0.168874 0.066062 0.00001
0.200373 0.614286 0.157659 0.027672 0.00001
0.203643 0.594676 0.083147 0.029679 0.088854
0.175221 0.506199 0.204688 0.045463 0.06843
0.177909 0.650859 0.096684 0.073899 0.00065
0.172541 0.632644 0.049587 0.00001 0.145217
0.19062 0.593337 0.006308 0.00001 0.209726
0.235032 0.552257 0.114768 0.016429 0.081515
0.184163 0.559638 0.163734 0.00001 0.092455
0.280991 0.515093 0.168289 0.00001 0.035617
0.123187 0.678188 0.118757 0.036079 0.04379
0.196677 0.583428 0.219875 0.00001 0.00001
0.121916 0.672096 0.118771 0.00001 0.087207
0.073699 0.469764 0.420529 0.007681 0.028326
0.137691 0.594409 0.179934 0.057694 0.030273
0.221031 0.605983 0.070114 0.102862 0.00001
0.27984 0.637643 0.00001 0.056195 0.026313
0.00001 0.00001 0.744392 0.079649 0.175939
0.00001 0.000318 0.73493 0.192912 0.071831
0.00001 0.00001 0.771088 0.228882 0.00001
0.00001 0.00001 0.865949 0.061522 0.072509
0.00001 0.00001 0.788454 0.163372 0.048153
0.00001 0.00001 0.760106 0.152133 0.087741
0.00001 0.00001 0.772887 0.084423 0.14267
0.00001 0.00001 0.713337 0.024233 0.26241
0.00001 0.00001 0.713963 0.108265 0.177752
0.00001 0.00001 0.641979 0.141831 0.21617
0.00001 0.00001 0.94381 0.00001 0.05616
0.00001 0.00001 0.819267 0.129485 0.051228
0.00001 0.00001 0.764977 0.098374 0.136629
0.00001 0.00001 0.773088 0.040939 0.185953
0.00001 0.00001 0.889741 0.095065 0.015174
0.00001 0.00001 0.821949 0.178021 0.00001
0.00001 0.00001 0.757416 0.131689 0.110875
0.00001 0.00001 0.75523 0.082317 0.162432
0.02318 0.00001 0.661253 0.08779 0.227767
0.00001 0.00001 0.696079 0.10149 0.202411
0.00001 0.00001 0.798241 0.201729 0.00001
0.00001 0.00001 0.771625 0.00001 0.228345
0.00001 0.00001 0.676787 0.180366 0.142827
0.00001 0.00001 0.638979 0.074931 0.286069
0.00001 0.00001 0.771476 0.152171 0.076334
0.00001 0.00001 0.711331 0.00001 0.288639
0.00001 0.00001 0.711675 0.092033 0.196272
0.00001 0.00001 0.666229 0.167049 0.166702
0.00001 0.00001 0.752094 0.090845 0.157041
0.00001 0.00001 0.669804 0.00001 0.330166
0.00001 0.00001 0.782444 0.217526 0.00001
0.00001 0.005312 0.726371 0.021416 0.246891
0.00001 0.00001 0.738629 0.00001 0.261341
0.00001 0.00001 0.72948 0.253093 0.017408
0.00001 0.00001 0.79903 0.083174 0.117777
0.00001 0.00001 0.694968 0.07445 0.230562
0.00001 0.00001 0.827663 0.086882 0.085435
0.00001 0.00001 0.819157 0.00001 0.180813
0.00001 0.00001 0.800266 0.00001 0.199704
0.00001 0.00001 0.806379 0.155418 0.038183
0.00001 0.00001 0.640443 0.079903 0.279634
0.00001 0.00001 0.670578 0.040319 0.289082
0.00001 0.03944 0.809644 0.150896 0.00001
0.00001 0.027815 0.822094 0.150071 0.00001
0.00001 0.00001 0.590104 0.167082 0.242794
0.00001 0.00001 0.793824 0.206146 0.00001
0.00001 0.012883 0.646175 0.083187 0.257745
0.00001 0.030184 0.79165 0.013067 0.16509
0.00001 0.00001 0.636857 0.015038 0.348084
0.00001 0.00001 0.617499 0.106743 0.275738
0.00001 0.00001 0.732851 0.121861 0.145267
0.00001 0.00001 0.764657 0.235313 0.00001
0.00001 0.00001 0.798784 0.053643 0.147553
0.00001 0.00001 0.782877 0.049584 0.167519
0.00001 0.00001 0.730262 0.00001 0.269708
0.00001 0.00001 0.718712 0.045987 0.235281
0.00001 0.00001 0.781046 0.079818 0.139116
0.00001 0.00001 0.715677 0.101969 0.182335
0.00001 0.005197 0.683671 0.00001 0.311112
0.00001 0.00001 0.676194 0.226008 0.097778
0.00001 0.023597 0.793248 0.045191 0.137954
0.00001 0.024539 0.815552 0.00001 0.159889
0.006028 0.00001 0.808372 0.143831 0.041759
0.002598 0.00001 0.845713 0.00001 0.151669
0.00001 0.00001 0.918652 0.081318 0.00001
0.00001 0.00001 0.989155 0.00001 0.010815
0.00001 0.00001 0.665907 0.168809 0.165264
0.005723 0.00001 0.730861 0.00001 0.263396
0.00001 0.00001 0.754847 0.170315 0.074818
0.00001 0.00001 0.718828 0.164143 0.117009
0.00001 0.001293 0.708883 0.169183 0.12063
0.00001 0.00001 0.825836 0.034253 0.139891
0.00001 0.00001 0.772702 0.044176 0.183102
0.00001 0.00001 0.752757 0.014869 0.232354
0.00001 0.00001 0.822536 0.005025 0.172419
0.00001 0.002894 0.771871 0.07719 0.148036
0.00001 0.00001 0.732482 0.00001 0.267488
0.00001 0.00001 0.793162 0.204218 0.002601
0.00001 0.00001 0.730642 0.095525 0.173813
0.00001 0.00001 0.845784 0.154186 0.00001
0.00001 0.00001 0.885281 0.114689 0.00001
0.00001 0.00001 0.78983 0.00001 0.21014
0.00001 0.00001 0.750433 0.151892 0.097656
0.00001 0.00001 0.661175 0.044898 0.293908
0.00001 0.00001 0.782315 0.217655 0.00001
0.00001 0.00001 0.773886 0.199979 0.026115
0.00001 0.00001 0.73664 0.084549 0.178791
0.00001 0.00001 0.703972 0.167736 0.128272
0.00001 0.00001 0.684689 0.00001 0.315281
0.00001 0.00001 0.810765 0.039574 0.149641
0.00001 0.00001 0.715015 0.156695 0.12827
0.00001 0.00001 0.661459 0.00001 0.338511
0.00001 0.00001 0.580925 0.044922 0.374134
0.00001 0.00001 0.573611 0.099596 0.326773
0.00001 0.00001 0.579594 0.00001 0.420376
0.00001 0.00001 0.626615 0.136085 0.237281
0.00001 0.00001 0.716971 0.00001 0.282999
0.00001 0.00001 0.678241 0.058878 0.26286
0.00001 0.00001 0.567974 0.148329 0.283677
0.00001 0.00001 0.601994 0.202079 0.195907
0.00001 0.00001 0.577978 0.158372 0.263629
0.00001 0.00001 0.901499 0.00001 0.098471
0.00001 0.00001 0.846181 0.153789 0.00001
0.00001 0.00001 0.771289 0.228681 0.00001
0.00001 0.00001 0.697333 0.133936 0.16871
0.00001 0.00001 0.852867 0.147103 0.00001
0.006273 0.00001 0.771688 0.118302 0.103727
0.00001 0.00001 0.190939 0.141812 0.667229
0.00001 0.00001 0.408209 0.115175 0.476596
0.00001 0.00001 0.423503 0.166776 0.409701
0.00001 0.00001 0.218517 0.277157 0.504306
0.00001 0.00001 0.267062 0.302271 0.430647
0.00001 0.00001 0.434349 0.064061 0.50157
0.00001 0.00001 0.390827 0.140002 0.469151
0.00001 0.00001 0.28889 0.291508 0.419581
0.00001 0.00001 0.144619 0.214064 0.641297
0.00001 0.00001 0.591032 0.177705 0.231243
0.00001 0.00001 0.446239 0.005129 0.548612
0.00001 0.00001 0.275868 0.2305 0.493612
0.00001 0.00001 0.245513 0.207319 0.547149
0.00001 0.00001 0.571351 0.138483 0.290146
0.00001 0.00001 0.340273 0.233255 0.426452
0.00001 0.00001 0.330607 0.084235 0.585137
0.00001 0.00001 0.276093 0.230571 0.493316
0.00001 0.00001 0.247471 0.134405 0.618104
0.00001 0.00001 0.28437 0.258871 0.456739
0.00001 0.00001 0.464617 0.327115 0.208248
0.00001 0.00001 0.576258 0.160087 0.263635
0.00001 0.00001 0.21266 0.190158 0.597161
0.00001 0.00001 0.189781 0.149194 0.661005
0.00001 0.00001 0.187182 0.154197 0.6586
0.00001 0.00001 0.395542 0.00001 0.604428
0.00001 0.00001 0.325146 0.168242 0.506592
0.00001 0.00001 0.402873 0.157438 0.439669
0.00001 0.00001 0.368476 0.120618 0.510886
0.00001 0.00001 0.00001 0.488263 0.511707
0.00001 0.00001 0.004686 0.398817 0.596477
0.00001 0.00001 0.00001 0.466146 0.533824
0.00001 0.00001 0.00001 0.99996 0.00001
0.00001 0.00001 0.00001 0.523165 0.476805
0.00001 0.00001 0.00001 0.527349 0.472621
0.00001 0.00001 0.00001 0.241634 0.758336
0.00001 0.00001 0.00001 0.255806 0.744164
0.00001 0.00001 0.00001 0.376079 0.623891
0.00001 0.00001 0.00001 0.99996 0.00001
0.00001 0.00001 0.00001 0.393511 0.606459
0.00001 0.00001 0.00001 0.479052 0.520918
0.00001 0.00001 0.00001 0.472804 0.527166
0.00001 0.00001 0.00001 0.47609 0.52388
0.00001 0.00001 0.00001 0.99996 0.00001
0.00001 0.00001 0.00001 0.409788 0.590182
0.00001 0.00001 0.00001 0.99996 0.00001
0.00001 0.00001 0.003389 0.303731 0.69286
0.00001 0.00001 0.00001 0.398767 0.601203
0.00001 0.00001 0.00001 0.99996 0.00001
0.00001 0.00001 0.00001 0.405862 0.594108
0.00001 0.00001 0.00001 0.454816 0.545154
0.00001 0.00001 0.062038 0.361868 0.576074
0.00001 0.00001 0.00001 0.99996 0.00001
0.00001 0.00001 0.00001 0.99996 0.00001
0.00001 0.00001 0.130296 0.26023 0.609455
0.00001 0.00001 0.221898 0.334833 0.443249
0.00001 0.00001 0.00001 0.00001 0.99996
0.00001 0.00001 0.00001 0.297602 0.702368
0.00001 0.00001 0.17937 0.318403 0.502207
0.00001 0.00001 0.178263 0.212098 0.609618
0.00001 0.00001 0.060262 0.26673 0.672987
0.00001 0.00001 0.195617 0.279389 0.524974
0.00001 0.00001 0.00001 0.262256 0.737714
0.00001 0.00001 0.129213 0.303459 0.567308
0.00001 0.00001 0.00001 0.00001 0.99996
0.00001 0.00001 0.00001 0.00001 0.99996
0.00001 0.00001 0.025939 0.354484 0.619558
0.00001 0.00001 0.09751 0.230664 0.671807
0.00001 0.00001 0.123591 0.255728 0.620661
0.00001 0.00001 0.139103 0.215826 0.645051
0.00001 0.00001 0.077495 0.172944 0.749542
0.00001 0.00001 0.110071 0.250893 0.639016
0.00001 0.00001 0.054906 0.256794 0.68828
0.00001 0.00001 0.166126 0.224152 0.609702
0.00001 0.00001 0.11831 0.339742 0.541928
0.00001 0.00001 0.072581 0.21041 0.71699
0.00001 0.00001 0.108496 0.272244 0.61924
0.00001 0.00001 0.00001 0.174335 0.825635
0.00001 0.00001 0.108946 0.25175 0.639284
0.00001 0.00001 0.13783 0.268982 0.593168
0.00001 0.00001 0.00001 0.00001 0.99996
0.00001 0.00001 0.077496 0.300763 0.621721
0.00001 0.00001 0.00001 0.00001 0.99996
0.00001 0.00001 0.00001 0.00001 0.99996
0.00001 0.00001 0.088544 0.201581 0.709855
0.00001 0.00001 0.064814 0.142588 0.792579
0.00001 0.00001 0.068828 0.263004 0.668148
0.00001 0.00001 0.00001 0.198441 0.801529
0.00001 0.00001 0.00001 0.00001 0.99996
0.00001 0.00001 0.00001 0.00001 0.99996
0.00001 0.00001 0.043254 0.245427 0.711299
0.000014 0.00001 0.00001 0.00001 0.999956
0.00001 0.00001 0.00001 0.247625 0.752345
0.00001 0.00001 0.040504 0.266672 0.692805
0.00001 0.00001 0.00001 0.307338 0.692632
0.00001 0.00001 0.00001 0.00001 0.99996
0.00001 0.00001 0.092634 0.166006 0.74134
0.00001 0.00001 0.00001 0.00001 0.99996
0.00001 0.00001 0.01355 0.223734 0.762697
0.00001 0.00001 0.00001 0.00001 0.99996
0.00001 0.00001 0.00001 0.157433 0.842537
0.00001 0.00001 0.00001 0.105142 0.894828
0.00001 0.00001 0.00001 0.00001 0.99996
0.00001 0.00001 0.020791 0.157945 0.821244
0.00001 0.00001 0.056239 0.308675 0.635066
0.00001 0.00001 0.054558 0.198156 0.747266
0.00001 0.00001 0.00001 0.00001 0.99996
0.00001 0.00001 0.054064 0.244452 0.701464
0.00001 0.00001 0.16258 0.316823 0.520577
0.00001 0.00001 0.00001 0.256348 0.743622
0.000014 0.00001 0.136211 0.151623 0.712142
0.00001 0.00001 0.00001 0.171831 0.828139
0.00001 0.00001 0.076651 0.325507 0.597822
0.00001 0.00001 0.105049 0.264846 0.630084
0.00001 0.00001 0.053215 0.253285 0.69348
0.00001 0.00001 0.114389 0.248836 0.636755
0.00001 0.00001 0.13682 0.310664 0.552496
0.00001 0.00001 0.091128 0.171343 0.737509
