0.00001 0.00001 0.99996 0.00001 0.00001
0.00001 0.00001 0.99996 0.00001 0.00001
0.00001 0.00001 0.99996 0.00001 0.00001
0.00001 0.00001 0.99996 0.00001 0.00001
0.00001 0.00001 0.99996 0.00001 0.00001
0.00001 0.00001 0.99996 0.00001 0.00001
0.00001 0.307203 0.692767 0.00001 0.00001
0.00001 0.00001 0.99996 0.00001 0.00001
0.00001 0.00001 0.99996 0.00001 0.00001
0.00001 0.00001 0.99996 0.00001 0.00001
0.00001 0.00001 0.99996 0.00001 0.00001
0.00001 0.00001 0.99996 0.00001 0.00001
0.00001 0.00001 0.99996 0.00001 0.00001
0.028998 0.458478 0.512503 0.00001 0.00001
0.00001 0.00001 0.99996 0.00001 0.00001
0.00001 0.00001 0.99996 0.00001 0.00001
0.00001 0.00001 0.99996 0.00001 0.00001
0.00001 0.00001 0.99996 0.00001 0.00001
0.00001 0.00001 0.99996 0.00001 0.00001
0.000016 0.434097 0.565867 0.00001 0.00001
0.00001 0.00001 0.99996 0.00001 0.00001
0.00001 0.473733 0.526237 0.00001 0.00001
0.00001 0.99996 0.00001 0.00001 0.00001
0.029619 0.970351 0.00001 0.00001 0.00001
0.00001 0.691854 0.308116 0.00001 0.00001
0.00001 0.787474 0.212496 0.00001 0.00001
0.00001 0.751137 0.221774 0.00001 0.027069
0.00001 0.741208 0.258762 0.00001 0.00001
0.00001 0.740421 0.258986 0.00001 0.000573
0.000013 0.616818 0.383149 0.00001 0.00001
0.000016 0.702838 0.297125 0.00001 0.00001
0.002125 0.70408 0.293775 0.00001 0.00001
0.00001 0.629067 0.347716 0.00001 0.023197
0.000011 0.771097 0.228872 0.00001 0.00001
0.00001 0.908504 0.091465 0.00001 0.00001
0.00001 0.99996 0.00001 0.00001 0.00001
0.00001 0.788619 0.211351 0.00001 0.00001
0.00001 0.730247 0.269723 0.00001 0.00001
0.000168 0.660787 0.339025 0.00001 0.00001
0.00001 0.881457 0.118513 0.00001 0.00001
0.00001 0.855171 0.144799 0.00001 0.00001
0.00001 0.99996 0.00001 0.00001 0.00001
0.019996 0.762491 0.217493 0.00001 0.00001
0.00001 0.6872 0.263195 0.00001 0.049585
0.00001 0.677371 0.322599 0.00001 0.00001
0.00001 0.777386 0.222584 0.00001 0.00001
0.00001 0.879934 0.120036 0.00001 0.00001
0.00001 0.698999 0.300971 0.00001 0.00001
0.00001 0.800183 0.199787 0.00001 0.00001
0.00001 0.62197 0.362308 0.00001 0.015703
0.00001 0.661574 0.338396 0.00001 0.00001
0.006855 0.752236 0.240889 0.00001 0.00001
0.00001 0.99996 0.00001 0.00001 0.00001
0.00001 0.85944 0.14053 0.00001 0.00001
0.011479 0.988491 0.00001 0.00001 0.00001
0.00001 0.796412 0.203558 0.00001 0.00001
0.020192 0.596536 0.383251 0.00001 0.00001
0.00001 0.902859 0.096065 0.00001 0.001056
0.00001 0.734489 0.265481 0.00001 0.00001
0.00001 0.692257 0.281871 0.00001 0.025852
0.00001 0.99996 0.00001 0.00001 0.00001
0.000011 0.751044 0.248925 0.00001 0.00001
0.00001 0.753131 0.246839 0.00001 0.00001
0.016238 0.674581 0.309161 0.00001 0.00001
0.00001 0.510414 0.489556 0.00001 0.00001
0.00001 0.736127 0.263843 0.00001 0.00001
0.00001 0.836912 0.163057 0.00001 0.00001
0.00001 0.717377 0.282593 0.00001 0.00001
0.00001 0.741652 0.254307 0.004021 0.00001
0.00001 0.79449 0.20548 0.00001 0.00001
0.00001 0.683305 0.316665 0.00001 0.00001
0.00001 0.699776 0.293761 0.00001 0.006443
0.00001 0.79632 0.20365 0.00001 0.00001
0.000014 0.738107 0.261859 0.00001 0.00001
0.000013 0.654245 0.345722 0.00001 0.00001
0.00001 0.693918 0.299824 0.00001 0.006238
0.00001 0.756395 0.243575 0.00001 0.00001
0.00001 0.624792 0.375178 0.00001 0.00001
0.00001 0.692191 0.29769 0.00001 0.0101
0.00001 0.749438 0.250532 0.00001 0.00001
0.083308 0.560601 0.356071 0.00001 0.00001
0.00001 0.788995 0.210975 0.00001 0.00001
0.00001 0.99996 0.00001 0.00001 0.00001
0.00001 0.619486 0.380484 0.00001 0.00001
0.00001 0.801303 0.198667 0.00001 0.00001
0.00001 0.722729 0.273304 0.00001 0.003947
0.00001 0.84443 0.15554 0.00001 0.00001
0.00001 0.835189 0.164781 0.00001 0.00001
0.005929 0.70582 0.288231 0.00001 0.00001
0.00001 0.618682 0.380102 0.00001 0.001196
0.00001 0.766101 0.233869 0.00001 0.00001
0.01567 0.763617 0.220693 0.00001 0.00001
0.00001 0.572994 0.424912 0.002074 0.00001
0.00001 0.99996 0.00001 0.00001 0.00001
0.00001 0.607341 0.392628 0.000012 0.00001
0.00001 0.99996 0.00001 0.00001 0.00001
0.00001 0.837775 0.160958 0.00001 0.001247
0.00001 0.854048 0.145922 0.00001 0.00001
0.00001 0.65553 0.34444 0.00001 0.00001
0.00001 0.99996 0.00001 0.00001 0.00001
0.00001 0.714189 0.285781 0.00001 0.00001
0.00001 0.683748 0.316222 0.00001 0.00001
0.00001 0.842754 0.157216 0.00001 0.00001
0.000631 0.72393 0.275419 0.00001 0.00001
0.00252 0.798795 0.198666 0.00001 0.00001
0.00001 0.902458 0.097512 0.00001 0.00001
0.00001 0.824177 0.175793 0.00001 0.00001
0.000016 0.6847 0.315264 0.00001 0.00001
0.00001 0.698294 0.299745 0.00001 0.001941
0.00001 0.99996 0.00001 0.00001 0.00001
0.00001 0.99996 0.00001 0.00001 0.00001
0.00001 0.804607 0.195363 0.00001 0.00001
0.00001 0.678373 0.321597 0.00001 0.00001
0.00001 0.751517 0.248453 0.00001 0.00001
0.00001 0.729644 0.270326 0.00001 0.00001
0.00001 0.909448 0.090522 0.00001 0.00001
0.00001 0.75563 0.24434 0.00001 0.00001
0.00001 0.755309 0.244661 0.00001 0.00001
0.00001 0.610988 0.388982 0.00001 0.00001
0.00001 0.646168 0.348937 0.00001 0.004875
0.00001 0.672429 0.327541 0.00001 0.00001
0.00001 0.860651 0.139319 0.00001 0.00001
0.000016 0.778897 0.221067 0.00001 0.00001
0.00001 0.792304 0.207666 0.00001 0.00001
0.00001 0.73625 0.26372 0.00001 0.00001
0.00001 0.983284 0.012832 0.003864 0.00001
0.00001 0.99996 0.00001 0.00001 0.00001
0.00001 0.856429 0.143541 0.00001 0.00001
0.00001 0.997908 0.00001 0.00001 0.002062
0.00001 0.779337 0.220633 0.00001 0.00001
0.00001 0.738064 0.231857 0.00001 0.030059
0.518097 0.292204 0.189679 0.00001 0.00001
0.358655 0.310359 0.202128 0.027354 0.101505
0.187116 0.519329 0.085053 0.113753 0.094749
0.251823 0.590593 0.157564 0.00001 0.00001
0.233433 0.705849 0.055277 0.005431 0.00001
0.253339 0.572862 0.173779 0.00001 0.00001
0.334205 0.145904 0.041866 0.229956 0.248069
0.561508 0.253933 0.184539 0.00001 0.00001
0.692327 0.00001 0.307643 0.00001 0.00001
0.00001 0.552365 0.169749 0.063057 0.21482
0.207515 0.608961 0.183505 0.00001 0.00001
0.99996 0.00001 0.00001 0.00001 0.00001
0.734629 0.00001 0.265341 0.00001 0.00001
0.183679 0.098415 0.116908 0.23803 0.362968
0.423659 0.081487 0.102579 0.091782 0.300493
0.267557 0.601744 0.130678 0.00001 0.00001
0.088177 0.560788 0.210705 0.035904 0.104427
0.049733 0.547397 0.100059 0.098577 0.204233
0.14516 0.487097 0.234063 0.00001 0.133671
0.122424 0.569423 0.205164 0.00001 0.102978
0.058624 0.603676 0.201284 0.00001 0.136406
0.058352 0.550945 0.333829 0.00001 0.056865
0.165736 0.630242 0.00001 0.139811 0.064201
0.00001 0.5981 0.105498 0.004185 0.292207
0.180241 0.607506 0.029097 0.00001 0.183146
0.00001 0.472925 0.259058 0.159703 0.108304
0.019939 0.651363 0.17927 0.041382 0.108046
0.177829 0.499476 0.259614 0.00001 0.063072
0.194029 0.60662 0.199331 0.00001 0.00001
0.019688 0.598101 0.200125 0.082994 0.099093
0.276124 0.477305 0.192786 0.053775 0.00001
0.114679 0.647222 0.178224 0.059865 0.00001
0.00001 0.645925 0.158501 0.00001 0.195555
0.155372 0.571453 0.199658 0.073507 0.00001
0.00001 0.555535 0.23325 0.056733 0.154473
0.007193 0.562334 0.183602 0.051352 0.195519
0.055258 0.512384 0.28294 0.00001 0.149409
0.00001 0.685069 0.116994 0.00001 0.197917
0.021031 0.578501 0.203588 0.00001 0.19687
0.21534 0.671151 0.113489 0.00001 0.00001
0.287045 0.43676 0.095341 0.00001 0.180844
0.069413 0.584975 0.145836 0.057802 0.141974
0.183213 0.593851 0.222916 0.00001 0.00001
0.00001 0.641305 0.275699 0.082976 0.00001
0.340539 0.00001 0.00001 0.079246 0.580195
0.289312 0.00001 0.00001 0.156693 0.553975
0.287047 0.00001 0.00001 0.061268 0.651664
0.161648 0.00001 0.00001 0.00001 0.838322
0.33457 0.00001 0.00001 0.084368 0.581042
0.217752 0.00001 0.00001 0.114301 0.667927
0.226768 0.00001 0.00001 0.066454 0.706758
0.00001 0.00001 0.00001 0.080235 0.919735
0.138046 0.00001 0.00001 0.143036 0.718898
0.00001 0.00001 0.00001 0.220372 0.779598
0.00001 0.00001 0.00001 0.00001 0.99996
0.00001 0.00001 0.00001 0.00001 0.99996
0.00001 0.00001 0.00001 0.00001 0.99996
0.00001 0.00001 0.00001 0.00001 0.99996
0.00001 0.00001 0.00001 0.00001 0.99996
0.00001 0.000019 0.00001 0.00001 0.999951
0.392264 0.00001 0.00001 0.090781 0.516935
0.331328 0.00001 0.00001 0.061039 0.607612
0.124537 0.00001 0.024071 0.150377 0.701005
0.305488 0.00001 0.00001 0.158895 0.535598
0.301671 0.00001 0.00001 0.054711 0.643598
0.00001 0.00001 0.00001 0.037543 0.962427
0.239774 0.00001 0.00001 0.179602 0.580604
0.00001 0.00001 0.00001 0.226147 0.773823
0.414235 0.00001 0.00001 0.086593 0.499152
0.336929 0.00001 0.00001 0.105186 0.557865
0.182021 0.00001 0.00001 0.130063 0.687896
0.263173 0.00001 0.00001 0.208872 0.527936
0.158587 0.000016 0.00001 0.091305 0.750082
0.188705 0.00001 0.00001 0.147822 0.663452
0.412003 0.00001 0.00001 0.04249 0.545488
0.286949 0.00001 0.00001 0.076109 0.636923
0.387843 0.00001 0.00001 0.080216 0.531922
0.443147 0.000016 0.00001 0.15258 0.404248
0.221405 0.00001 0.00001 0.049598 0.728978
0.293953 0.00001 0.00001 0.145457 0.56057
0.289325 0.00001 0.00001 0.00001 0.710645
0.218562 0.00001 0.00001 0.00001 0.781408
0.209229 0.00001 0.00001 0.036525 0.754226
0.092819 0.00001 0.00001 0.095104 0.812057
0.22578 0.00001 0.00001 0.211033 0.563167
0.213313 0.00001 0.00001 0.148346 0.63832
0.99996 0.00001 0.00001 0.00001 0.00001
0.51251 0.00001 0.00001 0.00001 0.48746
0.213609 0.00001 0.00001 0.266717 0.519653
0.383968 0.00001 0.00001 0.046077 0.569935
0.338023 0.00001 0.00001 0.178692 0.483265
0.234486 0.02852 0.00001 0.007996 0.728988
0.138517 0.00001 0.00001 0.195577 0.665885
0.206499 0.00001 0.00001 0.233787 0.559694
0.188728 0.00001 0.00001 0.096587 0.714665
0.231783 0.00001 0.00001 0.111073 0.657124
0.00001 0.00001 0.00001 0.00001 0.99996
0.079753 0.00001 0.00001 0.046787 0.873439
0.00001 0.00001 0.00001 0.00001 0.99996
0.00001 0.00001 0.00001 0.093336 0.906634
0.187741 0.00001 0.00001 0.059205 0.753034
0.00001 0.00001 0.00001 0.116434 0.883536
0.31802 0.00001 0.00001 0.100074 0.581886
0.245597 0.00001 0.00001 0.224833 0.52955
0.99996 0.00001 0.00001 0.00001 0.00001
0.30254 0.018999 0.00001 0.00001 0.678441
0.342641 0.00001 0.00001 0.045174 0.612165
0.394854 0.00001 0.00001 0.00001 0.605116
0.00001 0.00001 0.00001 0.00001 0.99996
0.00001 0.00001 0.00001 0.00001 0.99996
0.295705 0.00001 0.00001 0.189009 0.515266
0.331309 0.00001 0.00001 0.071225 0.597446
0.43947 0.000019 0.00001 0.098238 0.462263
0.33195 0.00001 0.00001 0.135767 0.532262
0.414526 0.00001 0.00001 0.146398 0.439056
0.372796 0.00001 0.00001 0.007755 0.619428
0.00001 0.00001 0.00001 0.00001 0.99996
0.178633 0.00001 0.00001 0.100453 0.720894
0.299186 0.00001 0.00001 0.00001 0.700784
0.211947 0.002702 0.00001 0.048071 0.737269
0.00001 0.00001 0.00001 0.00001 0.99996
0.490614 0.00001 0.00001 0.094002 0.415364
0.283061 0.00001 0.00001 0.109148 0.607771
0.36645 0.00001 0.00001 0.01988 0.613651
0.175727 0.00001 0.00001 0.00001 0.824243
0.193887 0.00001 0.00001 0.004603 0.80149
0.00001 0.00001 0.00001 0.136182 0.863788
0.00001 0.00001 0.00001 0.152472 0.847498
0.00001 0.00001 0.00001 0.133122 0.866848
0.00001 0.00001 0.00001 0.119318 0.880652
0.203758 0.00001 0.00001 0.10024 0.695982
0.166485 0.00001 0.00001 0.137444 0.69605
0.291496 0.00001 0.00001 0.123975 0.584509
0.16554 0.00001 0.00001 0.051347 0.783093
0.210793 0.00001 0.00001 0.155172 0.634016
0.246501 0.00001 0.00001 0.154366 0.599113
0.12509 0.00001 0.00001 0.261775 0.613114
0.304778 0.00001 0.00001 0.260135 0.435068
0.00001 0.00001 0.00001 0.258325 0.741645
0.346986 0.00001 0.00001 0.227482 0.425511
0.00001 0.00001 0.00001 0.083773 0.916197
0.182418 0.000017 0.00001 0.169865 0.64769
0.234626 0.00001 0.00001 0.300217 0.465137
0.243589 0.00001 0.00001 0.270165 0.486226
0.221187 0.00001 0.00001 0.282359 0.496435
0.382757 0.00001 0.00001 0.00001 0.617213
0.253351 0.00001 0.00001 0.00001 0.746619
0.27085 0.00001 0.00001 0.130222 0.598908
0.00001 0.00001 0.00001 0.169295 0.830675
0.412041 0.00001 0.00001 0.00001 0.587929
0.361269 0.00001 0.00001 0.09096 0.547751
0.00001 0.00001 0.00001 0.666692 0.333278
0.116258 0.00001 0.00001 0.429585 0.454137
0.129711 0.00001 0.00001 0.435157 0.435112
0.00001 0.00001 0.00001 0.64803 0.35194
0.317412 0.00001 0.00001 0.652073 0.030495
0.173144 0.00001 0.00001 0.384852 0.441984
0.087996 0.00001 0.00001 0.444726 0.467258
0.132949 0.00001 0.00001 0.598979 0.268051
0.088781 0.00001 0.00001 0.710053 0.201146
0.344857 0.00001 0.00001 0.262074 0.393049
0.122383 0.00001 0.00001 0.377436 0.500161
0.00001 0.00001 0.00001 0.600969 0.399001
0.00001 0.00001 0.00001 0.599414 0.400556
0.190529 0.00001 0.00001 0.2914 0.518051
0.186692 0.00001 0.00001 0.516266 0.297022
0.201639 0.000019 0.00001 0.497457 0.300875
0.134169 0.000018 0.00001 0.589588 0.276216
0.070638 0.000012 0.00001 0.586654 0.342687
0.096925 0.00001 0.00001 0.599415 0.303639
0.238131 0.00001 0.00001 0.430109 0.331741
0.090094 0.00001 0.00001 0.258147 0.651738
0.177862 0.00001 0.00001 0.640281 0.181838
0.00001 0.000017 0.00001 0.625905 0.374058
0.00001 0.00001 0.00001 0.613978 0.385992
0.281838 0.00001 0.00001 0.352275 0.365867
0.040259 0.00001 0.00001 0.54734 0.412381
0.238879 0.00001 0.00001 0.436133 0.324968
0.322068 0.00001 0.00001 0.450756 0.227156
0.079581 0.00001 0.00001 0.920389 0.00001
0.117466 0.00001 0.00001 0.882504 0.00001
0.00001 0.00001 0.00001 0.976534 0.023436
0.061516 0.00001 0.00002 0.938445 0.00001
0.090425 0.00001 0.00001 0.909545 0.00001
0.00001 0.00001 0.00001 0.99996 0.00001
0.00001 0.00001 0.00001 0.891023 0.108947
0.00001 0.00001 0.00001 0.813592 0.186378
0.00001 0.00001 0.00001 0.99996 0.00001
0.00001 0.00001 0.00001 0.99996 0.00001
0.00001 0.00001 0.00001 0.999484 0.000486
0.00001 0.00001 0.00001 0.99996 0.00001
0.00001 0.00001 0.00001 0.99996 0.00001
0.00001 0.00002 0.00001 0.99995 0.00001
0.00001 0.00001 0.00001 0.99996 0.00001
0.00001 0.00001 0.00001 0.99996 0.00001
0.17062 0.00001 0.000019 0.829341 0.00001
0.111842 0.00001 0.00001 0.888128 0.00001
0.00001 0.00001 0.00001 0.99996 0.00001
0.00001 0.00001 0.00001 0.99996 0.00001
0.00001 0.00001 0.00001 0.99996 0.00001
0.00001 0.00001 0.00001 0.99996 0.00001
0.00001 0.000019 0.00001 0.782384 0.217576
0.00001 0.00001 0.00001 0.99996 0.00001
0.00001 0.00001 0.00001 0.99996 0.00001
0.00001 0.00001 0.00001 0.759061 0.240909
0.114771 0.00001 0.00001 0.65367 0.231539
0.095078 0.00001 0.00001 0.787349 0.117553
0.00001 0.00001 0.00001 0.830841 0.169129
0.00001 0.00001 0.00001 0.717492 0.282478
0.066269 0.00001 0.00001 0.683699 0.250011
0.196575 0.00001 0.00001 0.803395 0.00001
0.00001 0.00001 0.00001 0.687479 0.312491
0.105686 0.00001 0.00001 0.894284 0.00001
0.00001 0.00001 0.00001 0.751509 0.248461
0.00001 0.00001 0.00001 0.737948 0.262022
0.00001 0.00001 0.00001 0.7655 0.23447
0.00001 0.00001 0.00001 0.860806 0.139164
0.199368 0.00001 0.00001 0.800602 0.00001
0.074326 0.000017 0.00001 0.718703 0.206945
0.00001 0.00001 0.00001 0.738799 0.261171
0.00001 0.00001 0.00001 0.801443 0.198527
0.057617 0.00001 0.00001 0.73405 0.208313
0.00001 0.00001 0.00001 0.751067 0.248903
0.212475 0.00001 0.00001 0.69789 0.089615
0.207541 0.00001 0.00001 0.792429 0.00001
0.00001 0.00001 0.00001 0.752102 0.247868
0.00001 0.00001 0.00001 0.723349 0.276621
0.000011 0.000016 0.00001 0.850932 0.149032
0.14751 0.00001 0.00001 0.761694 0.090776
0.078187 0.00002 0.00001 0.738742 0.183041
0.00001 0.00001 0.00001 0.694282 0.305688
0.00001 0.00001 0.00001 0.806558 0.193412
0.044489 0.00001 0.00001 0.819749 0.135742
0.00001 0.00001 0.00001 0.792134 0.207836
0.003258 0.00001 0.00001 0.75137 0.245353
0.00001 0.00001 0.00001 0.746558 0.253412
0.193582 0.00001 0.00001 0.797146 0.009252
0.00001 0.00001 0.00001 0.859809 0.140161
0.00001 0.00002 0.00001 0.729096 0.270865
0.00001 0.00001 0.00001 0.99996 0.00001
0.158651 0.00001 0.00001 0.841319 0.00001
0.00001 0.000017 0.00001 0.999953 0.00001
0.115368 0.00001 0.00001 0.884602 0.00001
0.00001 0.00001 0.00001 0.803857 0.196113
0.00001 0.00001 0.00001 0.867258 0.132712
0.00001 0.00001 0.00001 0.756435 0.243535
0.00001 0.000015 0.00001 0.717279 0.282686
0.00001 0.00001 0.00001 0.891353 0.108617
0.00001 0.00001 0.00001 0.830251 0.169719
0.00001 0.00001 0.00001 0.769359 0.230611
0.00001 0.00001 0.00001 0.872924 0.127046
0.165888 0.00001 0.00001 0.825636 0.008456
0.00001 0.00001 0.00001 0.743318 0.256652
0.00001 0.00001 0.00001 0.808705 0.191265
0.044627 0.00001 0.00001 0.832518 0.122835
0.000011 0.00001 0.00001 0.79451 0.205458
0.078507 0.00001 0.00001 0.852665 0.068808
0.169633 0.00001 0.00001 0.830337 0.00001
0.00001 0.00001 0.00001 0.717746 0.282224
0.00001 0.00001 0.00001 0.962545 0.037425
0.225314 0.00001 0.00001 0.715272 0.059395
0.00001 0.00001 0.00001 0.85569 0.14428
0.108987 0.00001 0.00001 0.805294 0.0857
0.00001 0.00001 0.00001 0.759294 0.240676
0.031526 0.000015 0.00001 0.811563 0.156886
0.00001 0.00001 0.00001 0.756574 0.243396
0.079671 0.00001 0.00001 0.741022 0.179287
0.00001 0.00001 0.00001 0.742413 0.257557
