0.491073 0.00001 0.00001 0.508897 0.00001
0.472455 0.00001 0.00001 0.527515 0.00001
0.51382 0.00001 0.00001 0.48615 0.00001
0.99996 0.00001 0.00001 0.00001 0.00001
0.99996 0.00001 0.00001 0.00001 0.00001
0.61654 0.00001 0.00001 0.38343 0.00001
0.453526 0.000012 0.00001 0.263613 0.28284
0.505298 0.00001 0.00001 0.494672 0.00001
0.568271 0.00001 0.00001 0.431699 0.00001
0.99996 0.00001 0.00001 0.00001 0.00001
0.99996 0.00001 0.00001 0.00001 0.00001
0.623616 0.00001 0.00001 0.376354 0.00001
0.488977 0.00001 0.00001 0.311157 0.199846
0.3264 0.00001 0.025625 0.36301 0.284956
0.48698 0.00001 0.00001 0.51299 0.00001
0.705592 0.00001 0.00001 0.294378 0.00001
0.99996 0.00001 0.00001 0.00001 0.00001
0.606272 0.00001 0.00001 0.393698 0.00001
0.99996 0.00001 0.00001 0.00001 0.00001
0.378008 0.00001 0.00001 0.311406 0.310566
0.99996 0.00001 0.00001 0.00001 0.00001
0.364563 0.00001 0.00001 0.283261 0.352156
0.00001 0.00001 0.00001 0.00001 0.99996
0.00001 0.00001 0.014981 0.00001 0.984989
0.115675 0.00002 0.00001 0.34979 0.534505
0.033633 0.00001 0.00001 0.413536 0.552811
0.00001 0.00001 0.00001 0.99996 0.00001
0.119862 0.00001 0.00001 0.45772 0.422397
0.129506 0.00001 0.00001 0.387465 0.483009
0.252206 0.00001 0.00001 0.322097 0.425677
0.138439 0.00001 0.00001 0.329163 0.532379
0.108716 0.00001 0.00001 0.490023 0.401241
0.116573 0.00001 0.014759 0.562686 0.305972
0.100132 0.00001 0.00001 0.366715 0.533133
0.007458 0.00001 0.00001 0.290112 0.70241
0.00001 0.00001 0.00001 0.247564 0.752406
0.084423 0.00001 0.00001 0.342878 0.572679
0.146709 0.00001 0.00001 0.317433 0.535838
0.166393 0.00001 0.00001 0.380658 0.452929
0.000011 0.00001 0.00001 0.475255 0.524715
0.034999 0.00001 0.00001 0.359572 0.605408
0.00001 0.00001 0.00001 0.00001 0.99996
0.108756 0.00001 0.01672 0.317085 0.557429
0.123965 0.00001 0.047798 0.275313 0.552914
0.200903 0.00001 0.00001 0.329177 0.4699
0.10271 0.00001 0.00001 0.284533 0.612736
0.048657 0.000018 0.00001 0.260468 0.690847
0.0954 0.00001 0.00001 0.464001 0.440579
0.086307 0.00001 0.00001 0.347511 0.566162
0.178245 0.00001 0.013488 0.376484 0.431773
0.182904 0.000019 0.00001 0.358091 0.458976
0.094395 0.00001 0.003479 0.412498 0.489618
0.00001 0.00001 0.00001 0.250307 0.749663
0.05319 0.00001 0.00001 0.329666 0.617125
0.00001 0.00001 0.003839 0.00001 0.996131
0.110777 0.00001 0.00001 0.296585 0.592617
0.185684 0.00001 0.01219 0.444717 0.357399
0.01998 0.00001 0.00001 0.322302 0.657699
0.148462 0.00001 0.00001 0.234694 0.616824
0.123523 0.00001 0.023598 0.335844 0.517025
0.00001 0.00001 0.00001 0.00001 0.99996
0.115926 0.00001 0.00001 0.365161 0.518893
0.108878 0.00001 0.00001 0.32948 0.561623
0.160738 0.00001 0.010319 0.292109 0.536824
0.284612 0.00001 0.00001 0.448837 0.266532
0.131104 0.00001 0.00001 0.326886 0.54199
0.063373 0.00001 0.00001 0.259528 0.677079
0.00001 0.00001 0.00001 0.99996 0.00001
0.00001 0.00001 0.00001 0.99996 0.00001
0.083111 0.00001 0.00001 0.330695 0.586174
0.191887 0.00001 0.00001 0.30728 0.500813
0.126603 0.00001 0.004237 0.407342 0.461808
0.115289 0.00001 0.00001 0.00001 0.884681
0.173718 0.00001 0.00001 0.291107 0.535155
0.204542 0.00001 0.00001 0.277187 0.518252
0.143201 0.00001 0.003452 0.318409 0.534928
0.09377 0.00001 0.00001 0.366195 0.540016
0.238541 0.00001 0.00001 0.00001 0.761429
0.176531 0.00001 0.007964 0.315632 0.499863
0.108463 0.00001 0.00001 0.432415 0.459102
0.141728 0.00001 0.074018 0.444059 0.340185
0.062934 0.00001 0.00001 0.377964 0.559081
0.01044 0.00001 0.00001 0.241284 0.748255
0.23898 0.00001 0.00001 0.329871 0.431128
0.083425 0.00001 0.00001 0.401215 0.515339
0.129471 0.00001 0.002946 0.338866 0.528706
0.00001 0.00001 0.00001 0.417929 0.582041
0.069615 0.00001 0.00001 0.285541 0.644824
0.136803 0.00001 0.002161 0.303675 0.557352
0.195398 0.00001 0.00001 0.419263 0.385319
0.096789 0.00001 0.00001 0.272749 0.630442
0.078381 0.00001 0.011138 0.390744 0.519727
0.245161 0.000015 0.00001 0.392228 0.362586
0.00001 0.00001 0.00001 0.20111 0.79886
0.22491 0.00001 0.00001 0.332321 0.442749
0.00001 0.00001 0.00001 0.260064 0.739906
0.028386 0.00002 0.00001 0.371171 0.600413
0.055776 0.00001 0.00001 0.336872 0.607332
0.192994 0.00001 0.00001 0.361888 0.445098
0.00001 0.00001 0.00001 0.00001 0.99996
0.151696 0.00001 0.00001 0.299963 0.548321
0.19143 0.00001 0.00001 0.346741 0.461808
0.027484 0.00001 0.00001 0.375039 0.597457
0.142428 0.00001 0.00001 0.390122 0.467431
0.05796 0.00001 0.001161 0.34498 0.595889
0.00001 0.00001 0.00001 0.00001 0.99996
0.079197 0.00001 0.00001 0.371067 0.549716
0.178417 0.00001 0.00001 0.444413 0.377151
0.165996 0.00001 0.00001 0.38486 0.449124
0.00001 0.00001 0.00001 0.00001 0.99996
0.00001 0.00001 0.00001 0.00001 0.99996
0.117629 0.000011 0.00001 0.205508 0.676843
0.171873 0.00001 0.00001 0.275611 0.552495
0.127216 0.00001 0.00001 0.25619 0.616574
0.08724 0.00001 0.00001 0.435754 0.476987
0.00001 0.00001 0.00001 0.478295 0.521675
0.136968 0.00001 0.00001 0.243952 0.61906
0.00001 0.00001 0.00001 0.99996 0.00001
0.166769 0.00001 0.00001 0.509769 0.323442
0.00001 0.00001 0.00001 0.99996 0.00001
0.00001 0.00001 0.00001 0.99996 0.00001
0.044895 0.00001 0.00001 0.349676 0.605409
0.114407 0.00001 0.00001 0.345364 0.540209
0.137755 0.00001 0.00001 0.00001 0.862215
0.182187 0.00001 0.00001 0.00001 0.817783
0.023317 0.005132 0.00001 0.311827 0.659714
0.00001 0.00001 0.00001 0.382322 0.617648
0.083787 0.00001 0.00001 0.186727 0.729466
0.00001 0.00001 0.00001 0.99996 0.00001
0.123186 0.00001 0.00001 0.229358 0.647436
0.042109 0.00001 0.026193 0.420262 0.511426
0.083089 0.097894 0.391802 0.145354 0.281861
0.0947 0.089349 0.381579 0.222231 0.212142
0.000544 0.136721 0.251405 0.204125 0.407205
0.044721 0.080438 0.160524 0.27244 0.441878
0.002633 0.049568 0.181497 0.276458 0.489844
0.062591 0.045752 0.195493 0.279536 0.416628
0.00001 0.276743 0.522881 0.200356 0.00001
0.067669 0.084097 0.44914 0.142056 0.257038
0.081083 0.171871 0.477386 0.127748 0.141912
0.059173 0.105762 0.172873 0.315249 0.346943
0.102733 0.008841 0.190239 0.280234 0.417953
0.00001 0.324436 0.57224 0.00001 0.103304
0.110086 0.051374 0.646014 0.00001 0.192515
0.065645 0.285875 0.493448 0.064381 0.090652
0.01375 0.129935 0.668408 0.065807 0.1221
0.026719 0.078175 0.177094 0.241803 0.476208
0.109751 0.058112 0.166419 0.303774 0.361943
0.011372 0.120905 0.231038 0.262117 0.374568
0.144777 0.00001 0.273773 0.19198 0.38946
0.120834 0.00001 0.220349 0.22097 0.437836
0.092971 0.00001 0.193431 0.277741 0.435847
0.207823 0.00001 0.111884 0.295979 0.384305
0.00001 0.166434 0.196362 0.271559 0.365635
0.019592 0.040614 0.25809 0.26218 0.419524
0.00001 0.00001 0.356846 0.212878 0.430256
0.177137 0.203796 0.064364 0.184095 0.370607
0.06441 0.050079 0.118827 0.226109 0.540575
0.144494 0.032466 0.201496 0.265062 0.356482
0.101281 0.00001 0.184881 0.253986 0.459842
0.136049 0.090812 0.111139 0.183226 0.478774
0.046232 0.071197 0.246298 0.313739 0.322533
0.055171 0.08696 0.080975 0.423026 0.353869
0.108741 0.061522 0.134345 0.235287 0.460104
0.056703 0.166906 0.050398 0.312081 0.413913
0.145246 0.067398 0.145127 0.204467 0.437762
0.077536 0.040035 0.216609 0.181275 0.484546
0.124859 0.00001 0.202275 0.361069 0.311787
0.024867 0.051717 0.146533 0.283586 0.493297
0.109768 0.00001 0.219142 0.233721 0.437359
0.013516 0.06444 0.140486 0.351035 0.430523
0.03315 0.00001 0.456102 0.125782 0.384955
0.076984 0.067392 0.20089 0.198453 0.456281
0.110073 0.067701 0.106402 0.306299 0.409526
0.134319 0.081964 0.00001 0.361784 0.421922
0.00001 0.131644 0.868326 0.00001 0.00001
0.00001 0.182606 0.812178 0.00001 0.005195
0.00001 0.095343 0.904627 0.00001 0.00001
0.00001 0.00001 0.99996 0.00001 0.00001
0.00001 0.109561 0.890406 0.000013 0.00001
0.00001 0.135329 0.864641 0.00001 0.00001
0.00001 0.095809 0.904161 0.00001 0.00001
0.00001 0.130618 0.869352 0.00001 0.00001
0.00001 0.172685 0.827285 0.00001 0.00001
0.00001 0.243756 0.756214 0.00001 0.00001
0.00001 0.00001 0.99996 0.00001 0.00001
0.00001 0.053597 0.946373 0.00001 0.00001
0.00001 0.11304 0.88693 0.00001 0.00001
0.00001 0.079237 0.920733 0.00001 0.00001
0.00001 0.00001 0.99996 0.00001 0.00001
0.00001 0.038884 0.961086 0.00001 0.00001
0.00001 0.124974 0.874996 0.00001 0.00001
0.00001 0.10746 0.892507 0.000013 0.00001
0.025741 0.192441 0.781796 0.000011 0.00001
0.00001 0.178602 0.821368 0.00001 0.00001
0.00001 0.080257 0.919713 0.00001 0.00001
0.00001 0.087792 0.912178 0.00001 0.00001
0.00001 0.205646 0.794324 0.00001 0.00001
0.00001 0.242051 0.757919 0.00001 0.00001
0.00001 0.126644 0.873326 0.00001 0.00001
0.00001 0.128717 0.871253 0.00001 0.00001
0.00001 0.156394 0.843576 0.00001 0.00001
0.00001 0.226863 0.773107 0.00001 0.00001
0.00001 0.111168 0.888802 0.00001 0.00001
0.00001 0.182576 0.817394 0.00001 0.00001
0.00001 0.088656 0.911314 0.00001 0.00001
0.00001 0.121299 0.872676 0.00001 0.006005
0.00001 0.109175 0.890795 0.00001 0.00001
0.00001 0.186356 0.813614 0.00001 0.00001
0.00001 0.058248 0.941722 0.00001 0.00001
0.00001 0.190062 0.809908 0.00001 0.00001
0.00001 0.023827 0.976143 0.00001 0.00001
0.00001 0.01535 0.98462 0.00001 0.00001
0.00001 0.057714 0.942256 0.00001 0.00001
0.00001 0.102078 0.897892 0.00001 0.00001
0.00001 0.229945 0.770025 0.00001 0.00001
0.00001 0.193014 0.806956 0.00001 0.00001
0.00001 0.00001 0.959804 0.00001 0.040166
0.00001 0.00001 0.969698 0.030272 0.00001
0.00001 0.29738 0.70259 0.00001 0.00001
0.00001 0.081869 0.918101 0.00001 0.00001
0.00001 0.227699 0.75563 0.016651 0.00001
0.00001 0.03248 0.937289 0.00001 0.030212
0.00001 0.227461 0.772509 0.00001 0.00001
0.00001 0.258606 0.741364 0.00001 0.00001
0.00001 0.131146 0.868824 0.00001 0.00001
0.00001 0.14001 0.85996 0.00001 0.00001
0.00001 0.043596 0.956374 0.00001 0.00001
0.00001 0.07595 0.92402 0.00001 0.00001
0.00001 0.093072 0.906898 0.00001 0.00001
0.00001 0.126052 0.873918 0.00001 0.00001
0.00001 0.080578 0.919392 0.00001 0.00001
0.00001 0.165846 0.834124 0.00001 0.00001
0.00001 0.130536 0.866389 0.00001 0.003056
0.00001 0.242902 0.757068 0.00001 0.00001
0.00001 0.041944 0.931215 0.026821 0.00001
0.00001 0.00001 0.972401 0.027569 0.00001
0.010477 0.080042 0.909461 0.00001 0.00001
0.001853 0.00001 0.998117 0.00001 0.00001
0.00001 0.00001 0.99996 0.00001 0.00001
0.00001 0.00001 0.99996 0.00001 0.00001
0.00001 0.234262 0.765704 0.000014 0.00001
0.00001 0.123589 0.867276 0.009115 0.00001
0.000012 0.141199 0.858768 0.000011 0.00001
0.00001 0.169899 0.830071 0.00001 0.00001
0.00001 0.176782 0.813187 0.010011 0.00001
0.00001 0.027041 0.972929 0.00001 0.00001
0.00001 0.074812 0.925158 0.00001 0.00001
0.00001 0.121587 0.878383 0.00001 0.00001
0.00001 0.01946 0.98051 0.00001 0.00001
0.00001 0.076452 0.920917 0.00001 0.00261
0.00001 0.071728 0.928242 0.00001 0.00001
0.00001 0.119109 0.880861 0.00001 0.00001
0.00001 0.142162 0.857808 0.00001 0.00001
0.00001 0.04529 0.95468 0.00001 0.00001
0.00001 0.00001 0.99996 0.00001 0.00001
0.00001 0.025927 0.974043 0.00001 0.00001
0.00001 0.135795 0.864175 0.00001 0.00001
0.00001 0.211394 0.788576 0.00001 0.00001
0.00001 0.151384 0.848586 0.00001 0.00001
0.00001 0.149202 0.850768 0.00001 0.00001
0.00001 0.135322 0.864648 0.00001 0.00001
0.00001 0.17416 0.82581 0.00001 0.00001
0.00001 0.161013 0.838957 0.00001 0.00001
0.00001 0.059035 0.940935 0.00001 0.00001
0.00001 0.176405 0.823565 0.00001 0.00001
0.00001 0.182149 0.817821 0.00001 0.00001
0.00001 0.300729 0.699241 0.00001 0.00001
0.00001 0.314634 0.685336 0.00001 0.00001
0.000011 0.297993 0.701976 0.00001 0.00001
0.00001 0.250794 0.749176 0.00001 0.00001
0.00001 0.131317 0.868649 0.000014 0.00001
0.00001 0.197365 0.802605 0.00001 0.00001
0.00001 0.325946 0.674024 0.00001 0.00001
0.00001 0.303516 0.696454 0.00001 0.00001
0.00001 0.318358 0.681612 0.00001 0.00001
0.00001 0.00001 0.99996 0.00001 0.00001
0.00001 0.00001 0.99996 0.00001 0.00001
0.00001 0.153772 0.846198 0.00001 0.00001
0.00001 0.199014 0.800956 0.00001 0.00001
0.00001 0.00001 0.99996 0.00001 0.00001
0.011242 0.122345 0.866393 0.00001 0.00001
0.00001 0.716357 0.283613 0.00001 0.00001
0.00001 0.466582 0.533388 0.00001 0.00001
0.00001 0.467478 0.532492 0.00001 0.00001
0.00001 0.701251 0.298719 0.00001 0.00001
0.00001 0.666857 0.333113 0.00001 0.00001
0.00001 0.427831 0.572139 0.00001 0.00001
0.00001 0.498681 0.501289 0.00001 0.00001
0.00001 0.636116 0.363854 0.00001 0.00001
0.00001 0.76679 0.23318 0.00001 0.00001
0.00001 0.300784 0.699186 0.00001 0.00001
0.00001 0.420478 0.579492 0.00001 0.00001
0.00001 0.640427 0.359543 0.00001 0.00001
0.00001 0.650111 0.349859 0.00001 0.00001
0.00001 0.317319 0.682651 0.00001 0.00001
0.00001 0.564932 0.435038 0.00001 0.00001
0.00001 0.547533 0.452437 0.00001 0.00001
0.00001 0.635032 0.364938 0.00001 0.00001
0.00001 0.638842 0.361128 0.00001 0.00001
0.00001 0.644623 0.355347 0.00001 0.00001
0.00001 0.474237 0.525733 0.00001 0.00001
0.00001 0.311087 0.688883 0.00001 0.00001
0.00001 0.692212 0.307758 0.00001 0.00001
0.00001 0.708991 0.290979 0.00001 0.00001
0.00001 0.707354 0.292616 0.00001 0.00001
0.00001 0.391057 0.608913 0.00001 0.00001
0.00001 0.582269 0.417701 0.00001 0.00001
0.00001 0.481906 0.518064 0.00001 0.00001
0.00001 0.519333 0.480637 0.00001 0.00001
0.00001 0.99996 0.00001 0.00001 0.00001
0.00001 0.968486 0.031484 0.00001 0.00001
0.00001 0.99996 0.00001 0.00001 0.00001
0.00001 0.99996 0.00001 0.00001 0.00001
0.00001 0.99996 0.00001 0.00001 0.00001
0.00001 0.99996 0.00001 0.00001 0.00001
0.00001 0.970408 0.029562 0.00001 0.00001
0.00001 0.941826 0.058144 0.00001 0.00001
0.00001 0.99996 0.00001 0.00001 0.00001
0.00001 0.99996 0.00001 0.00001 0.00001
0.00001 0.99996 0.00001 0.00001 0.00001
0.00001 0.99996 0.00001 0.00001 0.00001
0.00001 0.99996 0.00001 0.00001 0.00001
0.00001 0.99996 0.00001 0.00001 0.00001
0.00001 0.99996 0.00001 0.00001 0.00001
0.00001 0.99996 0.00001 0.00001 0.00001
0.00001 0.938373 0.061597 0.00001 0.00001
0.00001 0.947693 0.052277 0.00001 0.00001
0.00001 0.99996 0.00001 0.00001 0.00001
0.00001 0.99996 0.00001 0.00001 0.00001
0.00001 0.99996 0.00001 0.00001 0.00001
0.00001 0.99996 0.00001 0.00001 0.00001
0.00001 0.891034 0.108936 0.00001 0.00001
0.00001 0.99996 0.00001 0.00001 0.00001
0.00001 0.99996 0.00001 0.00001 0.00001
0.00001 0.802691 0.197279 0.00001 0.00001
0.00001 0.717498 0.282472 0.00001 0.00001
0.00001 0.850161 0.149809 0.00001 0.00001
0.00001 0.942119 0.057851 0.00001 0.00001
0.00001 0.766453 0.233517 0.00001 0.00001
0.00001 0.72953 0.27044 0.00001 0.00001
0.000013 0.855623 0.144344 0.00001 0.00001
0.00001 0.744025 0.255945 0.00001 0.00001
0.00001 0.950062 0.049908 0.00001 0.00001
0.00001 0.816363 0.183607 0.00001 0.00001
0.00001 0.813815 0.186155 0.00001 0.00001
0.00001 0.834261 0.165709 0.00001 0.00001
0.00001 0.917389 0.082581 0.00001 0.00001
0.00001 0.828994 0.170976 0.00001 0.00001
0.00001 0.794533 0.205437 0.00001 0.00001
0.000011 0.777848 0.222122 0.00001 0.00001
0.00001 0.831228 0.168742 0.00001 0.00001
0.00001 0.798405 0.201565 0.00001 0.00001
0.00001 0.856993 0.142977 0.00001 0.00001
0.00001 0.740974 0.258996 0.00001 0.00001
0.00001 0.824027 0.175943 0.00001 0.00001
0.00001 0.841552 0.158418 0.00001 0.00001
0.00001 0.802557 0.197413 0.00001 0.00001
0.00001 0.942825 0.057145 0.00001 0.00001
0.00001 0.816786 0.183184 0.00001 0.00001
0.00001 0.797496 0.202474 0.00001 0.00001
0.00001 0.774159 0.225811 0.00001 0.00001
0.00001 0.860588 0.139382 0.00001 0.00001
0.00001 0.8996 0.10037 0.00001 0.00001
0.00001 0.929979 0.069991 0.00001 0.00001
0.00001 0.81011 0.18986 0.00001 0.00001
0.00001 0.825161 0.174809 0.00001 0.00001
0.00001 0.84523 0.15474 0.00001 0.00001
0.00001 0.965653 0.034317 0.00001 0.00001
0.00001 0.829239 0.170731 0.00001 0.00001
0.00001 0.99996 0.00001 0.00001 0.00001
0.00001 0.887849 0.112121 0.00001 0.00001
0.00001 0.99996 0.00001 0.00001 0.00001
0.00001 0.990042 0.009928 0.00001 0.00001
0.00001 0.893227 0.106743 0.00001 0.00001
0.00001 0.949803 0.050167 0.00001 0.00001
0.00001 0.835711 0.164259 0.00001 0.00001
0.00001 0.803108 0.196862 0.00001 0.00001
0.00001 0.959402 0.040568 0.00001 0.00001
0.00001 0.903347 0.096623 0.00001 0.00001
0.00001 0.864691 0.135279 0.00001 0.00001
0.00001 0.960837 0.039133 0.00001 0.00001
0.00001 0.867239 0.132731 0.00001 0.00001
0.00001 0.826978 0.172992 0.00001 0.00001
0.00001 0.87214 0.12783 0.00001 0.00001
0.00001 0.895769 0.104201 0.00001 0.00001
0.00001 0.866986 0.132984 0.00001 0.00001
0.00001 0.941276 0.058694 0.00001 0.00001
0.00001 0.865065 0.134905 0.00001 0.00001
0.00001 0.777094 0.222876 0.00001 0.00001
0.00001 0.99996 0.00001 0.00001 0.00001
0.00001 0.760593 0.239377 0.00001 0.00001
0.00001 0.92343 0.07654 0.00001 0.00001
0.00001 0.864846 0.135124 0.00001 0.00001
0.00001 0.827115 0.172855 0.00001 0.00001
0.00001 0.867819 0.132151 0.00001 0.00001
0.00001 0.82579 0.17418 0.00001 0.00001
0.00001 0.792536 0.207434 0.00001 0.00001
0.00001 0.802854 0.197116 0.00001 0.00001
