0.99997 0.00001 0.00001 0.00001
0.99997 0.00001 0.00001 0.00001
0.99997 0.00001 0.00001 0.00001
0.99997 0.00001 0.00001 0.00001
0.99997 0.00001 0.00001 0.00001
0.99997 0.00001 0.00001 0.00001
0.689731 0.00001 0.310249 0.00001
0.99997 0.00001 0.00001 0.00001
0.99997 0.00001 0.00001 0.00001
0.99997 0.00001 0.00001 0.00001
0.99997 0.00001 0.00001 0.00001
0.99997 0.00001 0.00001 0.00001
0.99997 0.00001 0.00001 0.00001
0.511771 0.02717 0.461049 0.00001
0.99997 0.00001 0.00001 0.00001
0.99997 0.00001 0.00001 0.00001
0.99997 0.00001 0.00001 0.00001
0.99997 0.00001 0.00001 0.00001
0.99997 0.00001 0.00001 0.00001
0.568083 0.00001 0.431897 0.00001
0.99997 0.00001 0.00001 0.00001
0.520973 0.000019 0.478998 0.00001
0.00001 0.00001 0.99997 0.00001
0.00001 0.02354 0.97644 0.00001
0.29739 0.00001 0.70259 0.00001
0.214772 0.00001 0.785208 0.00001
0.228214 0.025709 0.746066 0.00001
0.2583 0.00001 0.74168 0.00001
0.265722 0.00001 0.734258 0.00001
0.384365 0.00001 0.615615 0.00001
0.296763 0.00001 0.703217 0.00001
0.298195 0.00001 0.700322 0.001473
0.352717 0.022288 0.624985 0.00001
0.237196 0.00001 0.762784 0.00001
0.101737 0.00001 0.898243 0.00001
0.00001 0.00001 0.99997 0.00001
0.207363 0.00001 0.792617 0.00001
0.270374 0.00001 0.729606 0.00001
0.347356 0.00001 0.652624 0.00001
0.125752 0.00001 0.874228 0.00001
0.139285 0.00001 0.860695 0.00001
0.00001 0.00001 0.99997 0.00001
0.209791 0.016818 0.773381 0.00001
0.259274 0.048377 0.692339 0.00001
0.328494 0.00001 0.671486 0.00001
0.224916 0.00001 0.775064 0.00001
0.12183 0.00001 0.87815 0.00001
0.303514 0.00001 0.696466 0.00001
0.204285 0.00001 0.795695 0.00001
0.36487 0.014872 0.620248 0.00001
0.34171 0.00001 0.65827 0.00001
0.248165 0.004925 0.7469 0.00001
0.000012 0.00001 0.999968 0.00001
0.143708 0.00001 0.856272 0.00001
0.00001 0.008383 0.991597 0.00001
0.198053 0.00001 0.801927 0.00001
0.387117 0.016146 0.596727 0.00001
0.101153 0.000013 0.898824 0.00001
0.267769 0.00001 0.732211 0.00001
0.284402 0.024446 0.691142 0.00001
0.00001 0.00001 0.99997 0.00001
0.249386 0.000011 0.750594 0.00001
0.24094 0.00001 0.75904 0.00001
0.305058 0.010501 0.684431 0.00001
0.489124 0.00001 0.510856 0.00001
0.263403 0.00001 0.736577 0.00001
0.174389 0.00001 0.825591 0.00001
0.281791 0.00001 0.718189 0.00001
0.261289 0.00001 0.734708 0.003993
0.224622 0.00001 0.775358 0.00001
0.314092 0.00001 0.685888 0.00001
0.291086 0.005857 0.703047 0.00001
0.205674 0.00001 0.794306 0.00001
0.261096 0.00001 0.738884 0.00001
0.337718 0.00001 0.662262 0.00001
0.298998 0.003995 0.696997 0.00001
0.243198 0.00001 0.756782 0.00001
0.363836 0.00001 0.636144 0.00001
0.294469 0.008064 0.697457 0.00001
0.249637 0.000018 0.750336 0.00001
0.340877 0.0772 0.581914 0.00001
0.2155 0.000015 0.784475 0.00001
0.00001 0.00001 0.99997 0.00001
0.387399 0.00001 0.612581 0.00001
0.201614 0.00001 0.798366 0.00001
0.281109 0.003312 0.71557 0.00001
0.166401 0.00001 0.833579 0.00001
0.167735 0.00001 0.832245 0.00001
0.288704 0.002558 0.708728 0.00001
0.388228 0.00001 0.611752 0.00001
0.225695 0.00002 0.774275 0.00001
0.220597 0.012608 0.766784 0.00001
0.422898 0.00001 0.575678 0.001414
0.00001 0.000012 0.999968 0.00001
0.390361 0.00001 0.609619 0.00001
0.00001 0.00001 0.99997 0.00001
0.169464 0.00001 0.830018 0.000508
0.152227 0.00001 0.847753 0.00001
0.350299 0.00001 0.649681 0.00001
0.00001 0.00001 0.99997 0.00001
0.287236 0.00001 0.712744 0.00001
0.32233 0.00001 0.67765 0.00001
0.162088 0.00001 0.837892 0.00001
0.28249 0.00001 0.71749 0.00001
0.199942 0.002191 0.797857 0.00001
0.102531 0.00001 0.897449 0.00001
0.185669 0.00001 0.814311 0.00001
0.316342 0.00001 0.683638 0.00001
0.300827 0.000707 0.698456 0.00001
0.00001 0.00001 0.99997 0.00001
0.00001 0.00001 0.99997 0.00001
0.195175 0.00001 0.804805 0.00001
0.329248 0.00001 0.670732 0.00001
0.249031 0.00001 0.750949 0.00001
0.269057 0.00001 0.730923 0.00001
0.10129 0.00001 0.89869 0.00001
0.239259 0.00001 0.760721 0.00001
0.237039 0.00001 0.762941 0.00001
0.393294 0.00001 0.606686 0.00001
0.355066 0.003772 0.641153 0.00001
0.339602 0.000018 0.660371 0.00001
0.14174 0.00001 0.85824 0.00001
0.216695 0.00001 0.783285 0.00001
0.219474 0.00001 0.780506 0.00001
0.271458 0.00001 0.728522 0.00001
0.021721 0.00001 0.974427 0.003842
0.00001 0.00001 0.99997 0.00001
0.135073 0.00001 0.864907 0.00001
0.00001 0.00001 0.99997 0.00001
0.221345 0.00001 0.778635 0.00001
0.224766 0.028252 0.746972 0.00001
0.167114 0.391213 0.343019 0.098653
0.175223 0.382674 0.353252 0.088851
0.064982 0.249498 0.547016 0.138504
0.139672 0.161547 0.619108 0.079674
0.06642 0.185564 0.702354 0.045663
0.16161 0.196926 0.596564 0.0449
0.037971 0.526011 0.162476 0.273542
0.136007 0.448744 0.330597 0.084651
0.15631 0.479164 0.193741 0.170785
0.175073 0.178096 0.545281 0.10155
0.174496 0.190388 0.625961 0.009154
0.00001 0.573642 0.101598 0.32475
0.11215 0.640216 0.1914 0.056234
0.10225 0.493055 0.118058 0.286637
0.059684 0.669522 0.141546 0.129248
0.105098 0.176707 0.63964 0.078555
0.214375 0.17091 0.560292 0.054423
0.103767 0.237451 0.5439 0.114882
0.222207 0.273714 0.504069 0.00001
0.194592 0.2204 0.584998 0.00001
0.187904 0.193714 0.618373 0.00001
0.329686 0.112506 0.557799 0.00001
0.00001 0.20377 0.636427 0.159793
0.110615 0.260915 0.590373 0.038097
0.02899 0.357168 0.613832 0.00001
0.258506 0.060302 0.473842 0.207351
0.176618 0.118797 0.654346 0.050239
0.248563 0.202071 0.517018 0.032348
0.200104 0.184924 0.614962 0.00001
0.204265 0.107236 0.59421 0.094289
0.177121 0.249985 0.504274 0.068621
0.178243 0.097133 0.651309 0.073315
0.173549 0.1313 0.630677 0.064474
0.193575 0.050512 0.58865 0.167263
0.236131 0.143484 0.551215 0.06917
0.184825 0.216835 0.558735 0.039605
0.281851 0.203699 0.514441 0.00001
0.126779 0.148707 0.67452 0.049994
0.198068 0.219119 0.582803 0.00001
0.121314 0.144952 0.67313 0.060604
0.073358 0.45621 0.470422 0.00001
0.138982 0.197711 0.593596 0.069712
0.217218 0.108346 0.608335 0.0661
0.281012 0.00001 0.636238 0.08274
0.00001 0.869555 0.00001 0.130425
0.00001 0.814201 0.004569 0.18122
0.00001 0.906203 0.00001 0.093777
0.00001 0.99997 0.00001 0.00001
0.00001 0.890985 0.00001 0.108995
0.00001 0.863704 0.00001 0.136276
0.00001 0.905556 0.00001 0.094424
0.00001 0.86896 0.00001 0.13102
0.00001 0.827195 0.00001 0.172785
0.00001 0.756153 0.00001 0.243827
0.00001 0.99997 0.00001 0.00001
0.00001 0.945872 0.00001 0.054108
0.00001 0.886026 0.00001 0.113954
0.00001 0.920443 0.00001 0.079537
0.00001 0.99997 0.00001 0.00001
0.00001 0.959913 0.00001 0.040067
0.00001 0.874882 0.00001 0.125098
0.00001 0.892153 0.00001 0.107827
0.023603 0.78638 0.00001 0.190007
0.00001 0.821415 0.00001 0.178565
0.00001 0.919887 0.00001 0.080093
0.00001 0.912379 0.00001 0.087601
0.00001 0.794169 0.00001 0.205811
0.00001 0.757841 0.00001 0.242139
0.00001 0.874255 0.00001 0.125725
0.00001 0.871458 0.00001 0.128522
0.00001 0.843367 0.00001 0.156613
0.00001 0.773308 0.00001 0.226672
0.00001 0.887688 0.00001 0.112292
0.00001 0.817786 0.00001 0.182194
0.00001 0.912472 0.00001 0.087508
0.00001 0.875591 0.005203 0.119197
0.00001 0.891026 0.00001 0.108954
0.00001 0.813454 0.00001 0.186526
0.00001 0.941712 0.00001 0.058268
0.00001 0.809618 0.00001 0.190362
0.000012 0.976357 0.00001 0.023621
0.00001 0.984762 0.00001 0.015218
0.00001 0.941956 0.00001 0.058024
0.00001 0.897561 0.00001 0.102419
0.00001 0.769704 0.00001 0.230276
0.00001 0.807455 0.00001 0.192525
0.00001 0.958857 0.041123 0.00001
0.00001 0.968572 0.031408 0.00001
0.00001 0.701903 0.00001 0.298077
0.00001 0.918713 0.00001 0.081267
0.00001 0.764799 0.014538 0.220653
0.00001 0.933774 0.030723 0.035493
0.00001 0.772151 0.00001 0.227829
0.00001 0.741017 0.00001 0.258963
0.00001 0.868798 0.00001 0.131182
0.00001 0.860696 0.00001 0.139284
0.00001 0.956831 0.00001 0.043149
0.00001 0.922727 0.00001 0.077253
0.00001 0.905628 0.00001 0.094352
0.00001 0.87423 0.00001 0.12575
0.00001 0.921099 0.00001 0.078881
0.00001 0.834795 0.00001 0.165185
0.00001 0.866068 0.00302 0.130903
0.00001 0.757488 0.00001 0.242492
0.00001 0.942442 0.02341 0.034138
0.00001 0.97548 0.0245 0.00001
0.009402 0.912103 0.00001 0.078485
0.003304 0.996676 0.00001 0.00001
0.00001 0.99997 0.00001 0.00001
0.00001 0.99997 0.00001 0.00001
0.00001 0.766245 0.00001 0.233735
0.00642 0.875519 0.00001 0.118051
0.00001 0.858239 0.00001 0.141741
0.00001 0.829899 0.00001 0.170081
0.00001 0.828237 0.003631 0.168122
0.000015 0.974187 0.00001 0.025789
0.00001 0.924619 0.00001 0.075361
0.00001 0.878672 0.00001 0.121308
0.00001 0.980933 0.00001 0.019047
0.00001 0.921186 0.002379 0.076425
0.00001 0.928268 0.00001 0.071712
0.00001 0.880777 0.00001 0.119203
0.00001 0.858814 0.00001 0.141166
0.00001 0.955955 0.00001 0.044025
0.00001 0.99997 0.00001 0.00001
0.00001 0.9745 0.00001 0.02548
0.00001 0.863937 0.00001 0.136043
0.00001 0.787899 0.00001 0.212081
0.00001 0.847141 0.00001 0.152839
0.00001 0.850877 0.00001 0.149103
0.00001 0.86517 0.00001 0.13481
0.00001 0.825298 0.00001 0.174682
0.00001 0.839045 0.00001 0.160935
0.00001 0.941424 0.00001 0.058556
0.00001 0.824257 0.00001 0.175723
0.00001 0.818385 0.00001 0.181595
0.00001 0.698725 0.00001 0.301255
0.00001 0.685138 0.00001 0.314842
0.00001 0.701739 0.00001 0.298241
0.00001 0.748715 0.00001 0.251265
0.00001 0.868039 0.00001 0.131941
0.00001 0.802604 0.00001 0.197376
0.00001 0.674302 0.00001 0.325678
0.00001 0.696203 0.00001 0.303777
0.00001 0.681647 0.00001 0.318333
0.00001 0.99997 0.00001 0.00001
0.00001 0.99997 0.00001 0.00001
0.00001 0.846268 0.00001 0.153712
0.00001 0.801089 0.00001 0.198891
0.00001 0.99997 0.00001 0.00001
0.010121 0.869678 0.00001 0.120191
0.00001 0.283381 0.00001 0.716599
0.00001 0.533576 0.00001 0.466404
0.00001 0.531539 0.00001 0.468441
0.00001 0.29768 0.00001 0.7023
0.00001 0.33431 0.00001 0.66567
0.00001 0.571362 0.00001 0.428618
0.00001 0.500592 0.00001 0.499388
0.00001 0.363806 0.00001 0.636174
0.00001 0.232583 0.00001 0.767397
0.00001 0.69962 0.00001 0.30036
0.00001 0.57942 0.00001 0.42056
0.00001 0.358889 0.00001 0.641091
0.000016 0.347879 0.00001 0.652095
0.00001 0.682325 0.00001 0.317655
0.00001 0.433999 0.00001 0.565981
0.00001 0.451594 0.00001 0.548386
0.000018 0.364109 0.00001 0.635864
0.00001 0.360388 0.00001 0.639592
0.00001 0.354408 0.00001 0.645572
0.00001 0.524418 0.00001 0.475562
0.00001 0.687711 0.00001 0.312269
0.00001 0.307011 0.00001 0.692969
0.00001 0.289688 0.00001 0.710292
0.00001 0.291328 0.00001 0.708652
0.00001 0.609068 0.00001 0.390912
0.00001 0.416711 0.00001 0.583269
0.00001 0.521069 0.00001 0.478911
0.00001 0.480504 0.00001 0.519476
0.00001 0.00001 0.00001 0.99997
0.00001 0.030781 0.00001 0.969199
0.00001 0.00001 0.00001 0.99997
0.00001 0.00001 0.00001 0.99997
0.00001 0.00001 0.00001 0.99997
0.00001 0.00001 0.00001 0.99997
0.00001 0.027973 0.00001 0.972007
0.00001 0.057362 0.00001 0.942618
0.00001 0.00001 0.00001 0.99997
0.00001 0.00001 0.00001 0.99997
0.00001 0.00001 0.00001 0.99997
0.00001 0.00001 0.00001 0.99997
0.00001 0.00001 0.00001 0.99997
0.00001 0.00001 0.00001 0.99997
0.00001 0.00001 0.00001 0.99997
0.00001 0.00001 0.00001 0.99997
0.00001 0.061658 0.00001 0.938322
0.00001 0.05152 0.00001 0.94846
0.00001 0.00001 0.00001 0.99997
0.00001 0.00001 0.00001 0.99997
0.00001 0.00001 0.00001 0.99997
0.00001 0.00001 0.00001 0.99997
0.00001 0.108081 0.00001 0.891899
0.00001 0.00001 0.00001 0.99997
0.00001 0.00001 0.00001 0.99997
0.00001 0.195743 0.00001 0.804237
0.00001 0.281429 0.00001 0.718551
0.00001 0.149382 0.00001 0.850598
0.00001 0.056051 0.00001 0.943929
0.00001 0.231851 0.00001 0.768129
0.00001 0.269764 0.00001 0.730216
0.00001 0.143756 0.00001 0.856224
0.00001 0.255816 0.00001 0.744164
0.00001 0.048635 0.00001 0.951345
0.00001 0.182437 0.00001 0.817543
0.00001 0.185625 0.00001 0.814355
0.00001 0.164263 0.00001 0.835717
0.00001 0.08046 0.00001 0.91952
0.00001 0.170428 0.00001 0.829552
0.00001 0.204744 0.00001 0.795236
0.00001 0.22165 0.00001 0.77833
0.00001 0.16772 0.00001 0.83226
0.00001 0.199272 0.00001 0.800708
0.00001 0.141838 0.00001 0.858142
0.00001 0.257948 0.00001 0.742032
0.00001 0.174686 0.00001 0.825294
0.00001 0.15777 0.00001 0.84221
0.00001 0.196119 0.00001 0.803861
0.00001 0.056648 0.00001 0.943332
0.00001 0.18215 0.00001 0.81783
0.00001 0.20119 0.00001 0.79879
0.00001 0.224256 0.00001 0.775724
0.00001 0.137864 0.00001 0.862116
0.00001 0.098368 0.00001 0.901612
0.00001 0.068046 0.00001 0.931934
0.00001 0.189585 0.00001 0.810395
0.00001 0.1738 0.00001 0.82618
0.00001 0.154022 0.00001 0.845958
0.00001 0.032332 0.00001 0.967648
0.00001 0.168163 0.00001 0.831817
0.00001 0.00001 0.00001 0.99997
0.00001 0.110554 0.00001 0.889426
0.00001 0.000016 0.00001 0.999964
0.00001 0.00849 0.00001 0.99149
0.00001 0.105357 0.00001 0.894623
0.00001 0.049357 0.00001 0.950623
0.00001 0.162158 0.00001 0.837822
0.00001 0.194914 0.00001 0.805066
0.00001 0.03848 0.00001 0.9615
0.00001 0.095398 0.00001 0.904582
0.00001 0.133171 0.00001 0.866809
0.00001 0.036773 0.00001 0.963207
0.00001 0.131597 0.00001 0.868383
0.00001 0.171414 0.00001 0.828566
0.00001 0.126591 0.00001 0.873389
0.00001 0.102759 0.00001 0.897221
0.00001 0.1329 0.00001 0.86708
0.00001 0.058277 0.00001 0.941703
0.00001 0.133739 0.00001 0.866241
0.00001 0.221942 0.00001 0.778038
0.00001 0.00001 0.00001 0.99997
0.00001 0.239437 0.00001 0.760543
0.00001 0.07548 0.00001 0.9245
0.000018 0.134372 0.00001 0.8656
0.00001 0.172439 0.00001 0.827541
0.00001 0.131301 0.00001 0.868679
0.00001 0.173517 0.00001 0.826463
0.00001 0.206643 0.00001 0.793337
0.00001 0.195879 0.00001 0.804101
