0.99997 0.00001 0.00001 0.00001
0.99997 0.00001 0.00001 0.00001
0.99997 0.00001 0.00001 0.00001
0.99997 0.00001 0.00001 0.00001
0.99997 0.00001 0.00001 0.00001
0.99997 0.00001 0.00001 0.00001
0.689642 0.00001 0.310338 0.00001
0.99997 0.00001 0.00001 0.00001
0.99997 0.00001 0.00001 0.00001
0.99997 0.00001 0.00001 0.00001
0.99997 0.00001 0.00001 0.00001
0.99997 0.00001 0.00001 0.00001
0.99997 0.00001 0.00001 0.00001
0.511683 0.027169 0.461138 0.00001
0.99997 0.00001 0.00001 0.00001
0.99997 0.00001 0.00001 0.00001
0.99997 0.00001 0.00001 0.00001
0.99997 0.00001 0.00001 0.00001
0.99997 0.00001 0.00001 0.00001
0.568005 0.00001 0.431975 0.00001
0.99997 0.00001 0.00001 0.00001
0.520898 0.00001 0.479082 0.00001
0.00001 0.00001 0.99997 0.00001
0.00001 0.023545 0.976435 0.00001
0.297061 0.00001 0.702919 0.00001
0.214575 0.00001 0.785405 0.00001
0.228062 0.025709 0.746219 0.00001
0.258146 0.00001 0.741834 0.00001
0.265604 0.00001 0.734376 0.00001
0.384244 0.00001 0.615736 0.00001
0.296624 0.000013 0.703353 0.00001
0.298068 0.00001 0.700449 0.001473
0.352579 0.022288 0.625122 0.00001
0.237044 0.00001 0.762936 0.00001
0.101568 0.00001 0.898412 0.00001
0.00001 0.00001 0.99997 0.00001
0.207212 0.00001 0.792768 0.00001
0.270252 0.00001 0.729728 0.00001
0.347203 0.00001 0.652777 0.00001
0.125592 0.00001 0.874388 0.00001
0.139144 0.00001 0.860836 0.00001
0.00001 0.00001 0.99997 0.00001
0.209602 0.016818 0.77357 0.00001
0.259148 0.048377 0.692464 0.00001
0.328287 0.00001 0.671693 0.00001
0.224749 0.00001 0.775231 0.00001
0.121652 0.00001 0.878328 0.00001
0.30333 0.00001 0.69665 0.00001
0.204117 0.00001 0.795863 0.00001
0.364741 0.014872 0.620377 0.00001
0.34151 0.00001 0.65847 0.00001
0.248048 0.004925 0.747017 0.00001
0.00001 0.00001 0.99997 0.00001
0.143574 0.00001 0.856406 0.00001
0.00001 0.00839 0.99159 0.00001
0.197907 0.00001 0.802073 0.00001
0.386993 0.016146 0.596851 0.00001
0.100941 0.00001 0.899039 0.00001
0.26764 0.00001 0.73234 0.00001
0.284287 0.024446 0.691257 0.00001
0.00001 0.00001 0.99997 0.00001
0.249218 0.00001 0.750762 0.00001
0.240748 0.00001 0.759232 0.00001
0.304944 0.010501 0.684545 0.00001
0.489009 0.00001 0.510971 0.00001
0.263279 0.00001 0.736701 0.00001
0.174289 0.00001 0.825691 0.00001
0.281655 0.000015 0.718319 0.00001
0.261152 0.00001 0.734844 0.003993
0.224481 0.00001 0.775499 0.00001
0.313942 0.00001 0.686038 0.00001
0.290957 0.005857 0.703176 0.00001
0.205517 0.00001 0.794463 0.00001
0.260958 0.00001 0.739022 0.00001
0.337609 0.00001 0.662371 0.00001
0.298807 0.003994 0.697189 0.00001
0.243018 0.00001 0.756962 0.00001
0.36366 0.00001 0.63632 0.00001
0.294362 0.008064 0.697564 0.00001
0.24953 0.00001 0.75045 0.00001
0.340754 0.0772 0.582036 0.00001
0.215375 0.00001 0.784605 0.00001
0.000015 0.00001 0.999965 0.00001
0.387305 0.00001 0.612675 0.00001
0.201492 0.00001 0.798488 0.00001
0.280982 0.003312 0.715696 0.00001
0.166159 0.00001 0.833821 0.00001
0.167548 0.00001 0.832432 0.00001
0.28855 0.002558 0.708882 0.00001
0.388102 0.00001 0.611878 0.00001
0.225554 0.00001 0.774426 0.00001
0.220485 0.012609 0.766896 0.00001
0.422768 0.00001 0.575808 0.001415
0.00001 0.00001 0.99997 0.00001
0.390234 0.00001 0.609746 0.00001
0.00001 0.00001 0.99997 0.00001
0.169329 0.00001 0.830152 0.000508
0.152067 0.00001 0.847913 0.00001
0.350174 0.00001 0.649806 0.00001
0.00001 0.00001 0.99997 0.00001
0.287104 0.00001 0.712876 0.00001
0.322184 0.00001 0.677796 0.00001
0.161913 0.00001 0.838067 0.00001
0.282369 0.00001 0.717611 0.00001
0.199773 0.002191 0.798026 0.00001
0.102385 0.00001 0.897595 0.00001
0.185505 0.00001 0.814475 0.00001
0.316207 0.00001 0.683773 0.00001
0.300706 0.000708 0.698576 0.00001
0.00001 0.00001 0.99997 0.00001
0.00001 0.00001 0.99997 0.00001
0.195069 0.00001 0.804911 0.00001
0.329157 0.00001 0.670823 0.00001
0.24887 0.00001 0.75111 0.00001
0.26891 0.00001 0.73107 0.00001
0.100974 0.00001 0.899006 0.00001
0.239119 0.00001 0.760861 0.00001
0.236891 0.00001 0.763089 0.00001
0.39314 0.00001 0.60684 0.00001
0.354919 0.003771 0.6413 0.00001
0.339474 0.00001 0.660506 0.00001
0.141539 0.00001 0.858441 0.00001
0.216573 0.00001 0.783407 0.00001
0.219336 0.00001 0.780644 0.00001
0.271323 0.00001 0.728657 0.00001
0.021655 0.00001 0.974491 0.003845
0.00001 0.00001 0.99997 0.00001
0.134979 0.00001 0.865001 0.00001
0.00001 0.00001 0.99997 0.00001
0.221235 0.00001 0.778745 0.00001
0.224614 0.028253 0.747123 0.00001
0.167062 0.391218 0.343072 0.098648
0.175153 0.382675 0.353323 0.08885
0.064865 0.249499 0.547133 0.138503
0.139522 0.161548 0.619258 0.079673
0.066264 0.185565 0.702509 0.045662
0.161496 0.19693 0.596678 0.044896
0.037954 0.52602 0.162493 0.273533
0.135919 0.44875 0.330686 0.084645
0.15625 0.479172 0.193802 0.170777
0.174968 0.178098 0.545386 0.101548
0.174389 0.19039 0.626069 0.009152
0.00001 0.573652 0.101597 0.324741
0.11213 0.640225 0.191421 0.056225
0.102202 0.49306 0.118107 0.286631
0.059639 0.669531 0.141591 0.129238
0.10499 0.176709 0.639748 0.078553
0.214246 0.170911 0.560421 0.054422
0.10364 0.237451 0.544027 0.114882
0.222087 0.273714 0.504189 0.00001
0.194495 0.2204 0.585096 0.00001
0.18778 0.193714 0.618496 0.00001
0.32954 0.112506 0.557944 0.00001
0.00001 0.203765 0.636428 0.159797
0.110477 0.260918 0.59051 0.038094
0.028858 0.357169 0.613963 0.00001
0.258396 0.060297 0.473952 0.207355
0.176477 0.118792 0.654488 0.050243
0.248477 0.202075 0.517104 0.032344
0.200001 0.184924 0.615066 0.00001
0.204137 0.107236 0.594337 0.094289
0.177018 0.249985 0.504376 0.06862
0.178149 0.097135 0.651402 0.073313
0.173441 0.131303 0.630785 0.064471
0.193473 0.050514 0.588752 0.167261
0.236013 0.143487 0.551333 0.069167
0.184742 0.216837 0.558817 0.039604
0.281728 0.203698 0.514564 0.00001
0.126592 0.148707 0.674706 0.049994
0.19795 0.219119 0.582921 0.00001
0.121213 0.144953 0.673231 0.060603
0.073239 0.456211 0.470541 0.00001
0.138879 0.197712 0.593698 0.06971
0.217102 0.108349 0.608451 0.066098
0.280873 0.00001 0.636377 0.08274
0.00001 0.869568 0.00001 0.130412
0.00001 0.814215 0.004568 0.181207
0.00001 0.906218 0.00001 0.093762
0.00001 0.99997 0.00001 0.00001
0.00001 0.891 0.00001 0.10898
0.00001 0.863718 0.00001 0.136262
0.00001 0.90557 0.00001 0.09441
0.00001 0.868974 0.00001 0.131006
0.00001 0.827209 0.00001 0.172771
0.00001 0.756166 0.00001 0.243814
0.00001 0.99997 0.00001 0.00001
0.00001 0.945885 0.00001 0.054095
0.00001 0.88604 0.00001 0.11394
0.00001 0.920458 0.00001 0.079522
0.00001 0.99997 0.00001 0.00001
0.00001 0.959925 0.00001 0.040055
0.00001 0.874896 0.00001 0.125084
0.00001 0.892164 0.00001 0.107816
0.023602 0.786397 0.00001 0.189991
0.00001 0.821427 0.00001 0.178553
0.00001 0.919901 0.00001 0.080079
0.00001 0.912392 0.00001 0.087588
0.00001 0.794184 0.00001 0.205796
0.00001 0.757854 0.00001 0.242126
0.00001 0.874269 0.00001 0.125711
0.00001 0.871472 0.00001 0.128508
0.00001 0.84338 0.00001 0.1566
0.00001 0.77332 0.00001 0.22666
0.00001 0.887703 0.00001 0.112277
0.00001 0.817799 0.00001 0.182181
0.00001 0.912487 0.00001 0.087493
0.00001 0.875611 0.005201 0.119177
0.00001 0.891039 0.00001 0.108941
0.00001 0.813468 0.00001 0.186512
0.00001 0.941726 0.00001 0.058254
0.00001 0.809631 0.00001 0.190349
0.00001 0.976375 0.00001 0.023605
0.00001 0.984779 0.00001 0.015201
0.00001 0.94197 0.00001 0.05801
0.00001 0.897574 0.00001 0.102406
0.00001 0.769718 0.00001 0.230262
0.00001 0.807468 0.00001 0.192512
0.00001 0.958857 0.041123 0.00001
0.00001 0.968572 0.031408 0.00001
0.00001 0.701917 0.00001 0.298063
0.00001 0.918729 0.00001 0.081251
0.00001 0.764813 0.014537 0.22064
0.00001 0.93379 0.030723 0.035477
0.00001 0.772167 0.00001 0.227813
0.00001 0.741031 0.00001 0.258949
0.00001 0.868813 0.00001 0.131167
0.00001 0.860708 0.00001 0.139272
0.00001 0.956846 0.00001 0.043134
0.00001 0.922741 0.00001 0.077239
0.00001 0.905644 0.00001 0.094336
0.00001 0.874245 0.00001 0.125735
0.00001 0.921112 0.00001 0.078868
0.00001 0.834809 0.00001 0.165171
0.00001 0.866085 0.003019 0.130886
0.00001 0.757501 0.00001 0.242479
0.00001 0.942458 0.023409 0.034123
0.00001 0.97548 0.0245 0.00001
0.009403 0.912111 0.00001 0.078476
0.003306 0.996674 0.00001 0.00001
0.00001 0.99997 0.00001 0.00001
0.00001 0.99997 0.00001 0.00001
0.000017 0.766246 0.00001 0.233727
0.006418 0.875542 0.00001 0.11803
0.00001 0.858252 0.00001 0.141728
0.00001 0.829912 0.00001 0.170068
0.00001 0.828249 0.003631 0.16811
0.00001 0.974212 0.00001 0.025768
0.00001 0.924633 0.00001 0.075347
0.00001 0.878685 0.00001 0.121295
0.00001 0.980947 0.00001 0.019033
0.00001 0.921206 0.002378 0.076406
0.00001 0.928283 0.00001 0.071697
0.00001 0.88079 0.00001 0.11919
0.00001 0.858828 0.00001 0.141152
0.00001 0.955969 0.00001 0.044011
0.00001 0.99997 0.00001 0.00001
0.00001 0.974513 0.00001 0.025467
0.00001 0.863951 0.00001 0.136029
0.00001 0.787911 0.00001 0.212069
0.00001 0.847154 0.00001 0.152826
0.00001 0.850891 0.00001 0.149089
0.00001 0.865184 0.00001 0.134796
0.00001 0.825311 0.00001 0.174669
0.00001 0.83906 0.00001 0.16092
0.00001 0.941439 0.00001 0.058541
0.00001 0.82427 0.00001 0.17571
0.00001 0.818399 0.00001 0.181581
0.00001 0.698739 0.00001 0.301241
0.00001 0.685152 0.00001 0.314828
0.00001 0.701754 0.00001 0.298226
0.00001 0.748728 0.00001 0.251252
0.00001 0.868053 0.00001 0.131927
0.00001 0.802618 0.00001 0.197362
0.00001 0.674316 0.00001 0.325664
0.00001 0.696217 0.00001 0.303763
0.00001 0.68166 0.00001 0.31832
0.00001 0.99997 0.00001 0.00001
0.00001 0.99997 0.00001 0.00001
0.00001 0.84628 0.00001 0.1537
0.00001 0.801101 0.00001 0.198879
0.00001 0.99997 0.00001 0.00001
0.01012 0.869693 0.00001 0.120177
0.00001 0.283394 0.00001 0.716586
0.00001 0.53359 0.00001 0.46639
0.00001 0.531553 0.00001 0.468427
0.00001 0.297692 0.00001 0.702288
0.00001 0.334323 0.00001 0.665657
0.00001 0.571376 0.00001 0.428604
0.00001 0.500609 0.00001 0.499371
0.00001 0.363818 0.00001 0.636162
0.00001 0.232597 0.00001 0.767383
0.00001 0.699635 0.00001 0.300345
0.00001 0.579435 0.00001 0.420545
0.00001 0.358901 0.00001 0.641079
0.00001 0.347902 0.00001 0.652078
0.00001 0.682339 0.00001 0.317641
0.00001 0.434012 0.00001 0.565968
0.00001 0.451607 0.00001 0.548373
0.00001 0.36413 0.00001 0.63585
0.00001 0.360401 0.00001 0.639579
0.00001 0.35442 0.00001 0.64556
0.00001 0.524432 0.00001 0.475548
0.00001 0.687726 0.00001 0.312254
0.00001 0.307024 0.00001 0.692956
0.00001 0.289702 0.00001 0.710278
0.00001 0.291341 0.00001 0.708639
0.00001 0.609082 0.00001 0.390898
0.00001 0.416721 0.00001 0.583259
0.00001 0.521082 0.00001 0.478898
0.00001 0.480516 0.00001 0.519464
0.00001 0.00001 0.00001 0.99997
0.00001 0.030793 0.00001 0.969187
0.00001 0.00001 0.00001 0.99997
0.00001 0.00001 0.00001 0.99997
0.00001 0.00001 0.00001 0.99997
0.00001 0.00001 0.00001 0.99997
0.00001 0.027987 0.00001 0.971993
0.00001 0.057377 0.00001 0.942603
0.00001 0.00001 0.00001 0.99997
0.00001 0.00001 0.00001 0.99997
0.00001 0.00001 0.00001 0.99997
0.00001 0.00001 0.00001 0.99997
0.00001 0.00001 0.00001 0.99997
0.00001 0.00001 0.00001 0.99997
0.00001 0.00001 0.00001 0.99997
0.00001 0.00001 0.00001 0.99997
0.00001 0.061667 0.00001 0.938313
0.00001 0.051533 0.00001 0.948447
0.00001 0.00001 0.00001 0.99997
0.00001 0.00001 0.00001 0.99997
0.00001 0.00001 0.00001 0.99997
0.00001 0.00001 0.00001 0.99997
0.00001 0.108094 0.00001 0.891886
0.00001 0.00001 0.00001 0.99997
0.00001 0.00001 0.00001 0.99997
0.00001 0.195755 0.00001 0.804225
0.00001 0.281443 0.00001 0.718537
0.00001 0.149399 0.00001 0.850581
0.00001 0.056068 0.00001 0.943912
0.00001 0.231862 0.00001 0.768118
0.00001 0.269778 0.00001 0.730202
0.00001 0.143771 0.00001 0.856209
0.00001 0.25583 0.00001 0.74415
0.00001 0.04865 0.00001 0.95133
0.00001 0.182449 0.00001 0.817531
0.00001 0.185638 0.00001 0.814342
0.00001 0.164276 0.00001 0.835704
0.00001 0.080472 0.00001 0.919508
0.00001 0.17044 0.00001 0.82954
0.00001 0.204758 0.00001 0.795222
0.00001 0.221665 0.00001 0.778315
0.00001 0.167732 0.00001 0.832248
0.00001 0.199287 0.00001 0.800693
0.00001 0.141851 0.00001 0.858129
0.00001 0.25796 0.00001 0.74202
0.00001 0.174697 0.00001 0.825283
0.00001 0.157787 0.00001 0.842193
0.00001 0.196133 0.00001 0.803847
0.00001 0.056664 0.00001 0.943316
0.00001 0.182163 0.00001 0.817817
0.00001 0.201203 0.00001 0.798777
0.00001 0.224271 0.00001 0.775709
0.00001 0.137878 0.00001 0.862102
0.00001 0.098383 0.00001 0.901597
0.00001 0.068061 0.00001 0.931919
0.00001 0.189599 0.00001 0.810381
0.00001 0.173812 0.00001 0.826168
0.00001 0.154037 0.00001 0.845943
0.00001 0.032348 0.00001 0.967632
0.00001 0.168178 0.00001 0.831802
0.00001 0.00001 0.00001 0.99997
0.00001 0.110566 0.00001 0.889414
0.00001 0.00001 0.00001 0.99997
0.00001 0.008507 0.00001 0.991473
0.00001 0.105372 0.00001 0.894608
0.00001 0.049372 0.00001 0.950608
0.00001 0.162171 0.00001 0.837809
0.00001 0.194929 0.00001 0.805051
0.00001 0.038495 0.00001 0.961485
0.00001 0.095411 0.00001 0.904569
0.00001 0.133187 0.00001 0.866793
0.00001 0.036789 0.00001 0.963191
0.00001 0.131611 0.00001 0.868369
0.00001 0.171429 0.00001 0.828551
0.00001 0.126606 0.00001 0.873374
0.00001 0.102773 0.00001 0.897207
0.00001 0.132914 0.00001 0.867066
0.00001 0.058292 0.00001 0.941688
0.00001 0.133752 0.00001 0.866228
0.00001 0.221954 0.00001 0.778026
0.00001 0.00001 0.00001 0.99997
0.00001 0.239449 0.00001 0.760531
0.00001 0.075494 0.00001 0.924486
0.00001 0.134392 0.00001 0.865588
0.00001 0.172453 0.00001 0.827527
0.00001 0.131314 0.00001 0.868666
0.00001 0.173531 0.00001 0.826449
0.00001 0.206654 0.00001 0.793326
0.00001 0.195892 0.00001 0.804088
