0.00001 0.99996 0.00001 0.00001 0.00001
0.00001 0.99996 0.00001 0.00001 0.00001
0.00001 0.99996 0.00001 0.00001 0.00001
0.00001 0.99996 0.00001 0.00001 0.00001
0.00001 0.99996 0.00001 0.00001 0.00001
0.00001 0.99996 0.00001 0.00001 0.00001
0.00001 0.695067 0.00001 0.304903 0.00001
0.00001 0.99996 0.00001 0.00001 0.00001
0.00001 0.99996 0.00001 0.00001 0.00001
0.00001 0.99996 0.00001 0.00001 0.00001
0.00001 0.99996 0.00001 0.00001 0.00001
0.00001 0.99996 0.00001 0.00001 0.00001
0.00001 0.99996 0.00001 0.00001 0.00001
0.018084 0.521096 0.00001 0.435538 0.025272
0.00001 0.99996 0.00001 0.00001 0.00001
0.00001 0.99996 0.00001 0.00001 0.00001
0.00001 0.99996 0.00001 0.00001 0.00001
0.00001 0.99996 0.00001 0.00001 0.00001
0.00001 0.99996 0.00001 0.00001 0.00001
0.00001 0.571832 0.00001 0.428138 0.00001
0.00001 0.99996 0.00001 0.00001 0.00001
0.00001 0.529861 0.00001 0.470109 0.00001
0.00001 0.00001 0.00001 0.99996 0.00001
0.00001 0.00001 0.00001 0.974765 0.025205
0.00001 0.329486 0.00001 0.670484 0.00001
0.00001 0.231724 0.00001 0.768246 0.00001
0.031122 0.2356 0.00001 0.711663 0.021605
0.00001 0.27061 0.00001 0.72936 0.00001
0.00001 0.260133 0.00001 0.738398 0.00145
0.00001 0.398575 0.00001 0.601395 0.00001
0.00001 0.316207 0.00001 0.683763 0.00001
0.075184 0.300757 0.00001 0.624038 0.00001
0.16157 0.333791 0.00001 0.50462 0.00001
0.00001 0.241419 0.00001 0.758551 0.00001
0.00001 0.102737 0.00001 0.897233 0.00001
0.00001 0.00001 0.00001 0.99996 0.00001
0.031356 0.225795 0.00001 0.742829 0.00001
0.00001 0.288068 0.00001 0.711902 0.00001
0.048736 0.356647 0.00001 0.594596 0.00001
0.00001 0.144558 0.00001 0.855412 0.00001
0.094513 0.157142 0.00001 0.748325 0.00001
0.00001 0.00001 0.00001 0.99996 0.00001
0.140865 0.226897 0.00001 0.632219 0.00001
0.2243 0.231966 0.00001 0.543714 0.00001
0.00001 0.338733 0.00001 0.661237 0.00001
0.00001 0.250337 0.00001 0.749633 0.00001
0.00001 0.129809 0.00001 0.870161 0.00001
0.00001 0.314718 0.00001 0.685252 0.00001
0.00001 0.224588 0.00001 0.775382 0.00001
0.093469 0.36595 0.00001 0.540561 0.00001
0.024408 0.352433 0.00001 0.623139 0.00001
0.034292 0.258414 0.00001 0.707274 0.00001
0.00001 0.00001 0.00001 0.99996 0.00001
0.00001 0.149163 0.00001 0.850807 0.00001
0.00001 0.00001 0.00001 0.989653 0.010317
0.00001 0.213614 0.00001 0.786356 0.00001
0.110068 0.387958 0.00001 0.501954 0.00001
0.00001 0.093634 0.00001 0.904539 0.001807
0.00001 0.288143 0.00001 0.711827 0.00001
0.125442 0.285915 0.00001 0.588623 0.00001
0.00001 0.00001 0.00001 0.99996 0.00001
0.00001 0.264575 0.00001 0.735395 0.00001
0.00001 0.251658 0.00001 0.748312 0.00001
0.00001 0.325352 0.00001 0.662853 0.011775
0.00001 0.497873 0.00001 0.502097 0.00001
0.00001 0.272181 0.00001 0.727789 0.00001
0.00001 0.166295 0.00001 0.833675 0.00001
0.054198 0.29272 0.00001 0.653062 0.00001
0.00001 0.273572 0.007017 0.719392 0.00001
0.00001 0.21664 0.00001 0.78333 0.00001
0.00001 0.325098 0.00001 0.674872 0.00001
0.00001 0.30247 0.00001 0.68934 0.00817
0.00001 0.228246 0.00001 0.771724 0.00001
0.00001 0.277994 0.00001 0.721976 0.00001
0.00001 0.33473 0.00001 0.66524 0.00001
0.096227 0.317355 0.00001 0.586398 0.00001
0.00001 0.260761 0.00001 0.739209 0.00001
0.00001 0.380607 0.00001 0.619363 0.00001
0.00001 0.308862 0.00001 0.681108 0.01001
0.00001 0.268833 0.00001 0.731137 0.00001
0.408655 0.287736 0.00001 0.303589 0.00001
0.00001 0.237168 0.00001 0.762802 0.00001
0.00001 0.00001 0.00001 0.99996 0.00001
0.00001 0.392002 0.00001 0.607968 0.00001
0.018004 0.205796 0.00001 0.77618 0.00001
0.00001 0.291308 0.00001 0.703177 0.005495
0.00001 0.195289 0.00001 0.804681 0.00001
0.00001 0.195142 0.00001 0.804828 0.00001
0.053273 0.297003 0.00001 0.649704 0.00001
0.072397 0.370799 0.00001 0.556784 0.00001
0.00001 0.239158 0.00001 0.760812 0.00001
0.084716 0.227577 0.00001 0.687687 0.00001
0.100266 0.425351 0.00001 0.474363 0.00001
0.00001 0.00001 0.00001 0.99996 0.00001
0.009894 0.409961 0.00001 0.580125 0.00001
0.00001 0.00001 0.00001 0.99996 0.00001
0.042914 0.171895 0.00001 0.785171 0.00001
0.00001 0.171401 0.00001 0.828569 0.00001
0.00001 0.368882 0.00001 0.631088 0.00001
0.00001 0.00001 0.00001 0.99996 0.00001
0.00001 0.312666 0.00001 0.687304 0.00001
0.00001 0.3407 0.00001 0.65927 0.00001
0.041164 0.172359 0.00001 0.786458 0.00001
0.08298 0.290757 0.00001 0.626243 0.00001
0.090292 0.20606 0.00001 0.703627 0.00001
0.00001 0.098741 0.00001 0.901229 0.00001
0.059224 0.187483 0.00001 0.753273 0.00001
0.007583 0.334682 0.00001 0.657715 0.00001
0.00001 0.308912 0.00001 0.688311 0.002758
0.00001 0.00001 0.00001 0.99996 0.00001
0.00001 0.00001 0.00001 0.99996 0.00001
0.00001 0.215925 0.00001 0.784045 0.00001
0.046523 0.341575 0.00001 0.611882 0.00001
0.00001 0.270854 0.00001 0.729116 0.00001
0.018549 0.290664 0.00001 0.690767 0.00001
0.00001 0.138664 0.00001 0.861306 0.00001
0.00001 0.253373 0.00001 0.746597 0.00001
0.00001 0.263401 0.00001 0.736569 0.00001
0.00001 0.421601 0.00001 0.578369 0.00001
0.00001 0.376882 0.00001 0.617492 0.005605
0.00001 0.355002 0.00001 0.644968 0.00001
0.00001 0.161615 0.00001 0.838355 0.00001
0.00001 0.231206 0.00001 0.768764 0.00001
0.00001 0.237202 0.00001 0.762768 0.00001
0.00001 0.292119 0.00001 0.707851 0.00001
0.00001 0.03261 0.005683 0.961686 0.00001
0.081412 0.013896 0.00001 0.904672 0.00001
0.00001 0.15429 0.00001 0.84568 0.00001
0.00001 0.00001 0.00001 0.997664 0.002306
0.00001 0.23109 0.00001 0.76888 0.00001
0.161428 0.221503 0.00001 0.617049 0.00001
0.217569 0.143752 0.070493 0.193276 0.374911
0.483201 0.148699 0.03941 0.00001 0.32868
0.149722 0.043456 0.130422 0.450474 0.225926
0.99996 0.00001 0.00001 0.00001 0.00001
0.99996 0.00001 0.00001 0.00001 0.00001
0.400127 0.130541 0.037595 0.314069 0.117669
0.089639 0.019537 0.271308 0.110721 0.508794
0.318403 0.100224 0.07189 0.118923 0.390561
0.172253 0.130669 0.163163 0.082686 0.451229
0.171559 0.153933 0.097604 0.431542 0.145363
0.99996 0.00001 0.00001 0.00001 0.00001
0.129403 0.00001 0.327179 0.00001 0.543398
0.00001 0.122688 0.04842 0.18081 0.648072
0.184741 0.07473 0.280717 0.00001 0.459802
0.255587 0.00001 0.118838 0.00001 0.625555
0.466144 0.015502 0.077876 0.366841 0.073637
0.99996 0.00001 0.00001 0.00001 0.00001
0.406347 0.044804 0.08821 0.284114 0.176525
0.165272 0.210412 0.00001 0.384784 0.239522
0.493379 0.160889 0.00001 0.232385 0.113337
0.522668 0.109787 0.00001 0.289241 0.078294
0.337366 0.284321 0.00001 0.344111 0.034193
0.077911 0.00001 0.156412 0.573868 0.1918
0.369495 0.064147 0.01756 0.346181 0.202616
0.38084 0.00001 0.00001 0.346975 0.272165
0.423343 0.225794 0.176177 0.174676 0.00001
0.295424 0.145707 0.022055 0.453989 0.082825
0.091348 0.236205 0.030832 0.456229 0.185385
0.080375 0.200113 0.00001 0.549933 0.169569
0.00001 0.212544 0.092175 0.583877 0.111394
0.238182 0.156004 0.060423 0.337278 0.208113
0.226717 0.149288 0.052759 0.501052 0.070184
0.99996 0.00001 0.00001 0.00001 0.00001
0.99996 0.00001 0.00001 0.00001 0.00001
0.99996 0.00001 0.00001 0.00001 0.00001
0.13021 0.176775 0.037755 0.462766 0.192494
0.267932 0.253303 0.00001 0.33181 0.146945
0.99996 0.00001 0.00001 0.00001 0.00001
0.99996 0.00001 0.00001 0.00001 0.00001
0.088477 0.12157 0.059851 0.602092 0.128011
0.33 0.029249 0.00001 0.255643 0.385098
0.980865 0.00001 0.019105 0.00001 0.00001
0.00001 0.226407 0.066042 0.597226 0.110315
0.189586 0.279253 0.046561 0.48459 0.00001
0.00001 0.00001 0.127515 0.00001 0.872455
0.009686 0.00001 0.190083 0.00001 0.80021
0.00001 0.00001 0.089952 0.00001 0.910018
0.00001 0.00001 0.00001 0.00001 0.99996
0.00001 0.00001 0.106477 0.00001 0.893493
0.00001 0.00001 0.126301 0.00001 0.873669
0.00001 0.00001 0.093971 0.00001 0.905999
0.00001 0.00001 0.119051 0.00001 0.880919
0.00001 0.00001 0.171375 0.00001 0.828595
0.00001 0.00001 0.241962 0.00001 0.758008
0.00001 0.00001 0.00001 0.00001 0.99996
0.00001 0.00001 0.047088 0.00001 0.952882
0.00001 0.00001 0.109392 0.00001 0.890578
0.00001 0.00001 0.066323 0.00001 0.933647
0.00001 0.00001 0.00001 0.00001 0.99996
0.00001 0.00001 0.037892 0.00001 0.962078
0.00001 0.00001 0.121923 0.00001 0.878047
0.00001 0.00001 0.106807 0.00001 0.893163
0.00001 0.023442 0.185363 0.00001 0.791175
0.00001 0.00001 0.167919 0.00001 0.832051
0.00001 0.00001 0.073651 0.00001 0.926319
0.00001 0.00001 0.088996 0.00001 0.910974
0.00001 0.00001 0.200019 0.00001 0.799951
0.00001 0.00001 0.235007 0.00001 0.764963
0.001102 0.00001 0.125667 0.00001 0.873211
0.00001 0.00001 0.128007 0.00001 0.871963
0.00001 0.00001 0.149541 0.00001 0.850429
0.00001 0.00001 0.224422 0.00001 0.775548
0.00001 0.00001 0.101754 0.00001 0.898216
0.00001 0.00001 0.181156 0.00001 0.818814
0.00001 0.00001 0.080506 0.00001 0.919464
0.026681 0.00001 0.144993 0.00001 0.828306
0.00001 0.00001 0.104296 0.00001 0.895674
0.00001 0.00001 0.183601 0.00001 0.816369
0.00001 0.00001 0.054823 0.00001 0.945147
0.00001 0.00001 0.185677 0.00001 0.814293
0.00001 0.00001 0.017632 0.00001 0.982338
0.00001 0.00001 0.00555 0.00001 0.99442
0.00001 0.00001 0.049985 0.00001 0.949985
0.00001 0.00001 0.089042 0.00001 0.910928
0.00001 0.00001 0.221343 0.00001 0.778627
0.00001 0.00001 0.19131 0.00001 0.80866
0.00001 0.00001 0.00001 0.041092 0.958878
0.00001 0.00001 0.00001 0.03248 0.96749
0.00001 0.00001 0.299152 0.00001 0.700818
0.00001 0.00001 0.081709 0.00001 0.918261
0.00001 0.00001 0.215621 0.015018 0.769341
0.039831 0.00001 0.031856 0.00001 0.928293
0.00001 0.00001 0.224232 0.00001 0.775738
0.00001 0.00001 0.253381 0.00001 0.746589
0.00001 0.00001 0.128228 0.00001 0.871742
0.00001 0.00001 0.132287 0.00001 0.867683
0.00001 0.00001 0.037202 0.00001 0.962768
0.00001 0.00001 0.074272 0.00001 0.925698
0.00001 0.00001 0.08636 0.00001 0.91361
0.00001 0.00001 0.123315 0.00001 0.876655
0.00001 0.00001 0.074421 0.00001 0.925549
0.00001 0.00001 0.168721 0.00001 0.831249
0.009779 0.00001 0.130179 0.00001 0.860022
0.00001 0.00001 0.240948 0.00001 0.759022
0.029171 0.00001 0.034789 0.00001 0.93602
0.00001 0.00001 0.00001 0.025566 0.974404
0.013566 0.00001 0.077964 0.00001 0.90845
0.00001 0.004124 0.00001 0.00001 0.995846
0.00001 0.00001 0.00001 0.00001 0.99996
0.00001 0.00001 0.00001 0.00001 0.99996
0.001392 0.00001 0.234832 0.00001 0.763757
0.00001 0.008217 0.127515 0.00001 0.864248
0.00001 0.00001 0.144185 0.00001 0.855785
0.00001 0.00001 0.172632 0.00001 0.827338
0.014915 0.00001 0.178836 0.00001 0.806229
0.00001 0.00001 0.026731 0.00001 0.973239
0.00001 0.00001 0.069825 0.00001 0.930145
0.00001 0.00001 0.111951 0.00001 0.888019
0.00001 0.00001 0.018438 0.00001 0.981532
0.00001 0.00001 0.072042 0.003798 0.92414
0.00001 0.00001 0.070172 0.00001 0.929798
0.00001 0.00001 0.121284 0.00001 0.878686
0.00001 0.00001 0.134137 0.00001 0.865833
0.00001 0.00001 0.042493 0.00001 0.957477
0.00001 0.00001 0.00001 0.00001 0.99996
0.00001 0.00001 0.018546 0.00001 0.981424
0.00001 0.00001 0.132963 0.00001 0.867007
0.00001 0.00001 0.204408 0.00001 0.795562
0.00001 0.00001 0.146454 0.00001 0.853516
0.00001 0.00001 0.143936 0.00001 0.856034
0.00001 0.00001 0.130867 0.00001 0.869103
0.00001 0.00001 0.171281 0.00001 0.828689
0.00001 0.00001 0.158259 0.00001 0.841711
0.00001 0.00001 0.05172 0.00001 0.94825
0.010615 0.00001 0.186606 0.00001 0.802759
0.00001 0.00001 0.176221 0.00001 0.823749
0.00001 0.00001 0.299903 0.00001 0.700067
0.00001 0.00001 0.317163 0.00001 0.682807
0.00001 0.00001 0.2925 0.00001 0.70747
0.00001 0.00001 0.247986 0.00001 0.751984
0.00001 0.00001 0.126985 0.00001 0.872985
0.00001 0.00001 0.197377 0.00001 0.802593
0.00001 0.00001 0.320446 0.00001 0.679524
0.00001 0.00001 0.305108 0.00001 0.694862
0.00001 0.00001 0.309519 0.00001 0.690451
0.00001 0.00001 0.00001 0.00001 0.99996
0.00001 0.00001 0.00001 0.00001 0.99996
0.00001 0.00001 0.149009 0.00001 0.850961
0.00001 0.00001 0.190265 0.00001 0.809705
0.00001 0.00001 0.00001 0.00001 0.99996
0.02262 0.00001 0.125838 0.00001 0.851522
0.00001 0.00001 0.709259 0.00001 0.290711
0.00001 0.00001 0.466546 0.00001 0.533424
0.00001 0.00001 0.463355 0.00001 0.536615
0.00001 0.00001 0.703523 0.00001 0.296447
0.00001 0.00001 0.661645 0.00001 0.338325
0.00001 0.00001 0.426067 0.00001 0.573903
0.00001 0.00001 0.498688 0.00001 0.501282
0.00001 0.00001 0.632018 0.00001 0.367952
0.00001 0.00001 0.761097 0.00001 0.238873
0.00001 0.00001 0.291972 0.00001 0.707998
0.00001 0.00001 0.420905 0.00001 0.579065
0.00001 0.00001 0.636132 0.00001 0.363838
0.00001 0.00001 0.644313 0.00001 0.355657
0.00001 0.00001 0.311961 0.00001 0.688009
0.00001 0.00001 0.565852 0.00001 0.434118
0.00001 0.00001 0.547179 0.00001 0.452791
0.00001 0.00001 0.63608 0.00001 0.36389
0.00001 0.00001 0.640154 0.00001 0.359816
0.00001 0.00001 0.637188 0.00001 0.362782
0.00001 0.00001 0.476959 0.00001 0.523011
0.00001 0.00001 0.301057 0.00001 0.698913
0.00001 0.00001 0.688176 0.00001 0.311794
0.00001 0.00001 0.707549 0.00001 0.292421
0.00001 0.00001 0.708633 0.00001 0.291337
0.00001 0.00001 0.38825 0.00001 0.61172
0.00001 0.00001 0.581818 0.00001 0.418152
0.00001 0.00001 0.483424 0.00001 0.516546
0.00001 0.00001 0.517232 0.00001 0.482738
0.00001 0.00001 0.99996 0.00001 0.00001
0.00001 0.00001 0.961029 0.00001 0.038941
0.00001 0.00001 0.99996 0.00001 0.00001
0.00001 0.00001 0.99996 0.00001 0.00001
0.00001 0.00001 0.99996 0.00001 0.00001
0.00001 0.00001 0.99996 0.00001 0.00001
0.00001 0.00001 0.976731 0.00001 0.023239
0.00001 0.00001 0.941632 0.00001 0.058338
0.00001 0.00001 0.99996 0.00001 0.00001
0.00001 0.00001 0.99996 0.00001 0.00001
0.00001 0.00001 0.99996 0.00001 0.00001
0.00001 0.00001 0.99996 0.00001 0.00001
0.00001 0.00001 0.99996 0.00001 0.00001
0.00001 0.00001 0.99996 0.00001 0.00001
0.00001 0.00001 0.99996 0.00001 0.00001
0.00001 0.00001 0.99996 0.00001 0.00001
0.00001 0.00001 0.938658 0.00001 0.061312
0.00001 0.00001 0.949495 0.00001 0.050475
0.00001 0.00001 0.99996 0.00001 0.00001
0.00001 0.00001 0.99996 0.00001 0.00001
0.00001 0.00001 0.99996 0.00001 0.00001
0.00001 0.00001 0.99996 0.00001 0.00001
0.00001 0.00001 0.887131 0.00001 0.112839
0.00001 0.00001 0.99996 0.00001 0.00001
0.00001 0.00001 0.99996 0.00001 0.00001
0.00001 0.00001 0.797779 0.00001 0.202191
0.00001 0.00001 0.711457 0.00001 0.288513
0.00001 0.00001 0.840954 0.00001 0.159016
0.00001 0.00001 0.940224 0.00001 0.059746
0.00001 0.00001 0.76397 0.00001 0.236
0.00001 0.00001 0.726353 0.00001 0.273617
0.00001 0.00001 0.848592 0.00001 0.151378
0.00001 0.00001 0.738312 0.00001 0.261658
0.00001 0.00001 0.936063 0.00001 0.063907
0.00001 0.00001 0.819992 0.00001 0.179978
0.00001 0.00001 0.815141 0.00001 0.184829
0.00001 0.00001 0.829676 0.00001 0.170294
0.00001 0.00001 0.913005 0.00001 0.086965
0.00001 0.00001 0.831343 0.00001 0.168627
0.00001 0.00001 0.796645 0.00001 0.203325
0.00001 0.00001 0.769597 0.00001 0.230373
0.00001 0.00001 0.832512 0.00001 0.167458
0.00001 0.00001 0.788507 0.00001 0.211463
0.00001 0.00001 0.850019 0.00001 0.149951
0.00001 0.00001 0.73413 0.00001 0.26584
0.00001 0.00001 0.821378 0.00001 0.178592
0.00001 0.00001 0.83337 0.00001 0.1666
0.00001 0.00001 0.798542 0.00001 0.201428
0.00001 0.00001 0.937167 0.00001 0.062803
0.00001 0.00001 0.81814 0.00001 0.18183
0.00001 0.00001 0.793256 0.00001 0.206714
0.00001 0.00001 0.775458 0.00001 0.224512
0.00001 0.00001 0.857349 0.00001 0.142621
0.00001 0.00001 0.897292 0.00001 0.102678
0.00001 0.00001 0.926325 0.00001 0.073645
0.00001 0.00001 0.812328 0.00001 0.187642
0.00001 0.00001 0.82081 0.00001 0.17916
0.00001 0.00001 0.840384 0.00001 0.159586
0.00001 0.00001 0.961005 0.00001 0.038965
0.00001 0.00001 0.822174 0.00001 0.177796
0.00001 0.00001 0.99996 0.00001 0.00001
0.00001 0.00001 0.889095 0.00001 0.110875
0.00001 0.00001 0.99996 0.00001 0.00001
0.00001 0.00001 0.982895 0.00001 0.017075
0.00001 0.00001 0.883449 0.00001 0.116521
0.00001 0.00001 0.94414 0.00001 0.05583
0.00001 0.00001 0.831666 0.00001 0.168304
0.00001 0.00001 0.800771 0.00001 0.199199
0.00001 0.00001 0.947991 0.00001 0.051979
0.00001 0.00001 0.899034 0.00001 0.100936
0.00001 0.00001 0.859413 0.00001 0.140557
0.00001 0.00001 0.955239 0.00001 0.044731
0.00001 0.00001 0.860088 0.00001 0.139882
0.00001 0.00001 0.825657 0.00001 0.174313
0.00001 0.00001 0.8711 0.00001 0.12887
0.00001 0.00001 0.894702 0.00001 0.105268
0.00001 0.00001 0.86739 0.00001 0.13258
0.00001 0.00001 0.939246 0.00001 0.060724
0.00001 0.00001 0.867352 0.00001 0.132618
0.00001 0.00001 0.774275 0.00001 0.225695
0.00001 0.00001 0.99996 0.00001 0.00001
0.00001 0.00001 0.759167 0.00001 0.240803
0.00001 0.00001 0.917298 0.00001 0.082672
0.00001 0.00001 0.872061 0.00001 0.127909
0.00001 0.00001 0.816557 0.00001 0.183413
0.00001 0.00001 0.87258 0.00001 0.12739
0.00001 0.00001 0.823265 0.00001 0.176705
0.00001 0.00001 0.789357 0.00001 0.210613
0.00001 0.00001 0.800085 0.00001 0.199885
