0.99996 0.00001 0.00001 0.00001 0.00001
0.99996 0.00001 0.00001 0.00001 0.00001
0.99996 0.00001 0.00001 0.00001 0.00001
0.99996 0.00001 0.00001 0.00001 0.00001
0.99996 0.00001 0.00001 0.00001 0.00001
0.99996 0.00001 0.00001 0.00001 0.00001
0.676543 0.00001 0.00001 0.00001 0.323427
0.99996 0.00001 0.00001 0.00001 0.00001
0.99996 0.00001 0.00001 0.00001 0.00001
0.99996 0.00001 0.00001 0.00001 0.00001
0.99996 0.00001 0.00001 0.00001 0.00001
0.99996 0.00001 0.00001 0.00001 0.00001
0.722196 0.00001 0.00001 0.00001 0.277774
0.498409 0.00001 0.027764 0.00001 0.473807
0.99996 0.00001 0.00001 0.00001 0.00001
0.99996 0.00001 0.00001 0.00001 0.00001
0.99996 0.00001 0.00001 0.00001 0.00001
0.99996 0.00001 0.00001 0.00001 0.00001
0.99996 0.00001 0.00001 0.00001 0.00001
0.556267 0.00001 0.00001 0.00001 0.443703
0.99996 0.00001 0.00001 0.00001 0.00001
0.505429 0.00001 0.00001 0.00001 0.494541
0.00001 0.00001 0.00001 0.00001 0.99996
0.00001 0.00001 0.025149 0.00001 0.974821
0.272705 0.00001 0.00001 0.00001 0.727265
0.185626 0.00001 0.00001 0.00001 0.814344
0.214951 0.00001 0.026743 0.00001 0.758286
0.251354 0.00001 0.00001 0.00001 0.748616
0.247868 0.00001 0.000834 0.00001 0.751278
0.377691 0.00001 0.00001 0.00001 0.622279
0.277302 0.00001 0.00001 0.00001 0.722668
0.275796 0.0023 0.00001 0.00001 0.721884
0.341204 0.00001 0.020682 0.002444 0.63566
0.2268 0.00001 0.00001 0.00001 0.77317
0.082116 0.00001 0.00001 0.00001 0.917854
0.00001 0.00001 0.00001 0.00001 0.99996
0.202026 0.00001 0.00001 0.00001 0.797944
0.257663 0.00001 0.00001 0.00001 0.742307
0.310688 0.00001 0.00001 0.00001 0.689282
0.108898 0.00001 0.00001 0.00001 0.891072
0.118317 0.00001 0.00001 0.00001 0.881653
0.00001 0.00001 0.00001 0.00001 0.99996
0.19712 0.00001 0.00001 0.01915 0.78371
0.248408 0.00001 0.025179 0.023603 0.702799
0.313123 0.00001 0.00001 0.009179 0.677678
0.202572 0.00001 0.000015 0.00001 0.797393
0.109319 0.000013 0.00001 0.00001 0.890648
0.28735 0.00001 0.00001 0.00001 0.71262
0.184838 0.00001 0.00001 0.00001 0.815132
0.34049 0.00001 0.01578 0.00001 0.643711
0.330375 0.00001 0.00001 0.000558 0.669047
0.229453 0.00001 0.006442 0.00001 0.764085
0.00001 0.00001 0.00001 0.00001 0.99996
0.134561 0.00001 0.00001 0.00001 0.865409
0.00001 0.00001 0.010101 0.00001 0.989869
0.197396 0.00001 0.00001 0.00001 0.802574
0.372674 0.00001 0.016939 0.00001 0.610367
0.100921 0.00001 0.000397 0.00001 0.898663
0.248541 0.00001 0.00001 0.00001 0.751429
0.265192 0.00001 0.025464 0.00001 0.709324
0.00001 0.00001 0.00001 0.00001 0.99996
0.235057 0.00001 0.00001 0.00001 0.764913
0.224527 0.00001 0.00001 0.00001 0.775443
0.293654 0.00001 0.00001 0.01175 0.694575
0.47329 0.00001 0.00001 0.00001 0.52668
0.255531 0.00001 0.00001 0.00001 0.744439
0.161773 0.00001 0.00001 0.00001 0.838197
0.278617 0.00001 0.00001 0.00001 0.721353
0.251877 0.00001 0.00001 0.008307 0.739796
0.220162 0.00001 0.00001 0.00001 0.779808
0.310638 0.00001 0.00001 0.00001 0.689332
0.283494 0.00001 0.00001 0.012742 0.703743
0.189243 0.00001 0.00001 0.00001 0.810727
0.248517 0.00001 0.00001 0.00001 0.751453
0.321078 0.00001 0.00001 0.00001 0.678892
0.287001 0.00001 0.005068 0.00001 0.707911
0.232179 0.00001 0.00001 0.00001 0.767791
0.341053 0.00001 0.00001 0.00001 0.658917
0.283267 0.00001 0.00001 0.011064 0.705649
0.233627 0.00001 0.00001 0.00001 0.766343
0.335244 0.00001 0.077919 0.00001 0.586817
0.20709 0.00001 0.00001 0.00001 0.79288
0.01106 0.00001 0.00001 0.00001 0.98891
0.379929 0.00001 0.00001 0.00001 0.620041
0.192244 0.00001 0.00001 0.00001 0.807726
0.269143 0.00001 0.00001 0.008234 0.722602
0.145837 0.00001 0.00001 0.00001 0.854133
0.163498 0.00001 0.00001 0.00001 0.836472
0.273542 0.00001 0.003696 0.00001 0.722742
0.369427 0.00001 0.00001 0.00001 0.630543
0.214261 0.00001 0.00001 0.00001 0.785709
0.210509 0.00001 0.00001 0.022737 0.766734
0.408719 0.002162 0.00001 0.00001 0.589098
0.00001 0.00001 0.00001 0.00001 0.99996
0.380809 0.00001 0.00001 0.00001 0.619161
0.00001 0.00001 0.00001 0.00001 0.99996
0.158451 0.001888 0.00001 0.00001 0.83964
0.145709 0.00001 0.00001 0.00001 0.854261
0.33753 0.00001 0.00001 0.00001 0.66244
0.00001 0.00001 0.00001 0.00001 0.99996
0.279706 0.00001 0.000014 0.00001 0.720259
0.317936 0.00001 0.00001 0.00001 0.682034
0.145164 0.00001 0.00001 0.008878 0.845938
0.271703 0.00001 0.00001 0.003575 0.724701
0.184472 0.00001 0.00001 0.006989 0.808519
0.098756 0.00001 0.00001 0.00001 0.901214
0.176876 0.00001 0.000138 0.00001 0.822966
0.298038 0.00001 0.00001 0.00001 0.701932
0.290491 0.00001 0.001848 0.00001 0.707641
0.00001 0.00001 0.00001 0.00001 0.99996
0.00001 0.00001 0.00001 0.00001 0.99996
0.188231 0.000013 0.00001 0.00001 0.811737
0.321171 0.00001 0.00001 0.00001 0.678799
0.230521 0.00001 0.00001 0.00001 0.769449
0.253261 0.00001 0.00001 0.00001 0.746709
0.069604 0.00001 0.00001 0.00001 0.930366
0.215487 0.00001 0.00001 0.00001 0.784483
0.220706 0.00001 0.00001 0.00001 0.779264
0.374017 0.00001 0.00001 0.00001 0.625953
0.342783 0.00001 0.004765 0.00001 0.652432
0.334955 0.00001 0.00001 0.00001 0.665015
0.122211 0.00001 0.00001 0.00001 0.877759
0.217369 0.00001 0.00001 0.00001 0.782601
0.207608 0.00001 0.00001 0.00001 0.792362
0.260965 0.00001 0.00001 0.00001 0.739005
0.040333 0.00001 0.00001 0.006313 0.953334
0.00001 0.00001 0.00001 0.00001 0.99996
0.141958 0.00001 0.00001 0.00001 0.858012
0.00001 0.00001 0.00112 0.00001 0.99885
0.21179 0.00001 0.00001 0.00001 0.78818
0.213453 0.00001 0.029011 0.00001 0.757516
0.152522 0.023431 0.365266 0.10249 0.356291
0.164682 0.106694 0.364637 0.00001 0.363977
0.049269 0.125958 0.203549 0.058905 0.56232
0.131306 0.025892 0.133239 0.083069 0.626494
0.051734 0.038156 0.160971 0.032898 0.716241
0.145108 0.050799 0.191035 0.00001 0.613049
0.038217 0.228613 0.468562 0.103282 0.161327
0.125279 0.090998 0.404779 0.037392 0.341551
0.15371 0.156619 0.414975 0.078545 0.19615
0.172117 0.111543 0.168483 0.00001 0.547847
0.168272 0.021297 0.146609 0.031542 0.63228
0.00001 0.307372 0.526293 0.064812 0.101513
0.116993 0.086998 0.589839 0.01862 0.18755
0.101747 0.257245 0.426916 0.096234 0.117858
0.05843 0.083555 0.615532 0.100475 0.142008
0.094232 0.081713 0.15306 0.0207 0.650296
0.207731 0.06327 0.162607 0.00001 0.566382
0.095961 0.085799 0.212133 0.055404 0.550704
0.213061 0.00001 0.18767 0.086196 0.513064
0.191629 0.00001 0.220713 0.00001 0.587638
0.185424 0.00001 0.143902 0.051083 0.619581
0.314549 0.00001 0.101564 0.011467 0.57241
0.00001 0.142395 0.17723 0.044599 0.635766
0.096366 0.005583 0.235461 0.059012 0.603578
0.02569 0.00001 0.287691 0.070007 0.616601
0.252888 0.198901 0.068021 0.001148 0.479042
0.16474 0.030266 0.10278 0.037068 0.665147
0.240441 0.047959 0.186809 0.00001 0.524781
0.191419 0.00001 0.134751 0.050795 0.623025
0.204802 0.103274 0.098551 0.00001 0.593363
0.169925 0.042493 0.229984 0.047061 0.510538
0.173295 0.077168 0.093678 0.00001 0.655848
0.164262 0.067315 0.128955 0.00001 0.639457
0.188242 0.146721 0.025892 0.045847 0.593299
0.230318 0.042793 0.11848 0.052193 0.556217
0.176048 0.027306 0.200731 0.029189 0.566726
0.267517 0.00001 0.151781 0.052263 0.52843
0.10505 0.058934 0.140189 0.00001 0.695817
0.191104 0.00001 0.219775 0.00001 0.589102
0.118023 0.026101 0.104458 0.076661 0.674757
0.055915 0.00001 0.395283 0.061475 0.487318
0.134986 0.066733 0.171344 0.029752 0.597185
0.212007 0.073183 0.101728 0.00001 0.613072
0.263588 0.00001 0.00001 0.081408 0.654984
0.00001 0.106606 0.825186 0.068188 0.00001
0.00001 0.219733 0.775945 0.00001 0.004302
0.00001 0.109592 0.890378 0.00001 0.00001
0.00001 0.00001 0.916656 0.083314 0.00001
0.00001 0.063075 0.791884 0.14502 0.00001
0.00001 0.110073 0.821256 0.068652 0.00001
0.00001 0.108919 0.865712 0.025349 0.00001
0.00001 0.097266 0.825512 0.077201 0.00001
0.00001 0.142135 0.779958 0.077887 0.00001
0.00001 0.254614 0.702723 0.042643 0.00001
0.00001 0.00001 0.99996 0.00001 0.00001
0.00001 0.080258 0.919712 0.00001 0.00001
0.00001 0.11489 0.88508 0.00001 0.00001
0.00001 0.092727 0.907243 0.00001 0.00001
0.00001 0.010795 0.989175 0.00001 0.00001
0.00001 0.054074 0.945896 0.00001 0.00001
0.00001 0.063225 0.765202 0.171552 0.00001
0.00001 0.105079 0.82288 0.072021 0.00001
0.022614 0.159235 0.746845 0.071295 0.00001
0.00001 0.117056 0.739103 0.143822 0.00001
0.00001 0.110588 0.889382 0.00001 0.00001
0.00001 0.033245 0.801741 0.164994 0.00001
0.00001 0.235949 0.764021 0.00001 0.00001
0.00001 0.252743 0.735384 0.011853 0.00001
0.00002 0.136366 0.827387 0.036217 0.00001
0.00001 0.008257 0.774713 0.21701 0.00001
0.00001 0.05998 0.779348 0.160652 0.00001
0.00001 0.257145 0.742821 0.000014 0.00001
0.00001 0.077163 0.837206 0.085611 0.00001
0.00001 0.152885 0.755703 0.091392 0.00001
0.00001 0.081818 0.842898 0.075264 0.00001
0.00001 0.153485 0.8421 0.00001 0.004395
0.00001 0.08244 0.83893 0.07861 0.00001
0.00001 0.154196 0.754713 0.091071 0.00001
0.00001 0.007163 0.845672 0.147145 0.00001
0.00001 0.171134 0.765181 0.063665 0.00001
0.00001 0.063306 0.915814 0.020861 0.00001
0.00001 0.005927 0.891837 0.102216 0.00001
0.00001 0.038117 0.876031 0.085832 0.00001
0.00001 0.118578 0.881392 0.00001 0.00001
0.00001 0.222237 0.704649 0.073093 0.00001
0.00001 0.227373 0.748358 0.024249 0.00001
0.00001 0.00001 0.954318 0.005791 0.03987
0.00001 0.00001 0.895645 0.072687 0.031647
0.00001 0.234104 0.628781 0.137095 0.00001
0.00001 0.10421 0.845546 0.050224 0.00001
0.00001 0.141356 0.685433 0.17319 0.00001
0.00001 0.00051 0.876585 0.092883 0.030012
0.00001 0.242502 0.757468 0.00001 0.00001
0.00001 0.21983 0.656639 0.123511 0.00001
0.00001 0.169292 0.830678 0.00001 0.00001
0.00001 0.164537 0.833665 0.001778 0.00001
0.00001 0.044243 0.897165 0.058572 0.00001
0.00001 0.078497 0.921473 0.00001 0.00001
0.00001 0.109337 0.890633 0.00001 0.00001
0.00001 0.121597 0.80956 0.068823 0.00001
0.00001 0.059852 0.865462 0.074666 0.00001
0.00001 0.177214 0.818317 0.004449 0.00001
0.00001 0.101142 0.794458 0.101806 0.002584
0.00001 0.277825 0.722145 0.00001 0.00001
0.00001 0.00001 0.00001 0.99996 0.00001
0.00001 0.00001 0.818796 0.160602 0.020581
0.00943 0.109913 0.880352 0.000296 0.00001
0.00001 0.00001 0.830286 0.169684 0.00001
0.00001 0.00001 0.971406 0.028564 0.00001
0.00001 0.00001 0.99996 0.00001 0.00001
0.00001 0.209522 0.710879 0.079579 0.00001
0.006566 0.122538 0.810768 0.060119 0.00001
0.00001 0.141061 0.787763 0.071156 0.00001
0.00001 0.149973 0.778685 0.071322 0.00001
0.00001 0.141639 0.709731 0.14861 0.00001
0.00001 0.002266 0.895111 0.102603 0.00001
0.00001 0.088558 0.889195 0.022226 0.00001
0.00001 0.106854 0.845811 0.047315 0.00001
0.000017 0.04103 0.939523 0.01942 0.00001
0.00001 0.081034 0.876231 0.040497 0.002229
0.00001 0.069069 0.900415 0.030496 0.00001
0.00001 0.085928 0.819076 0.094976 0.00001
0.00001 0.163331 0.810307 0.026341 0.00001
0.00001 0.077109 0.922861 0.00001 0.00001
0.00001 0.012585 0.981834 0.00556 0.00001
0.00001 0.00001 0.843189 0.156781 0.00001
0.00001 0.174943 0.825027 0.00001 0.00001
0.00001 0.211035 0.732278 0.056667 0.00001
0.00001 0.178539 0.821431 0.00001 0.00001
0.00001 0.158138 0.828966 0.012876 0.00001
0.00001 0.097565 0.802895 0.09952 0.00001
0.00001 0.171796 0.768423 0.05976 0.00001
0.00001 0.126877 0.773124 0.099979 0.00001
0.000019 0.00001 0.856273 0.143688 0.00001
0.00001 0.206791 0.793171 0.000018 0.00001
0.00001 0.210127 0.765567 0.024285 0.00001
0.00001 0.242482 0.637816 0.119682 0.00001
0.00001 0.252322 0.616931 0.130728 0.00001
0.00001 0.286774 0.637025 0.076181 0.00001
0.00001 0.228385 0.666959 0.104636 0.00001
0.00001 0.122691 0.817822 0.059467 0.00001
0.00001 0.189766 0.743475 0.066739 0.00001
0.00001 0.3146 0.616442 0.068938 0.00001
0.00001 0.34028 0.65969 0.00001 0.00001
0.00001 0.250711 0.60484 0.144429 0.00001
0.00001 0.00001 0.883136 0.116834 0.00001
0.00001 0.00001 0.962444 0.037526 0.00001
0.00001 0.134831 0.783296 0.081853 0.00001
0.00001 0.21026 0.789702 0.000019 0.00001
0.00001 0.024933 0.975037 0.00001 0.00001
0.009557 0.137775 0.830713 0.021945 0.00001
0.00001 0.664782 0.246247 0.088951 0.00001
0.00001 0.427454 0.47636 0.096167 0.00001
0.00001 0.458253 0.507417 0.03431 0.00001
0.00001 0.725519 0.274451 0.00001 0.00001
0.00001 0.594719 0.296314 0.108947 0.00001
0.00001 0.411066 0.508577 0.080336 0.00001
0.00001 0.525062 0.474908 0.00001 0.00001
0.00001 0.597562 0.303098 0.099321 0.00001
0.00001 0.756121 0.219354 0.024506 0.00001
0.00001 0.245553 0.595614 0.158813 0.00001
0.00001 0.331173 0.505507 0.1633 0.00001
0.00001 0.637458 0.330713 0.031808 0.00001
0.00001 0.6324 0.304646 0.062934 0.00001
0.00001 0.322879 0.650106 0.026995 0.00001
0.00001 0.554559 0.396072 0.04935 0.00001
0.00001 0.530955 0.421749 0.047275 0.00001
0.00001 0.64154 0.35843 0.00001 0.00001
0.00001 0.56936 0.320921 0.109698 0.00001
0.00001 0.63615 0.326078 0.037752 0.00001
0.00001 0.492569 0.507401 0.00001 0.00001
0.00001 0.317286 0.666387 0.016307 0.00001
0.00001 0.696548 0.303422 0.00001 0.00001
0.00001 0.66792 0.242015 0.090045 0.00001
0.00001 0.700431 0.289331 0.010218 0.00001
0.00001 0.00001 0.00001 0.99996 0.00001
0.00001 0.487234 0.334348 0.178398 0.00001
0.00001 0.464111 0.462813 0.073056 0.00001
0.00001 0.470588 0.424085 0.105307 0.00001
0.00001 0.99996 0.00001 0.00001 0.00001
0.00001 0.96408 0.03589 0.00001 0.00001
0.00001 0.99996 0.00001 0.00001 0.00001
0.00001 0.977894 0.00001 0.022076 0.00001
0.00001 0.99996 0.00001 0.00001 0.00001
0.00001 0.930097 0.00001 0.069873 0.00001
0.00001 0.940948 0.00709 0.051942 0.00001
0.00001 0.941691 0.058279 0.00001 0.00001
0.00001 0.99996 0.00001 0.00001 0.00001
0.00001 0.99996 0.00001 0.00001 0.00001
0.00001 0.948687 0.00001 0.051283 0.00001
0.00001 0.99996 0.00001 0.00001 0.00001
0.00001 0.99996 0.00001 0.00001 0.00001
0.00001 0.995544 0.00001 0.004426 0.00001
0.00001 0.99996 0.00001 0.00001 0.00001
0.00001 0.971981 0.00001 0.027989 0.00001
0.000011 0.964557 0.035413 0.00001 0.00001
0.00001 0.939346 0.037943 0.022691 0.00001
0.00001 0.99996 0.00001 0.00001 0.00001
0.00001 0.99996 0.00001 0.00001 0.00001
0.00001 0.99996 0.00001 0.00001 0.00001
0.00001 0.99996 0.00001 0.00001 0.00001
0.00001 0.904965 0.095005 0.00001 0.00001
0.00001 0.99996 0.00001 0.00001 0.00001
0.00001 0.99996 0.00001 0.00001 0.00001
0.00001 0.802371 0.197599 0.00001 0.00001
0.00001 0.739636 0.260334 0.00001 0.00001
0.000011 0.807282 0.069852 0.122845 0.00001
0.00001 0.957982 0.041988 0.00001 0.00001
0.00001 0.762524 0.237446 0.00001 0.00001
0.00001 0.746338 0.253632 0.00001 0.00001
0.00001 0.821171 0.100209 0.078599 0.00001
0.00001 0.758736 0.241234 0.00001 0.00001
0.00001 0.95702 0.04295 0.00001 0.00001
0.00001 0.810613 0.189357 0.00001 0.00001
0.00001 0.821327 0.161188 0.017465 0.00001
0.00001 0.759787 0.140882 0.099311 0.00001
0.00001 0.857716 0.059432 0.082831 0.00001
0.00001 0.840756 0.159214 0.00001 0.00001
0.00001 0.7828 0.19243 0.02475 0.00001
0.00001 0.774506 0.209586 0.015888 0.00001
0.00001 0.861142 0.138828 0.00001 0.00001
0.000014 0.798619 0.161123 0.040234 0.00001
0.000011 0.845827 0.148276 0.005875 0.00001
0.00001 0.765521 0.230351 0.004108 0.00001
0.00001 0.828065 0.171905 0.00001 0.00001
0.00001 0.850405 0.142842 0.006733 0.00001
0.00001 0.825906 0.1616 0.012475 0.00001
0.00001 0.896813 0.008123 0.095044 0.00001
0.00001 0.776464 0.158939 0.064577 0.00001
0.00001 0.77172 0.151501 0.076759 0.00001
0.00001 0.770686 0.229284 0.00001 0.00001
0.00001 0.834198 0.123008 0.042774 0.00001
0.00001 0.874244 0.089113 0.036623 0.00001
0.00001 0.820943 0.054876 0.124161 0.00001
0.00001 0.804138 0.160421 0.035421 0.00001
0.00001 0.825463 0.174507 0.00001 0.00001
0.00001 0.876717 0.123253 0.00001 0.00001
0.00001 0.914731 0.010759 0.07449 0.00001
0.00001 0.78996 0.112511 0.097508 0.00001
0.00001 0.00001 0.00001 0.99996 0.00001
0.00001 0.827334 0.061505 0.111141 0.00001
0.00001 0.00001 0.00001 0.99996 0.00001
0.00001 0.975014 0.00001 0.024956 0.00001
0.00001 0.897498 0.102472 0.00001 0.00001
0.00001 0.90702 0.033513 0.059447 0.00001
0.00001 0.836934 0.163036 0.00001 0.00001
0.00001 0.809256 0.190714 0.00001 0.00001
0.000011 0.893727 0.00001 0.106242 0.00001
0.00001 0.836276 0.060672 0.103032 0.00001
0.00001 0.789026 0.081319 0.129635 0.00001
0.00001 0.922654 0.03241 0.044916 0.00001
0.00001 0.821259 0.090817 0.087904 0.00001
0.00001 0.82711 0.166683 0.006187 0.00001
0.00001 0.843737 0.097009 0.059234 0.00001
0.00001 0.915246 0.084724 0.00001 0.00001
0.00001 0.798548 0.10708 0.094352 0.00001
0.00001 0.863269 0.021376 0.115335 0.00001
0.00001 0.862451 0.126636 0.010893 0.00001
0.00001 0.756679 0.204541 0.038761 0.00001
0.00001 0.999951 0.00001 0.000019 0.00001
0.00001 0.73233 0.195806 0.071844 0.00001
0.00001 0.845112 0.055524 0.099344 0.00001
0.00001 0.88959 0.11038 0.00001 0.00001
0.00001 0.792671 0.151807 0.055502 0.00001
0.00001 0.797672 0.109318 0.09299 0.00001
0.00001 0.840005 0.159965 0.00001 0.00001
0.00001 0.76716 0.189403 0.043417 0.00001
0.00001 0.820109 0.179861 0.00001 0.00001
