0.00001 0.99997 0.00001 0.00001
0.00001 0.99997 0.00001 0.00001
0.00001 0.99997 0.00001 0.00001
0.00001 0.99997 0.00001 0.00001
0.00001 0.99997 0.00001 0.00001
0.00001 0.99997 0.00001 0.00001
0.00001 0.99997 0.00001 0.00001
0.00001 0.99997 0.00001 0.00001
0.00001 0.99997 0.00001 0.00001
0.00001 0.99997 0.00001 0.00001
0.00001 0.99997 0.00001 0.00001
0.00001 0.99787 0.00001 0.00211
0.00001 0.99997 0.00001 0.00001
0.00001 0.970049 0.029931 0.00001
0.00001 0.99997 0.00001 0.00001
0.00001 0.99997 0.00001 0.00001
0.00001 0.99997 0.00001 0.00001
0.00001 0.99997 0.00001 0.00001
0.00001 0.99997 0.00001 0.00001
0.00001 0.99997 0.00001 0.00001
0.00001 0.99997 0.00001 0.00001
0.00001 0.99997 0.00001 0.00001
0.00001 0.99997 0.00001 0.00001
0.00001 0.966331 0.033649 0.00001
0.00001 0.99997 0.00001 0.00001
0.00001 0.99997 0.00001 0.00001
0.00001 0.971393 0.028587 0.00001
0.00001 0.993032 0.00001 0.006948
0.00001 0.998455 0.001525 0.00001
0.00001 0.99997 0.00001 0.00001
0.00001 0.99997 0.00001 0.00001
0.003591 0.996389 0.00001 0.00001
0.00001 0.976281 0.020209 0.0035
0.00001 0.99997 0.00001 0.00001
0.00001 0.99997 0.00001 0.00001
0.00001 0.99997 0.00001 0.00001
0.00001 0.994323 0.00001 0.005657
0.00001 0.99997 0.00001 0.00001
0.00001 0.99997 0.00001 0.00001
0.003073 0.996907 0.00001 0.00001
0.00001 0.99997 0.00001 0.00001
0.00001 0.99997 0.00001 0.00001
0.00001 0.979095 0.020885 0.00001
0.00001 0.950052 0.049928 0.00001
0.00001 0.988824 0.00001 0.011156
0.00001 0.99997 0.00001 0.00001
0.00001 0.99997 0.00001 0.00001
0.00001 0.99997 0.00001 0.00001
0.00001 0.99997 0.00001 0.00001
0.00001 0.983351 0.016629 0.00001
0.00001 0.992746 0.00001 0.007234
0.00001 0.992678 0.007302 0.00001
0.00001 0.99997 0.00001 0.00001
0.00001 0.99997 0.00001 0.00001
0.00001 0.982294 0.00001 0.017686
0.00001 0.99997 0.00001 0.00001
0.00001 0.981419 0.018561 0.00001
0.00001 0.996809 0.003171 0.00001
0.00001 0.99997 0.00001 0.00001
0.00001 0.973366 0.026614 0.00001
0.00001 0.99997 0.00001 0.00001
0.00001 0.99997 0.00001 0.00001
0.00001 0.99997 0.00001 0.00001
0.00001 0.987762 0.012218 0.00001
0.00001 0.99997 0.00001 0.00001
0.00001 0.99997 0.00001 0.00001
0.00001 0.99997 0.00001 0.00001
0.00001 0.99997 0.00001 0.00001
0.00001 0.991668 0.00001 0.008312
0.00001 0.99997 0.00001 0.00001
0.00001 0.99997 0.00001 0.00001
0.00001 0.99209 0.00789 0.00001
0.00001 0.99997 0.00001 0.00001
0.00001 0.99997 0.00001 0.00001
0.00001 0.99997 0.00001 0.00001
0.00001 0.994066 0.005914 0.00001
0.00001 0.99997 0.00001 0.00001
0.00001 0.99997 0.00001 0.00001
0.00001 0.989642 0.010338 0.00001
0.00001 0.99997 0.00001 0.00001
0.00001 0.921783 0.078197 0.00001
0.00001 0.99997 0.00001 0.00001
0.00001 0.99997 0.00001 0.00001
0.00001 0.99997 0.00001 0.00001
0.00001 0.999969 0.000011 0.00001
0.00001 0.993677 0.00001 0.006303
0.00001 0.99997 0.00001 0.00001
0.00001 0.99997 0.00001 0.00001
0.004662 0.995318 0.00001 0.00001
0.00001 0.995328 0.00001 0.004652
0.00001 0.99997 0.00001 0.00001
0.00001 0.98279 0.00001 0.01719
0.00001 0.995606 0.00001 0.004374
0.00001 0.999884 0.00001 0.000096
0.00001 0.99997 0.00001 0.00001
0.00001 0.998915 0.00001 0.001065
0.003786 0.996194 0.00001 0.00001
0.00001 0.99997 0.00001 0.00001
0.00001 0.99997 0.00001 0.00001
0.00001 0.99997 0.00001 0.00001
0.00001 0.99997 0.00001 0.00001
0.00001 0.99997 0.00001 0.00001
0.00001 0.990507 0.00001 0.009473
0.00001 0.999113 0.000867 0.00001
0.00001 0.993017 0.00001 0.006963
0.00001 0.99997 0.00001 0.00001
0.00001 0.995477 0.00001 0.004503
0.00001 0.99997 0.00001 0.00001
0.00001 0.997614 0.002366 0.00001
0.00001 0.99997 0.00001 0.00001
0.00001 0.99997 0.00001 0.00001
0.00001 0.99997 0.00001 0.00001
0.00001 0.99997 0.00001 0.00001
0.00001 0.99997 0.00001 0.00001
0.00001 0.99997 0.00001 0.00001
0.00001 0.99997 0.00001 0.00001
0.00001 0.99997 0.00001 0.00001
0.00001 0.99997 0.00001 0.00001
0.00001 0.99997 0.00001 0.00001
0.00001 0.994853 0.005127 0.00001
0.00001 0.997387 0.00001 0.002593
0.00001 0.99997 0.00001 0.00001
0.00001 0.99997 0.00001 0.00001
0.00001 0.99997 0.00001 0.00001
0.00001 0.99997 0.00001 0.00001
0.010699 0.989281 0.00001 0.00001
0.00001 0.995863 0.004117 0.00001
0.00001 0.99997 0.00001 0.00001
0.00001 0.996106 0.003874 0.00001
0.00001 0.99997 0.00001 0.00001
0.00001 0.968485 0.031495 0.00001
0.083016 0.509476 0.367859 0.039649
0.123679 0.527881 0.34843 0.00001
0.136472 0.610394 0.232585 0.020549
0.013805 0.7568 0.163948 0.065446
0.04761 0.766795 0.171165 0.014431
0.058014 0.756979 0.178083 0.006924
0.223313 0.199722 0.499497 0.077469
0.109043 0.466038 0.416303 0.008616
0.179368 0.349986 0.447416 0.02323
0.128535 0.719439 0.152016 0.00001
0.043871 0.799735 0.156384 0.00001
0.326296 0.101045 0.534298 0.038361
0.105059 0.303353 0.591578 0.00001
0.293445 0.220268 0.45888 0.027406
0.081957 0.200248 0.643526 0.074269
0.080931 0.743289 0.164715 0.011066
0.075845 0.77368 0.150465 0.00001
0.025956 0.645557 0.249736 0.07875
0.00001 0.725785 0.23358 0.040625
0.00001 0.778328 0.209926 0.011735
0.00001 0.804927 0.178408 0.016655
0.00001 0.88694 0.092408 0.020642
0.14607 0.634473 0.196018 0.023439
0.03585 0.699516 0.248576 0.016057
0.00001 0.641749 0.358231 0.00001
0.183826 0.731203 0.061622 0.023348
0.032209 0.829238 0.116621 0.021932
0.053877 0.764512 0.181601 0.00001
0.00001 0.813888 0.186092 0.00001
0.093292 0.797163 0.101485 0.00806
0.04335 0.680077 0.244646 0.031927
0.095689 0.828683 0.075618 0.00001
0.078523 0.802711 0.118755 0.00001
0.133142 0.780894 0.052839 0.033125
0.00001 0.787034 0.13882 0.074136
0.018778 0.742166 0.207585 0.031471
0.00001 0.795404 0.16872 0.035866
0.060703 0.799552 0.139735 0.00001
0.00001 0.779399 0.220581 0.00001
0.049537 0.792512 0.137773 0.020178
0.00001 0.542173 0.396297 0.06152
0.080039 0.730634 0.189318 0.00001
0.078603 0.824163 0.097224 0.00001
0.00001 0.920595 0.00001 0.079385
0.152031 0.00001 0.814301 0.033657
0.18913 0.003659 0.762257 0.044955
0.167831 0.00001 0.832149 0.00001
0.00001 0.00001 0.915877 0.084103
0.038106 0.00001 0.846455 0.115428
0.119484 0.00001 0.816219 0.064287
0.105587 0.00001 0.8545 0.039904
0.122269 0.00001 0.818468 0.059253
0.182143 0.00001 0.77998 0.037867
0.291781 0.00001 0.708199 0.00001
0.00001 0.00001 0.988182 0.011798
0.071335 0.00001 0.886635 0.04202
0.109377 0.00001 0.838705 0.051908
0.116396 0.00001 0.865728 0.017866
0.033037 0.00001 0.966943 0.00001
0.089834 0.00001 0.910146 0.00001
0.060309 0.00001 0.816413 0.123268
0.120075 0.00001 0.839542 0.040374
0.140611 0.016785 0.762012 0.080591
0.097382 0.00001 0.77536 0.127248
0.140944 0.00001 0.859036 0.00001
0.08978 0.00001 0.85953 0.05068
0.254453 0.00001 0.745527 0.00001
0.260801 0.00001 0.715453 0.023737
0.159188 0.00001 0.825054 0.015748
0.00001 0.00001 0.811361 0.188619
0.056705 0.00001 0.815601 0.127684
0.258252 0.00001 0.718565 0.023173
0.085376 0.00001 0.846509 0.068105
0.155302 0.00001 0.779462 0.065225
0.146216 0.00001 0.853764 0.00001
0.164495 0.002463 0.820227 0.012815
0.090984 0.00001 0.846436 0.06257
0.17371 0.00001 0.768456 0.057824
0.004336 0.00001 0.902176 0.093478
0.205671 0.00001 0.759054 0.035264
0.093273 0.00001 0.906707 0.00001
0.025327 0.00001 0.925092 0.049572
0.00001 0.00001 0.907772 0.092208
0.137006 0.00001 0.848279 0.014705
0.231687 0.00001 0.725294 0.043009
0.249163 0.00001 0.750817 0.00001
0.00001 0.039404 0.928668 0.031918
0.00001 0.029802 0.907262 0.062926
0.246325 0.00001 0.656011 0.097654
0.14563 0.00001 0.85435 0.00001
0.191435 0.011362 0.728762 0.06844
0.00001 0.029496 0.887386 0.083108
0.239982 0.00001 0.72921 0.030798
0.204207 0.00001 0.692274 0.103509
0.189759 0.00001 0.810221 0.00001
0.196846 0.00001 0.803134 0.00001
0.065264 0.00001 0.897141 0.037585
0.104862 0.00001 0.862359 0.032769
0.131467 0.00001 0.850287 0.018236
0.172811 0.00001 0.824853 0.002326
0.08296 0.00001 0.873999 0.043032
0.133749 0.00001 0.794523 0.071718
0.121721 0.002163 0.817669 0.058446
0.312545 0.00001 0.687435 0.00001
0.00001 0.021114 0.897789 0.081087
0.00001 0.023922 0.918551 0.057517
0.127633 0.003712 0.868645 0.00001
0.004832 0.00001 0.954421 0.040737
0.00001 0.00001 0.985507 0.014473
0.00001 0.00001 0.972753 0.027227
0.251308 0.00001 0.722416 0.026266
0.135823 0.004109 0.827316 0.032751
0.168632 0.00001 0.795745 0.035613
0.209091 0.00001 0.775024 0.015876
0.180406 0.002396 0.783552 0.033646
0.023678 0.00001 0.921025 0.055288
0.096617 0.00001 0.881497 0.021876
0.092326 0.00001 0.836876 0.070788
0.030425 0.00001 0.928261 0.041304
0.085904 0.00001 0.87053 0.043556
0.091029 0.00001 0.871282 0.037679
0.14696 0.00001 0.821392 0.031638
0.197982 0.00001 0.801998 0.00001
0.106289 0.00001 0.893691 0.00001
0.054099 0.00001 0.945285 0.000606
0.014483 0.00001 0.9199 0.065607
0.175727 0.00001 0.809554 0.014709
0.239344 0.00001 0.744504 0.016142
0.22079 0.00001 0.77919 0.00001
0.168076 0.00001 0.794604 0.03731
0.096828 0.00001 0.816416 0.086746
0.20897 0.00001 0.777334 0.013686
0.154625 0.00001 0.793363 0.052003
0.00001 0.00001 0.885317 0.114663
0.199528 0.00001 0.773762 0.0267
0.228346 0.00001 0.771064 0.00058
0.236143 0.00001 0.659193 0.104654
0.319508 0.00001 0.645467 0.035015
0.275877 0.00001 0.663514 0.0606
0.249097 0.00001 0.701958 0.048935
0.154466 0.00001 0.820502 0.025021
0.215476 0.00001 0.755474 0.02904
0.330144 0.00001 0.625956 0.043891
0.351274 0.00001 0.648706 0.00001
0.244741 0.00001 0.640824 0.114426
0.00001 0.00001 0.902767 0.097213
0.030842 0.00001 0.955354 0.013794
0.109051 0.00001 0.801096 0.089842
0.214468 0.00001 0.759703 0.025819
0.048982 0.00001 0.950998 0.00001
0.135965 0.007256 0.83234 0.024439
0.629213 0.00001 0.265846 0.104931
0.413812 0.00001 0.494368 0.09181
0.418262 0.00001 0.490579 0.091148
0.73978 0.00001 0.2602 0.00001
0.574324 0.00001 0.309426 0.116241
0.419086 0.00001 0.538013 0.04289
0.525991 0.00001 0.461208 0.012791
0.582576 0.00001 0.340752 0.076662
0.734059 0.00001 0.212889 0.053042
0.29549 0.00001 0.650097 0.054403
0.344333 0.00001 0.550045 0.105612
0.662856 0.00001 0.326744 0.01039
0.643452 0.00001 0.312519 0.044019
0.319654 0.00001 0.634454 0.045882
0.552809 0.00001 0.405492 0.041689
0.53253 0.00001 0.420982 0.046478
0.612626 0.00001 0.337372 0.049992
0.555422 0.00001 0.34693 0.097638
0.625857 0.00001 0.323626 0.050507
0.523146 0.00001 0.476834 0.00001
0.355368 0.00001 0.642854 0.001768
0.643648 0.00001 0.286647 0.069695
0.651912 0.00001 0.268651 0.079427
0.67811 0.00001 0.271504 0.050376
0.267772 0.00001 0.57788 0.154338
0.49978 0.00001 0.399045 0.101165
0.480751 0.00001 0.489162 0.030077
0.507356 0.00001 0.452138 0.040496
0.944603 0.00001 0.00001 0.055377
0.926413 0.00001 0.020525 0.053052
0.967478 0.00001 0.00001 0.032502
0.930041 0.00001 0.00001 0.069939
0.99997 0.00001 0.00001 0.00001
0.915521 0.00001 0.00001 0.084459
0.944866 0.00001 0.015044 0.04008
0.93882 0.00001 0.032342 0.028828
0.959417 0.00001 0.00001 0.040563
0.95371 0.00001 0.00001 0.04627
0.916912 0.00001 0.00001 0.083068
0.976489 0.00001 0.00001 0.023491
0.99997 0.00001 0.00001 0.00001
0.955754 0.00001 0.00001 0.044226
0.99997 0.00001 0.00001 0.00001
0.965248 0.00001 0.00001 0.034732
0.99997 0.00001 0.00001 0.00001
0.901726 0.00001 0.043828 0.054436
0.99997 0.00001 0.00001 0.00001
0.99997 0.00001 0.00001 0.00001
0.964066 0.00001 0.00001 0.035914
0.945135 0.00001 0.00001 0.054845
0.920614 0.00001 0.079366 0.00001
0.99997 0.00001 0.00001 0.00001
0.99997 0.00001 0.00001 0.00001
0.803214 0.00001 0.170467 0.02631
0.76469 0.00001 0.23529 0.00001
0.803323 0.00001 0.122998 0.07367
0.99997 0.00001 0.00001 0.00001
0.753903 0.00001 0.203873 0.042215
0.756667 0.00001 0.243313 0.00001
0.804628 0.00001 0.128674 0.066689
0.75971 0.00001 0.227986 0.012294
0.961514 0.00001 0.019769 0.018707
0.770666 0.00001 0.16985 0.059474
0.813271 0.00001 0.158029 0.02869
0.682192 0.00001 0.159762 0.158036
0.869353 0.00001 0.071737 0.058899
0.814433 0.00001 0.147976 0.037581
0.822611 0.00001 0.172925 0.004455
0.704354 0.00001 0.20643 0.089207
0.78654 0.00001 0.145764 0.067686
0.790787 0.00001 0.178443 0.03076
0.837527 0.00001 0.124369 0.038094
0.782179 0.00001 0.217801 0.00001
0.798523 0.00001 0.15413 0.047337
0.784904 0.00001 0.134492 0.080594
0.841979 0.00001 0.158001 0.00001
0.85159 0.00001 0.052391 0.096009
0.749376 0.00001 0.165868 0.084746
0.701728 0.00001 0.185432 0.11283
0.721337 0.00001 0.195639 0.083015
0.806953 0.00001 0.119778 0.07326
0.826975 0.00001 0.09142 0.081595
0.810503 0.00001 0.064384 0.125103
0.776967 0.00001 0.164607 0.058417
0.746284 0.00001 0.166078 0.087627
0.898685 0.00001 0.101295 0.00001
0.880749 0.00001 0.029522 0.08972
0.796688 0.00001 0.1552 0.048102
0.00001 0.00001 0.00001 0.99997
0.764679 0.00001 0.103423 0.131887
0.00001 0.00001 0.00001 0.99997
0.90279 0.00001 0.011325 0.085875
0.876866 0.00001 0.082319 0.040805
0.847759 0.00001 0.044117 0.108114
0.748534 0.00001 0.148389 0.103067
0.841611 0.00001 0.158369 0.00001
0.00001 0.00001 0.00001 0.99997
0.828714 0.00001 0.091061 0.080215
0.779829 0.00001 0.123815 0.096346
0.840669 0.00001 0.046961 0.11236
0.770508 0.00001 0.120584 0.108897
0.799452 0.00001 0.152177 0.048361
0.840507 0.00001 0.111321 0.048162
0.942152 0.00001 0.057828 0.00001
0.75638 0.00001 0.127817 0.115793
0.813885 0.00001 0.065834 0.120271
0.796869 0.00001 0.124196 0.078925
0.72402 0.00001 0.212733 0.063237
0.927592 0.00001 0.00001 0.072388
0.754912 0.00001 0.218738 0.026339
0.820886 0.00001 0.080258 0.098846
0.894285 0.00001 0.105695 0.00001
0.788453 0.00001 0.160172 0.051365
0.74788 0.00001 0.122581 0.129529
0.825352 0.00001 0.147622 0.027016
0.793887 0.00001 0.179581 0.026522
0.839189 0.00001 0.160791 0.00001
