0.00001 0.99996 0.00001 0.00001 0.00001
0.00001 0.99996 0.00001 0.00001 0.00001
0.00001 0.99996 0.00001 0.00001 0.00001
0.00001 0.99996 0.00001 0.00001 0.00001
0.00001 0.99996 0.00001 0.00001 0.00001
0.00001 0.99996 0.00001 0.00001 0.00001
0.00001 0.689967 0.00001 0.310003 0.00001
0.00001 0.99996 0.00001 0.00001 0.00001
0.00001 0.99996 0.00001 0.00001 0.00001
0.00001 0.99996 0.00001 0.00001 0.00001
0.00001 0.99996 0.00001 0.00001 0.00001
0.00001 0.99996 0.00001 0.00001 0.00001
0.00001 0.99996 0.00001 0.00001 0.00001
0.00001 0.510562 0.00001 0.461489 0.02793
0.00001 0.99996 0.00001 0.00001 0.00001
0.00001 0.99996 0.00001 0.00001 0.00001
0.00001 0.99996 0.00001 0.00001 0.00001
0.00001 0.99996 0.00001 0.00001 0.00001
0.00001 0.99996 0.00001 0.00001 0.00001
0.00001 0.568038 0.00001 0.431932 0.00001
0.00001 0.99996 0.00001 0.00001 0.00001
0.00001 0.521059 0.00001 0.478911 0.00001
0.00001 0.00001 0.00001 0.99996 0.00001
0.00001 0.00001 0.00001 0.975755 0.024215
0.00001 0.296187 0.00001 0.703783 0.00001
0.00001 0.213166 0.00001 0.786804 0.00001
0.026207 0.226322 0.00001 0.747451 0.00001
0.00001 0.257613 0.00001 0.742357 0.00001
0.00001 0.264887 0.00001 0.734864 0.000229
0.00001 0.383587 0.00001 0.616383 0.00001
0.00001 0.295642 0.00001 0.704328 0.00001
0.00001 0.298071 0.003179 0.69873 0.00001
0.00001 0.351316 0.00001 0.625705 0.022959
0.00001 0.236498 0.00001 0.763472 0.00001
0.00001 0.102578 0.00001 0.897392 0.00001
0.00001 0.00001 0.00001 0.99996 0.00001
0.00001 0.206256 0.00001 0.793714 0.00001
0.00001 0.268143 0.00001 0.731827 0.00001
0.00001 0.330825 0.00001 0.669145 0.00001
0.00001 0.126089 0.00001 0.873881 0.00001
0.00001 0.138346 0.00001 0.861624 0.00001
0.00001 0.00001 0.00001 0.99996 0.00001
0.00001 0.20925 0.00001 0.772929 0.017801
0.00001 0.258953 0.00001 0.691114 0.049914
0.000019 0.330144 0.00001 0.669816 0.00001
0.00001 0.223341 0.00001 0.776629 0.00001
0.00001 0.120931 0.00001 0.879039 0.00001
0.00001 0.30275 0.00001 0.69722 0.00001
0.00001 0.20308 0.00001 0.79689 0.00001
0.00001 0.363887 0.00001 0.620679 0.015413
0.00001 0.336334 0.00001 0.663636 0.00001
0.00001 0.246448 0.00001 0.747294 0.006238
0.00001 0.00001 0.00001 0.99996 0.00001
0.00001 0.142949 0.00001 0.857021 0.00001
0.00001 0.00001 0.00001 0.990362 0.009608
0.00001 0.197804 0.00001 0.802166 0.00001
0.00001 0.385663 0.00001 0.597036 0.017281
0.00001 0.100948 0.000908 0.898124 0.00001
0.00001 0.267618 0.00001 0.732352 0.00001
0.023934 0.284371 0.00001 0.691676 0.00001
0.00001 0.00001 0.00001 0.99996 0.00001
0.00001 0.247738 0.00001 0.752232 0.00001
0.00001 0.241181 0.00001 0.758789 0.00001
0.011247 0.30315 0.00001 0.685582 0.00001
0.00001 0.488198 0.00001 0.511772 0.00001
0.00001 0.262001 0.00001 0.737969 0.00001
0.00001 0.173181 0.00001 0.826789 0.00001
0.00001 0.279685 0.00001 0.720285 0.00001
0.00001 0.259445 0.007035 0.7335 0.00001
0.00001 0.22372 0.00001 0.77625 0.00001
0.00001 0.312388 0.00001 0.687582 0.00001
0.00001 0.289884 0.013584 0.696512 0.00001
0.00001 0.204366 0.00001 0.795604 0.00001
0.00001 0.25913 0.00001 0.74084 0.00001
0.00001 0.33746 0.000019 0.662501 0.00001
0.00001 0.299822 0.004515 0.695643 0.00001
0.00001 0.243154 0.00001 0.756816 0.00001
0.00001 0.362288 0.00001 0.637682 0.00001
0.00851 0.294534 0.00001 0.696936 0.00001
0.00001 0.24837 0.00001 0.7516 0.00001
0.00001 0.340445 0.046253 0.583422 0.02987
0.00001 0.214696 0.00001 0.785274 0.00001
0.00001 0.00001 0.00001 0.99996 0.00001
0.00001 0.386072 0.00001 0.613898 0.00001
0.00001 0.201231 0.00001 0.798739 0.00001
0.004313 0.280477 0.00001 0.71519 0.00001
0.00001 0.165015 0.00001 0.834955 0.00001
0.00001 0.167198 0.00001 0.832772 0.00001
0.00001 0.288508 0.003585 0.707887 0.00001
0.003216 0.383528 0.00001 0.613235 0.00001
0.00001 0.225814 0.00001 0.774156 0.00001
0.00001 0.217868 0.00001 0.768899 0.013213
0.002652 0.422743 0.00001 0.574585 0.00001
0.00001 0.00001 0.00001 0.99996 0.00001
0.00001 0.391845 0.00001 0.608125 0.00001
0.00001 0.00001 0.00001 0.99996 0.00001
0.00001 0.168063 0.002249 0.829667 0.00001
0.00001 0.150405 0.00001 0.849565 0.00001
0.00001 0.348936 0.00001 0.651034 0.00001
0.00001 0.00001 0.00001 0.99996 0.00001
0.00001 0.286325 0.00001 0.713645 0.00001
0.00001 0.320672 0.00001 0.679298 0.00001
0.00001 0.161094 0.00001 0.838876 0.00001
0.00001 0.281835 0.00001 0.718135 0.00001
0.00001 0.197762 0.00001 0.798953 0.003266
0.00001 0.101406 0.00001 0.898564 0.00001
0.000441 0.184442 0.00001 0.815097 0.00001
0.00001 0.315904 0.00001 0.684066 0.00001
0.00001 0.300354 0.00001 0.698221 0.001405
0.00001 0.00001 0.00001 0.99996 0.00001
0.00001 0.00001 0.00001 0.99996 0.00001
0.00001 0.196016 0.00001 0.803954 0.00001
0.00001 0.329124 0.00001 0.670846 0.00001
0.00001 0.248377 0.00001 0.751593 0.00001
0.00001 0.269089 0.00001 0.730881 0.00001
0.00001 0.099261 0.00001 0.900709 0.00001
0.00001 0.237893 0.00001 0.762077 0.00001
0.00001 0.236981 0.00001 0.762989 0.00001
0.00001 0.391751 0.00001 0.608219 0.00001
0.00001 0.353221 0.00001 0.642366 0.004392
0.00001 0.338482 0.00001 0.661488 0.00001
0.00001 0.13843 0.00001 0.86154 0.00001
0.00001 0.216235 0.00001 0.783735 0.00001
0.00001 0.218409 0.00001 0.781561 0.00001
0.00001 0.271178 0.00001 0.728792 0.00001
0.00001 0.024818 0.0047 0.970462 0.00001
0.00001 0.00001 0.00001 0.99996 0.00001
0.00001 0.133522 0.00001 0.866448 0.00001
0.00001 0.00001 0.00001 0.999015 0.000955
0.00001 0.219556 0.00001 0.780414 0.00001
0.00001 0.224401 0.00001 0.74671 0.02887
0.00001 0.170399 0.152652 0.339094 0.337845
0.028794 0.177993 0.112449 0.349641 0.331123
0.069457 0.067359 0.121012 0.544222 0.197951
0.044216 0.141905 0.073511 0.616877 0.123491
0.00001 0.063061 0.105065 0.704997 0.126868
0.078907 0.160213 0.011422 0.598314 0.151143
0.400972 0.033543 0.00001 0.16761 0.397865
0.00001 0.139694 0.225527 0.327056 0.307713
0.123656 0.155956 0.131966 0.19409 0.394332
0.107125 0.174172 0.031493 0.546007 0.141203
0.00001 0.171342 0.078504 0.62904 0.121104
0.00001 0.00001 0.444926 0.097077 0.457977
0.00001 0.112911 0.160614 0.189844 0.536621
0.00001 0.114369 0.380089 0.103147 0.402386
0.054423 0.060793 0.183397 0.140052 0.561334
0.00001 0.110571 0.132797 0.634451 0.122171
0.069654 0.212097 0.022194 0.562871 0.133184
0.174898 0.099165 0.00001 0.548317 0.17761
0.045969 0.220466 0.00001 0.505745 0.227809
0.05997 0.191718 0.00001 0.588114 0.160188
0.027161 0.18725 0.00001 0.618766 0.166812
0.043858 0.325836 0.00001 0.562251 0.068046
0.183783 0.00001 0.015985 0.637126 0.163095
0.00001 0.108673 0.095929 0.591088 0.2043
0.00001 0.028608 0.082408 0.613851 0.275124
0.173158 0.256858 0.050384 0.475762 0.043839
0.07708 0.171453 0.00001 0.660337 0.091121
0.054049 0.241921 0.00001 0.523925 0.180095
0.043209 0.197003 0.00001 0.617774 0.142004
0.090953 0.202059 0.023641 0.596052 0.087294
0.084325 0.173198 0.02703 0.508082 0.207366
0.041498 0.178298 0.047852 0.650998 0.081355
0.095592 0.172177 0.00001 0.632123 0.100098
0.076393 0.193193 0.101796 0.588391 0.040227
0.093385 0.23789 0.00001 0.549733 0.118981
0.11306 0.183501 0.00001 0.561284 0.142145
0.060047 0.279786 0.00001 0.516488 0.143668
0.00001 0.128731 0.087888 0.672661 0.11071
0.011013 0.195891 0.00001 0.584471 0.208615
0.004944 0.124445 0.083799 0.669652 0.11716
0.052112 0.069074 0.00001 0.474324 0.40448
0.040918 0.138469 0.063288 0.594015 0.16331
0.101519 0.214282 0.00001 0.611809 0.07238
0.00001 0.279675 0.082912 0.637393 0.00001
0.23791 0.00001 0.015275 0.00001 0.746795
0.29959 0.00001 0.017308 0.004468 0.678624
0.236577 0.00001 0.00001 0.00001 0.763393
0.152281 0.00001 0.00001 0.00001 0.847689
0.00001 0.00001 0.241904 0.00001 0.758066
0.052117 0.00001 0.204274 0.00001 0.743589
0.17049 0.00001 0.069522 0.00001 0.759968
0.231667 0.00001 0.036662 0.00001 0.731652
0.091266 0.00001 0.200748 0.00001 0.707966
0.262204 0.00001 0.107244 0.00001 0.630532
0.094782 0.00001 0.00001 0.00001 0.905188
0.160881 0.00001 0.036755 0.00001 0.802343
0.238186 0.00001 0.000014 0.00001 0.76178
0.223031 0.00001 0.00001 0.00001 0.776939
0.146928 0.00001 0.004272 0.00001 0.84878
0.179377 0.00001 0.010167 0.00001 0.810437
0.034505 0.00001 0.206159 0.00001 0.759316
0.065317 0.00001 0.181669 0.00001 0.752994
0.208455 0.023555 0.111889 0.00001 0.656091
0.213787 0.00001 0.085345 0.00001 0.700848
0.00001 0.00001 0.240732 0.00001 0.759238
0.235505 0.00001 0.00001 0.00001 0.764465
0.212145 0.00001 0.119397 0.00001 0.668437
0.220367 0.00001 0.139225 0.00001 0.640387
0.00001 0.00001 0.242797 0.00001 0.757173
0.250855 0.00001 0.00001 0.00001 0.749115
0.251016 0.00001 0.038717 0.00001 0.710247
0.17054 0.00001 0.175453 0.00001 0.653987
0.00371 0.00001 0.229172 0.00001 0.767098
0.134279 0.00001 0.173409 0.00001 0.692292
0.00001 0.00001 0.268144 0.00001 0.731826
0.221613 0.00001 0.04899 0.006226 0.723161
0.00001 0.00001 0.237915 0.00001 0.762055
0.00001 0.00001 0.346544 0.00001 0.653426
0.053667 0.00001 0.15874 0.00001 0.787573
0.093398 0.00001 0.210324 0.00001 0.696258
0.00001 0.00001 0.181758 0.00001 0.818212
0.060461 0.00001 0.125785 0.00001 0.813734
0.009691 0.00001 0.178056 0.00001 0.812234
0.036789 0.00001 0.181325 0.00001 0.781866
0.189835 0.00001 0.159418 0.00001 0.650727
0.122401 0.00001 0.205332 0.00001 0.672247
0.086974 0.00001 0.00001 0.039062 0.873944
0.00001 0.00001 0.141689 0.028647 0.829644
0.225578 0.00001 0.18716 0.00001 0.587241
0.083162 0.00001 0.148204 0.00001 0.768614
0.251539 0.00001 0.085688 0.013062 0.6497
0.181638 0.00001 0.00001 0.030573 0.787769
0.015785 0.00001 0.303286 0.00001 0.680909
0.165655 0.00001 0.21209 0.00001 0.622235
0.278288 0.00001 0.00001 0.00001 0.721682
0.13945 0.00001 0.134097 0.00001 0.726433
0.167078 0.00001 0.034238 0.00001 0.798664
0.221845 0.00001 0.00001 0.00001 0.778125
0.219509 0.00001 0.006806 0.00001 0.773665
0.160909 0.00001 0.104566 0.00001 0.734505
0.23334 0.00001 0.00001 0.00001 0.76663
0.186661 0.00001 0.120265 0.00001 0.693053
0.267705 0.00001 0.00001 0.002517 0.729758
0.362239 0.00001 0.00001 0.00001 0.637731
0.11078 0.00001 0.082008 0.024246 0.782956
0.00001 0.00001 0.153669 0.023547 0.822765
0.125083 0.009148 0.095306 0.00001 0.770453
0.079586 0.002962 0.073795 0.00001 0.843647
0.08215 0.00001 0.00001 0.00001 0.91782
0.090369 0.00001 0.00001 0.00001 0.909601
0.139726 0.000016 0.219853 0.00001 0.640395
0.00001 0.000303 0.253269 0.00001 0.746409
0.190325 0.00001 0.103095 0.00001 0.706561
0.123939 0.00001 0.185412 0.00001 0.690629
0.212598 0.00001 0.085705 0.004184 0.697502
0.195712 0.00001 0.00001 0.00001 0.804258
0.101747 0.00001 0.127942 0.00001 0.770291
0.276451 0.00001 0.00001 0.00001 0.723519
0.024984 0.00001 0.145471 0.00001 0.829525
0.141904 0.00001 0.080328 0.002305 0.775453
0.247422 0.00001 0.00001 0.00001 0.752548
0.217123 0.00001 0.043492 0.00001 0.739365
0.085412 0.00001 0.196339 0.00001 0.718229
0.00001 0.00001 0.183538 0.00001 0.816432
0.011773 0.00001 0.11892 0.00001 0.869287
0.00001 0.00001 0.170756 0.00001 0.829214
0.072013 0.00001 0.18921 0.00001 0.738758
0.152207 0.00001 0.17868 0.00001 0.669093
0.00001 0.00001 0.248034 0.00001 0.751936
0.071279 0.00001 0.200972 0.00001 0.72773
0.294099 0.00001 0.00001 0.00001 0.705871
0.144995 0.00001 0.155358 0.00001 0.699628
0.289919 0.00001 0.00001 0.00001 0.710051
0.204651 0.00001 0.00001 0.00001 0.795319
0.252586 0.00001 0.049611 0.00001 0.697783
0.204134 0.00001 0.111462 0.00001 0.684384
0.142848 0.00001 0.27457 0.00001 0.582562
0.248162 0.00001 0.188341 0.00001 0.563477
0.00001 0.00001 0.394542 0.00001 0.605428
0.028294 0.00001 0.311233 0.00001 0.660453
0.078957 0.00001 0.189715 0.00001 0.731308
0.082204 0.00001 0.23435 0.00001 0.683426
0.47287 0.00001 0.00001 0.00001 0.5271
0.201174 0.00001 0.219939 0.00001 0.578867
0.220515 0.00001 0.206624 0.00001 0.57284
0.027786 0.00001 0.063819 0.00001 0.908375
0.106435 0.00001 0.03055 0.00001 0.862996
0.049208 0.00001 0.213641 0.00001 0.737131
0.022082 0.00001 0.281401 0.00001 0.696497
0.084411 0.00001 0.054811 0.00001 0.860758
0.00001 0.003745 0.252682 0.00001 0.743552
0.572749 0.00001 0.215559 0.00001 0.211672
0.293342 0.00001 0.273955 0.00001 0.432684
0.289678 0.00001 0.279864 0.00001 0.430437
0.44198 0.00001 0.327719 0.00001 0.230281
0.526907 0.00001 0.221649 0.00001 0.251425
0.338952 0.00001 0.193395 0.00001 0.467633
0.376234 0.00001 0.22087 0.00001 0.402876
0.40486 0.00001 0.311061 0.00001 0.284059
0.474475 0.00001 0.357922 0.00001 0.167583
0.003024 0.00001 0.393136 0.00001 0.60382
0.325442 0.00001 0.206006 0.00001 0.468532
0.375944 0.00001 0.338851 0.00001 0.285185
0.37982 0.00001 0.346328 0.00001 0.273832
0.262127 0.00001 0.172129 0.00001 0.565725
0.294002 0.00001 0.353573 0.00001 0.352406
0.48082 0.00001 0.159876 0.00001 0.359283
0.369251 0.00001 0.351481 0.00001 0.279247
0.465998 0.00001 0.250107 0.00001 0.283874
0.404256 0.00001 0.308187 0.00001 0.287537
0.00001 0.00001 0.556476 0.00001 0.443494
0.293644 0.00001 0.136627 0.00001 0.569708
0.558668 0.00001 0.209155 0.00001 0.232157
0.603003 0.00001 0.184842 0.00001 0.212135
0.607154 0.00001 0.195782 0.00001 0.197044
0.177184 0.00001 0.32519 0.00001 0.497606
0.291205 0.00001 0.361005 0.00001 0.34777
0.309185 0.00001 0.266487 0.00001 0.424308
0.337925 0.00001 0.270517 0.00001 0.391538
0.99996 0.00001 0.00001 0.00001 0.00001
0.684201 0.00001 0.315769 0.00001 0.00001
0.573598 0.00001 0.426372 0.00001 0.00001
0.547016 0.00001 0.452954 0.00001 0.00001
0.498951 0.00001 0.501019 0.00001 0.00001
0.99996 0.00001 0.00001 0.00001 0.00001
0.00001 0.00001 0.99996 0.00001 0.00001
0.620163 0.00001 0.360591 0.00001 0.019226
0.00001 0.00001 0.99996 0.00001 0.00001
0.460308 0.00001 0.539662 0.00001 0.00001
0.541208 0.00001 0.458762 0.00001 0.00001
0.697139 0.00001 0.302831 0.00001 0.00001
0.99996 0.00001 0.00001 0.00001 0.00001
0.461342 0.00001 0.538628 0.00001 0.00001
0.00001 0.00001 0.99996 0.00001 0.00001
0.540474 0.00001 0.459496 0.00001 0.00001
0.545996 0.00001 0.420941 0.00001 0.033043
0.495833 0.00001 0.478811 0.00001 0.025336
0.489063 0.00001 0.510907 0.00001 0.00001
0.508016 0.00001 0.491954 0.00001 0.00001
0.608145 0.00001 0.391825 0.00001 0.00001
0.616942 0.00001 0.383028 0.00001 0.00001
0.480258 0.00001 0.463626 0.00001 0.056096
0.00001 0.00001 0.99996 0.00001 0.00001
0.447704 0.00001 0.552266 0.00001 0.00001
0.423533 0.00001 0.43947 0.00001 0.136977
0.383038 0.00001 0.400688 0.00001 0.216254
0.497758 0.00001 0.438884 0.00001 0.063338
0.5585 0.00001 0.422766 0.00001 0.018714
0.486958 0.00001 0.344803 0.00001 0.168218
0.680705 0.00001 0.139093 0.00001 0.180182
0.473099 0.00001 0.443472 0.00001 0.083409
0.51113 0.00001 0.302034 0.00001 0.186817
0.530365 0.00001 0.459677 0.00001 0.009938
0.445507 0.00001 0.412014 0.00001 0.142459
0.524638 0.00001 0.355197 0.00001 0.120145
0.701079 0.00001 0.19002 0.00001 0.108881
0.628959 0.00001 0.336555 0.00001 0.034465
0.574607 0.00001 0.305747 0.00001 0.119626
0.512876 0.00001 0.344385 0.00001 0.142719
0.42438 0.00001 0.420192 0.00001 0.155408
0.50216 0.00001 0.388276 0.00001 0.109543
0.635811 0.00001 0.240267 0.00001 0.123902
0.674035 0.00001 0.251466 0.00001 0.07448
0.39495 0.00001 0.410052 0.00001 0.194979
0.473867 0.00001 0.400598 0.00001 0.125515
0.46855 0.00001 0.427969 0.00001 0.10346
0.429899 0.00001 0.441361 0.00001 0.128719
0.583201 0.00001 0.404893 0.00001 0.011885
0.577952 0.00001 0.305825 0.00001 0.116203
0.408676 0.00001 0.445102 0.00001 0.146202
0.487405 0.00001 0.358779 0.00001 0.153797
0.00001 0.00001 0.99996 0.00001 0.00001
0.609723 0.00001 0.345066 0.00001 0.045191
0.634618 0.00001 0.352381 0.00001 0.012981
0.588487 0.00001 0.302538 0.00001 0.108955
0.99996 0.00001 0.00001 0.00001 0.00001
0.643959 0.00001 0.268992 0.00001 0.08703
0.55022 0.00001 0.44975 0.00001 0.00001
0.43141 0.00001 0.450521 0.00001 0.118049
0.99996 0.00001 0.00001 0.00001 0.00001
0.625473 0.00001 0.325056 0.00001 0.049452
0.99996 0.00001 0.00001 0.00001 0.00001
0.646039 0.00001 0.353931 0.00001 0.00001
0.550404 0.00001 0.396889 0.00001 0.052687
0.99996 0.00001 0.00001 0.00001 0.00001
0.564853 0.00001 0.332611 0.00001 0.102515
0.574184 0.00001 0.294969 0.00001 0.130827
0.650587 0.00001 0.349383 0.00001 0.00001
0.601561 0.00001 0.347431 0.00001 0.050988
0.689816 0.00001 0.253045 0.00001 0.057119
0.604534 0.00001 0.395436 0.00001 0.00001
0.99996 0.00001 0.00001 0.00001 0.00001
0.601546 0.00001 0.287185 0.00001 0.11125
0.727615 0.00001 0.229098 0.00001 0.043267
0.512094 0.00001 0.435513 0.00001 0.052372
0.728617 0.00001 0.223061 0.00001 0.048302
0.671755 0.00001 0.324938 0.00001 0.003287
0.630981 0.00001 0.29474 0.00001 0.074259
0.511829 0.00001 0.32804 0.00001 0.160111
0.638245 0.00001 0.361725 0.00001 0.00001
0.416396 0.00001 0.400977 0.00001 0.182607
0.714843 0.00001 0.250324 0.00001 0.034813
0.508996 0.00001 0.400489 0.00001 0.090495
0.99996 0.00001 0.00001 0.00001 0.00001
0.573693 0.00001 0.346071 0.00001 0.080217
0.99996 0.00001 0.00001 0.00001 0.00001
0.00001 0.00001 0.99996 0.00001 0.00001
0.549694 0.00001 0.314776 0.00001 0.13551
