0.00001 0.00001 0.00001 0.99996 0.00001
0.00001 0.00001 0.00001 0.999188 0.000782
0.00001 0.00001 0.00001 0.99996 0.00001
0.00001 0.00001 0.00001 0.99996 0.00001
0.00001 0.00001 0.00001 0.99996 0.00001
0.00001 0.00001 0.00001 0.99996 0.00001
0.00001 0.00001 0.00001 0.99996 0.00001
0.00001 0.00001 0.00001 0.99996 0.00001
0.00001 0.00001 0.00001 0.99996 0.00001
0.00001 0.00001 0.00001 0.99996 0.00001
0.00001 0.00001 0.00001 0.99996 0.00001
0.00001 0.00001 0.00001 0.999272 0.000698
0.00001 0.00001 0.00001 0.99996 0.00001
0.00001 0.00001 0.00001 0.965744 0.034226
0.00001 0.00001 0.00001 0.99996 0.00001
0.00001 0.00001 0.00001 0.99996 0.00001
0.00001 0.00001 0.00001 0.99996 0.00001
0.00001 0.00001 0.00001 0.99996 0.00001
0.00001 0.00001 0.00001 0.99996 0.00001
0.00001 0.00001 0.00001 0.99996 0.00001
0.00001 0.00001 0.00001 0.99996 0.00001
0.00001 0.00001 0.00001 0.99996 0.00001
0.00001 0.00001 0.00001 0.99996 0.00001
0.00001 0.00001 0.00001 0.962361 0.037609
0.00001 0.00001 0.00001 0.99996 0.00001
0.00001 0.00001 0.00001 0.99996 0.00001
0.02993 0.00001 0.00001 0.97004 0.00001
0.00001 0.00001 0.00001 0.99996 0.00001
0.00001 0.00001 0.001821 0.998149 0.00001
0.00001 0.00001 0.00001 0.99996 0.00001
0.00001 0.00001 0.00001 0.99996 0.00001
0.00001 0.00001 0.008746 0.991224 0.00001
0.023835 0.00001 0.00001 0.976135 0.00001
0.00001 0.00001 0.00001 0.99996 0.00001
0.00001 0.00001 0.00001 0.99996 0.00001
0.00001 0.00001 0.00001 0.99996 0.00001
0.00001 0.00001 0.000971 0.998999 0.00001
0.00001 0.00001 0.00001 0.99996 0.00001
0.000591 0.00001 0.00001 0.999379 0.00001
0.00001 0.003536 0.00001 0.996434 0.00001
0.00001 0.00001 0.00001 0.99996 0.00001
0.00001 0.00001 0.00001 0.99996 0.00001
0.023726 0.00001 0.00001 0.976244 0.00001
0.049105 0.00001 0.00001 0.950865 0.00001
0.003346 0.00001 0.00001 0.996624 0.00001
0.00001 0.00001 0.00001 0.99996 0.00001
0.00001 0.00001 0.00001 0.99996 0.00001
0.00001 0.00001 0.00001 0.99996 0.00001
0.00001 0.00001 0.00001 0.99996 0.00001
0.00001 0.00001 0.018508 0.981462 0.00001
0.00001 0.00001 0.00001 0.99996 0.00001
0.00001 0.00001 0.00001 0.989648 0.010322
0.00001 0.00001 0.00001 0.99996 0.00001
0.00001 0.00001 0.00001 0.99996 0.00001
0.00001 0.00001 0.00001 0.9804 0.01957
0.00001 0.00001 0.00001 0.99996 0.00001
0.00001 0.00001 0.00001 0.977076 0.022894
0.00001 0.00001 0.00001 0.99689 0.00308
0.00001 0.00001 0.00001 0.99996 0.00001
0.027245 0.00001 0.00001 0.972725 0.00001
0.00001 0.00001 0.00001 0.99996 0.00001
0.00001 0.00001 0.00001 0.99996 0.00001
0.00001 0.00001 0.00001 0.99996 0.00001
0.00001 0.00001 0.00001 0.98181 0.01816
0.00001 0.00001 0.00001 0.99996 0.00001
0.00001 0.00001 0.00001 0.99996 0.00001
0.00001 0.00001 0.00001 0.99996 0.00001
0.00001 0.00001 0.00001 0.99996 0.00001
0.00001 0.00001 0.009491 0.990479 0.00001
0.00001 0.00001 0.00001 0.99996 0.00001
0.00001 0.00001 0.00001 0.99996 0.00001
0.00001 0.00001 0.010043 0.989927 0.00001
0.00001 0.00001 0.00001 0.99996 0.00001
0.00001 0.00001 0.00001 0.99996 0.00001
0.00001 0.00001 0.00001 0.99996 0.00001
0.008353 0.00001 0.00001 0.991617 0.00001
0.00001 0.00001 0.00001 0.99996 0.00001
0.00001 0.00001 0.00001 0.99996 0.00001
0.015232 0.00001 0.00001 0.984738 0.00001
0.00001 0.00001 0.00001 0.998908 0.001062
0.00001 0.00001 0.00001 0.916728 0.083242
0.00001 0.00001 0.00001 0.99996 0.00001
0.00001 0.00001 0.00001 0.99996 0.00001
0.00001 0.00001 0.00001 0.99996 0.00001
0.001976 0.00001 0.00001 0.997994 0.00001
0.009615 0.00001 0.00001 0.990355 0.00001
0.00001 0.00001 0.00001 0.99996 0.00001
0.00001 0.00001 0.00001 0.99996 0.00001
0.00001 0.00001 0.007671 0.992299 0.00001
0.005577 0.00001 0.00001 0.994393 0.00001
0.00001 0.00001 0.00001 0.99996 0.00001
0.00001 0.00001 0.00001 0.982923 0.017047
0.00001 0.005052 0.00001 0.994918 0.00001
0.00001 0.00001 0.00001 0.99996 0.00001
0.00001 0.00001 0.00001 0.99996 0.00001
0.00001 0.00001 0.00001 0.99996 0.00001
0.00001 0.00001 0.005459 0.994511 0.00001
0.00001 0.00001 0.00001 0.99996 0.00001
0.00001 0.00001 0.00001 0.99996 0.00001
0.00001 0.00001 0.00001 0.99996 0.00001
0.00001 0.00001 0.000019 0.999951 0.00001
0.00001 0.00001 0.00001 0.99996 0.00001
0.00001 0.00001 0.00001 0.99996 0.00001
0.00001 0.00001 0.00001 0.998218 0.001752
0.00001 0.00001 0.009394 0.990576 0.00001
0.00001 0.00001 0.00001 0.99996 0.00001
0.00001 0.00001 0.00001 0.993848 0.006122
0.000798 0.00001 0.00001 0.999172 0.00001
0.002944 0.00001 0.00001 0.997026 0.00001
0.00001 0.00001 0.00001 0.99996 0.00001
0.00001 0.00001 0.00001 0.99996 0.00001
0.00001 0.00001 0.00001 0.99996 0.00001
0.00001 0.00001 0.00001 0.99996 0.00001
0.00001 0.00001 0.00001 0.99996 0.00001
0.00001 0.00001 0.00001 0.99996 0.00001
0.00001 0.00001 0.00001 0.99996 0.00001
0.00001 0.00001 0.00001 0.99996 0.00001
0.00001 0.00001 0.00001 0.99996 0.00001
0.00001 0.00001 0.00001 0.99996 0.00001
0.007307 0.00001 0.00001 0.992663 0.00001
0.00001 0.00001 0.00001 0.99996 0.00001
0.00001 0.00001 0.00001 0.99996 0.00001
0.00001 0.00001 0.00001 0.99996 0.00001
0.00001 0.00001 0.00001 0.99996 0.00001
0.00001 0.00001 0.00001 0.99996 0.00001
0.00001 0.00001 0.013079 0.986891 0.00001
0.006483 0.00001 0.00001 0.993487 0.00001
0.00001 0.00001 0.00001 0.99996 0.00001
0.006524 0.00001 0.00001 0.993446 0.00001
0.00001 0.00001 0.00001 0.99996 0.00001
0.035303 0.00001 0.00001 0.964667 0.00001
0.00001 0.00001 0.00001 0.493348 0.506622
0.097081 0.014902 0.077462 0.519199 0.291357
0.00001 0.046263 0.269046 0.608142 0.076538
0.00001 0.008835 0.192394 0.754585 0.044176
0.00001 0.00001 0.00001 0.759934 0.240036
0.00001 0.00001 0.00001 0.748071 0.251899
0.135594 0.217608 0.00001 0.189927 0.456862
0.00001 0.00001 0.266714 0.456135 0.277131
0.00001 0.064656 0.274651 0.338293 0.32239
0.042383 0.00219 0.236723 0.718694 0.00001
0.00001 0.00001 0.00001 0.795392 0.204578
0.00001 0.00001 0.00001 0.011392 0.988578
0.02536 0.00001 0.271509 0.290874 0.412247
0.00001 0.00001 0.788739 0.211231 0.00001
0.175523 0.07973 0.139457 0.191777 0.413512
0.00001 0.00119 0.00001 0.736709 0.26208
0.074994 0.00001 0.00001 0.768098 0.156888
0.00001 0.00001 0.354305 0.645665 0.00001
0.132888 0.00001 0.086104 0.725914 0.055084
0.088726 0.00001 0.00001 0.775152 0.136101
0.00001 0.00001 0.15883 0.803284 0.037867
0.04782 0.00001 0.00001 0.883456 0.068704
0.094533 0.137609 0.005848 0.632377 0.129633
0.071132 0.00001 0.229678 0.69917 0.00001
0.00001 0.00001 0.178069 0.635904 0.186007
0.011053 0.126757 0.132735 0.729444 0.00001
0.00001 0.00001 0.170562 0.829408 0.00001
0.00001 0.00001 0.00001 0.759744 0.240226
0.00001 0.00001 0.00001 0.808166 0.191804
0.00001 0.00001 0.205432 0.794538 0.00001
0.00001 0.009574 0.1112 0.672487 0.206729
0.00001 0.005709 0.00001 0.821862 0.172409
0.188835 0.005707 0.00001 0.805438 0.00001
0.00001 0.065845 0.038915 0.773633 0.121597
0.00001 0.00001 0.217186 0.782784 0.00001
0.065458 0.045838 0.047837 0.741063 0.099804
0.107724 0.00001 0.05164 0.795817 0.044808
0.00001 0.00001 0.201497 0.798473 0.00001
0.125771 0.00001 0.00001 0.779105 0.095104
0.00001 0.00001 0.00001 0.781169 0.218801
0.00001 0.00001 0.00001 0.530218 0.469752
0.009282 0.00001 0.25949 0.731208 0.00001
0.00001 0.00897 0.103915 0.820068 0.067036
0.00001 0.083405 0.00001 0.916565 0.00001
0.432193 0.060844 0.196054 0.00001 0.310899
0.190294 0.10805 0.328832 0.00001 0.372814
0.504322 0.050299 0.00001 0.00001 0.445359
0.432998 0.00001 0.466414 0.00001 0.100568
0.358103 0.070508 0.189941 0.00001 0.381438
0.330043 0.064872 0.301126 0.00001 0.303949
0.329482 0.033947 0.308075 0.00001 0.328487
0.351611 0.00001 0.648359 0.00001 0.00001
0.433478 0.110557 0.269012 0.00001 0.186943
0.00001 0.00001 0.99996 0.00001 0.00001
0.99996 0.00001 0.00001 0.00001 0.00001
0.99996 0.00001 0.00001 0.00001 0.00001
0.99996 0.00001 0.00001 0.00001 0.00001
0.99996 0.00001 0.00001 0.00001 0.00001
0.99996 0.00001 0.00001 0.00001 0.00001
0.99996 0.00001 0.00001 0.00001 0.00001
0.236665 0.056465 0.234021 0.00001 0.472839
0.292684 0.017006 0.32671 0.00001 0.36359
0.449518 0.129897 0.188602 0.012606 0.219377
0.258851 0.105343 0.297477 0.00001 0.338319
0.336662 0.020707 0.210673 0.00001 0.431949
0.47191 0.00001 0.52806 0.00001 0.00001
0.22303 0.118725 0.32038 0.00001 0.337855
0.305278 0.148499 0.497841 0.00001 0.048372
0.224445 0.028522 0.362325 0.00001 0.384697
0.280137 0.070894 0.202297 0.00001 0.446661
0.316687 0.075957 0.327454 0.00001 0.279892
0.349918 0.17398 0.206652 0.00001 0.269441
0.366176 0.031737 0.416217 0.00001 0.18586
0.268018 0.00001 0.731952 0.00001 0.00001
0.168494 0.00001 0.404618 0.00001 0.426869
0.23251 0.00001 0.635261 0.00001 0.132209
0.183633 0.00001 0.401785 0.00001 0.414562
0.00001 0.0234 0.52406 0.00001 0.45252
0.272114 0.00001 0.582461 0.00001 0.145405
0.263893 0.096404 0.279808 0.00001 0.359885
0.263834 0.00001 0.52362 0.00001 0.212526
0.451456 0.00001 0.401662 0.00001 0.146862
0.449786 0.00001 0.306451 0.00001 0.243743
0.479941 0.047389 0.295758 0.00001 0.176902
0.154936 0.094645 0.575177 0.00001 0.175232
0.00001 0.00001 0.99996 0.00001 0.00001
0.00001 0.00001 0.00001 0.00001 0.99996
0.00001 0.00001 0.00001 0.00001 0.99996
0.316646 0.239485 0.163031 0.00001 0.280828
0.227722 0.00001 0.35643 0.00001 0.415828
0.00001 0.00001 0.99996 0.00001 0.00001
0.376958 0.00001 0.329627 0.029506 0.263899
0.330121 0.009036 0.660823 0.00001 0.00001
0.035254 0.100692 0.64384 0.00001 0.220203
0.455929 0.10303 0.00001 0.00001 0.441021
0.434057 0.112792 0.00001 0.00001 0.453131
0.456091 0.00001 0.348442 0.00001 0.195447
0.513045 0.034984 0.184545 0.00001 0.267417
0.478984 0.00001 0.520986 0.00001 0.00001
0.461184 0.00001 0.538786 0.00001 0.00001
0.444378 0.023387 0.253941 0.00001 0.278284
0.366446 0.00001 0.633524 0.00001 0.00001
0.307221 0.045233 0.303434 0.00001 0.344102
0.257376 0.182495 0.268772 0.00001 0.291348
0.00001 0.00001 0.420482 0.00001 0.579488
0.29267 0.00001 0.561266 0.024538 0.121516
0.424262 0.052726 0.00001 0.00001 0.522992
0.419707 0.00001 0.00001 0.00001 0.580263
0.99996 0.00001 0.00001 0.00001 0.00001
0.99996 0.00001 0.00001 0.00001 0.00001
0.207172 0.126288 0.352755 0.00001 0.313775
0.037542 0.00001 0.540313 0.00001 0.422125
0.244291 0.074318 0.191901 0.00001 0.48948
0.227632 0.07427 0.352858 0.00001 0.345229
0.00001 0.00001 0.574236 0.00001 0.425734
0.268372 0.00001 0.328715 0.00001 0.402892
0.99996 0.00001 0.00001 0.00001 0.00001
0.99996 0.00001 0.00001 0.00001 0.00001
0.385612 0.00001 0.233173 0.00001 0.381194
0.411399 0.001549 0.388575 0.000613 0.197865
0.445363 0.00001 0.554607 0.00001 0.00001
0.00001 0.00001 0.00001 0.00001 0.99996
0.306557 0.064211 0.326737 0.00001 0.302485
0.345984 0.00001 0.27949 0.00001 0.374506
0.290158 0.00001 0.506176 0.00001 0.203646
0.220047 0.00001 0.615029 0.00001 0.164904
0.299085 0.00001 0.700885 0.00001 0.00001
0.387108 0.089902 0.52297 0.00001 0.00001
0.33188 0.00001 0.66809 0.00001 0.00001
0.270176 0.03638 0.548914 0.00001 0.14452
0.447005 0.06805 0.258951 0.00001 0.225984
0.416855 0.116088 0.25182 0.00001 0.215227
0.267576 0.020049 0.528032 0.00001 0.184333
0.393322 0.006125 0.388467 0.00001 0.212077
0.266987 0.083749 0.377741 0.00001 0.271513
0.223116 0.062979 0.479298 0.00001 0.234597
0.218934 0.158756 0.517939 0.00001 0.104361
0.00001 0.00001 0.99996 0.00001 0.00001
0.00001 0.00001 0.99996 0.00001 0.00001
0.127467 0.193495 0.178435 0.00001 0.500593
0.378781 0.00001 0.621189 0.00001 0.00001
0.288459 0.095833 0.376251 0.00001 0.239447
0.138969 0.219441 0.340824 0.00001 0.300756
0.069385 0.179229 0.47094 0.00001 0.280436
0.07433 0.192573 0.522402 0.00001 0.210685
0.42075 0.00001 0.00001 0.00001 0.57922
0.300956 0.00001 0.492487 0.00001 0.206537
0.242746 0.105191 0.218276 0.00001 0.433777
0.261145 0.021771 0.717064 0.00001 0.00001
0.411277 0.00001 0.00001 0.00001 0.588693
0.187887 0.022782 0.388483 0.00001 0.400838
0.142685 0.595616 0.25198 0.00001 0.00971
0.085428 0.303441 0.518593 0.00001 0.092528
0.201859 0.386156 0.180108 0.00001 0.231867
0.227593 0.575174 0.197213 0.00001 0.00001
0.00001 0.606083 0.00001 0.00001 0.393887
0.276864 0.313382 0.324701 0.00001 0.085043
0.223083 0.341676 0.43522 0.00001 0.00001
0.078374 0.529002 0.204368 0.00001 0.188245
0.202755 0.669574 0.068322 0.00001 0.05934
0.00001 0.119617 0.52708 0.00001 0.353282
0.00001 0.00001 0.99996 0.00001 0.00001
0.224122 0.506189 0.269669 0.00001 0.00001
0.028336 0.483358 0.488285 0.00001 0.00001
0.229425 0.190996 0.400999 0.00001 0.178571
0.149747 0.454134 0.165182 0.00001 0.230926
0.219159 0.451746 0.083872 0.00001 0.245213
0.153742 0.51386 0.174636 0.00001 0.157752
0.054903 0.464737 0.436939 0.00001 0.043411
0.105254 0.518062 0.300219 0.00001 0.076456
0.197825 0.39825 0.095996 0.00001 0.307919
0.377838 0.209646 0.288754 0.00001 0.123752
0.052067 0.599675 0.068248 0.00001 0.28
0.203353 0.552838 0.243789 0.00001 0.00001
0.250577 0.531872 0.217531 0.00001 0.00001
0.00001 0.00001 0.99996 0.00001 0.00001
0.089925 0.404954 0.505101 0.00001 0.00001
0.00001 0.2709 0.600718 0.00001 0.128362
0.07453 0.363209 0.306395 0.00001 0.255856
0.00001 0.85913 0.00001 0.00001 0.14084
0.00001 0.812884 0.00001 0.00001 0.187086
0.00001 0.93208 0.00001 0.00001 0.06789
0.00001 0.870033 0.00001 0.00001 0.129937
0.00001 0.910432 0.00001 0.00001 0.089538
0.123961 0.876009 0.00001 0.00001 0.00001
0.00001 0.744724 0.255246 0.00001 0.00001
0.091195 0.7546 0.154186 0.00001 0.00001
0.043936 0.925569 0.030475 0.00001 0.00001
0.00001 0.99996 0.00001 0.00001 0.00001
0.079884 0.920086 0.00001 0.00001 0.00001
0.032693 0.967277 0.00001 0.00001 0.00001
0.081547 0.918423 0.00001 0.00001 0.00001
0.00001 0.99996 0.00001 0.00001 0.00001
0.00001 0.924513 0.075457 0.00001 0.00001
0.036659 0.934723 0.028597 0.00001 0.00001
0.00001 0.786787 0.00001 0.00001 0.213183
0.00001 0.825559 0.048416 0.00001 0.126005
0.065544 0.934426 0.00001 0.00001 0.00001
0.00001 0.961813 0.00001 0.00001 0.038157
0.00001 0.99996 0.00001 0.00001 0.00001
0.038079 0.961891 0.00001 0.00001 0.00001
0.147625 0.760188 0.092166 0.00001 0.00001
0.00001 0.956245 0.00001 0.00001 0.043725
0.014567 0.985403 0.00001 0.00001 0.00001
0.146342 0.684294 0.141456 0.00001 0.027897
0.07065 0.58207 0.160012 0.00001 0.187259
0.00001 0.518788 0.481182 0.00001 0.00001
0.099626 0.77166 0.128694 0.00001 0.00001
0.136343 0.657716 0.191608 0.00001 0.014323
0.036656 0.581027 0.283676 0.00001 0.098631
0.00001 0.754496 0.00001 0.00001 0.245474
0.159551 0.604583 0.235846 0.00001 0.00001
0.00001 0.753969 0.246001 0.00001 0.00001
0.211231 0.705819 0.082931 0.00001 0.00001
0.070506 0.60336 0.326115 0.00001 0.00001
0.081374 0.673032 0.234713 0.00001 0.010872
0.121624 0.760194 0.118162 0.00001 0.00001
0.00001 0.691941 0.086704 0.00001 0.221335
0.00001 0.626418 0.357715 0.00001 0.015847
0.033407 0.641048 0.325525 0.00001 0.00001
0.046968 0.67323 0.279783 0.00001 0.00001
0.068795 0.620552 0.310633 0.00001 0.00001
0.168079 0.666361 0.165539 0.00001 0.00001
0.019715 0.591049 0.258384 0.00001 0.130842
0.120988 0.679568 0.00001 0.00001 0.199424
0.094718 0.673312 0.23195 0.00001 0.00001
0.116351 0.615757 0.267872 0.00001 0.00001
0.00001 0.606915 0.393055 0.00001 0.00001
0.114998 0.720934 0.00001 0.00001 0.164048
0.1157 0.657144 0.227136 0.00001 0.00001
0.202873 0.607022 0.190085 0.00001 0.00001
0.021599 0.695979 0.282402 0.00001 0.00001
0.053816 0.725544 0.175756 0.00001 0.044874
0.138256 0.726843 0.134881 0.00001 0.00001
0.247696 0.720969 0.00001 0.00001 0.031315
0.26069 0.73928 0.00001 0.00001 0.00001
0.00001 0.685748 0.101907 0.00001 0.212325
0.181796 0.818174 0.00001 0.00001 0.00001
0.15413 0.584343 0.261507 0.00001 0.00001
0.00001 0.99996 0.00001 0.00001 0.00001
0.001884 0.775557 0.078833 0.00001 0.143716
0.00001 0.99996 0.00001 0.00001 0.00001
0.00001 0.71521 0.240331 0.00001 0.044439
0.001338 0.671654 0.326988 0.00001 0.00001
0.18005 0.81992 0.00001 0.00001 0.00001
0.173048 0.667375 0.159557 0.00001 0.00001
0.128327 0.647908 0.223744 0.00001 0.00001
0.00001 0.733999 0.265971 0.00001 0.00001
0.091055 0.758011 0.150913 0.00001 0.00001
0.056657 0.652323 0.291 0.00001 0.00001
0.00001 0.702797 0.297173 0.00001 0.00001
0.00001 0.742468 0.121362 0.00001 0.136149
0.00001 0.652722 0.347248 0.00001 0.00001
0.081904 0.691055 0.227021 0.00001 0.00001
0.00001 0.710848 0.261299 0.00001 0.027833
0.181442 0.722038 0.0965 0.00001 0.00001
0.00001 0.745588 0.254382 0.00001 0.00001
0.00043 0.787862 0.00001 0.00001 0.211687
0.221316 0.710344 0.00001 0.00001 0.06832
0.008476 0.854403 0.137101 0.00001 0.00001
0.00001 0.656889 0.00001 0.00001 0.343081
0.153422 0.802324 0.044233 0.00001 0.00001
0.000019 0.639125 0.352191 0.00001 0.008655
0.090512 0.665125 0.244342 0.00001 0.00001
0.116305 0.750324 0.00001 0.00001 0.133351
0.216545 0.695835 0.0876 0.00001 0.00001
0.00001 0.613824 0.386146 0.00001 0.00001
0.154189 0.63381 0.211981 0.00001 0.00001
