0.99997 0.00001 0.00001 0.00001
0.666415 0.00001 0.333565 0.00001
0.752852 0.00001 0.247128 0.00001
0.99997 0.00001 0.00001 0.00001
0.99997 0.00001 0.00001 0.00001
0.99997 0.00001 0.00001 0.00001
0.589069 0.00001 0.410911 0.00001
0.627183 0.00001 0.372797 0.00001
0.694604 0.00001 0.305376 0.00001
0.99997 0.00001 0.00001 0.00001
0.99997 0.00001 0.00001 0.00001
0.747264 0.00001 0.252716 0.00001
0.680118 0.00001 0.319862 0.00001
0.430586 0.00001 0.542655 0.02675
0.99997 0.00001 0.00001 0.00001
0.99997 0.00001 0.00001 0.00001
0.99997 0.00001 0.00001 0.00001
0.656631 0.00001 0.343349 0.00001
0.99997 0.00001 0.00001 0.00001
0.469029 0.00001 0.530951 0.00001
0.99997 0.00001 0.00001 0.00001
0.457036 0.00001 0.542944 0.00001
0.00001 0.00001 0.99997 0.00001
0.00001 0.00001 0.974942 0.025038
0.205609 0.00001 0.794371 0.00001
0.13485 0.00001 0.86513 0.00001
0.174101 0.00001 0.800039 0.025851
0.20355 0.00001 0.79643 0.00001
0.208183 0.00001 0.791797 0.00001
0.343449 0.00001 0.656531 0.00001
0.235828 0.00001 0.764152 0.00001
0.22774 0.001521 0.770729 0.00001
0.271178 0.00001 0.70633 0.022482
0.170939 0.00001 0.829041 0.00001
0.06614 0.00001 0.93384 0.00001
0.00001 0.00001 0.99997 0.00001
0.163618 0.00001 0.836362 0.00001
0.224188 0.00001 0.775792 0.00001
0.261632 0.00001 0.738348 0.00001
0.062566 0.00001 0.937414 0.00001
0.078655 0.00001 0.921325 0.00001
0.00001 0.00001 0.99997 0.00001
0.185268 0.00001 0.797053 0.017668
0.191732 0.00001 0.759769 0.048489
0.280328 0.00001 0.719652 0.00001
0.171121 0.00001 0.828859 0.00001
0.081626 0.00001 0.918354 0.00001
0.222729 0.00001 0.777251 0.00001
0.168121 0.00001 0.831859 0.00001
0.30758 0.00001 0.677602 0.014808
0.285136 0.00001 0.714844 0.00001
0.194842 0.00001 0.800042 0.005106
0.00001 0.00001 0.99997 0.00001
0.111035 0.00001 0.888945 0.00001
0.00001 0.00001 0.990766 0.009214
0.171888 0.00001 0.828092 0.00001
0.329219 0.00001 0.65485 0.015921
0.076533 0.00001 0.923447 0.00001
0.216316 0.00001 0.783664 0.00001
0.23049 0.00001 0.744888 0.024612
0.00001 0.00001 0.99997 0.00001
0.19949 0.00001 0.80049 0.00001
0.19706 0.00001 0.80292 0.00001
0.25354 0.00001 0.735764 0.010686
0.410411 0.00001 0.589569 0.00001
0.209606 0.00001 0.790374 0.00001
0.130248 0.00001 0.869732 0.00001
0.209513 0.00001 0.790467 0.00001
0.202532 0.004266 0.793192 0.00001
0.161171 0.00001 0.838809 0.00001
0.266197 0.00001 0.733783 0.00001
0.229291 0.00001 0.764622 0.006077
0.169507 0.00001 0.830473 0.00001
0.226247 0.00001 0.773733 0.00001
0.286651 0.00001 0.713329 0.00001
0.229669 0.00001 0.766279 0.004041
0.174867 0.00001 0.825113 0.00001
0.288097 0.00001 0.711883 0.00001
0.241833 0.00001 0.749913 0.008244
0.199521 0.00001 0.800459 0.00001
0.287479 0.00001 0.635315 0.077197
0.163054 0.00001 0.836926 0.00001
0.001635 0.00001 0.998345 0.00001
0.319022 0.00001 0.680958 0.00001
0.142947 0.00001 0.857033 0.00001
0.232537 0.00001 0.763844 0.003609
0.10351 0.00001 0.89647 0.00001
0.115967 0.00001 0.884013 0.00001
0.23187 0.00001 0.765503 0.002616
0.307283 0.00001 0.692697 0.00001
0.164681 0.00001 0.835299 0.00001
0.176393 0.00001 0.810765 0.012832
0.347746 0.001525 0.650719 0.00001
0.00001 0.00001 0.99997 0.00001
0.327585 0.00001 0.672395 0.00001
0.00001 0.00001 0.99997 0.00001
0.122148 0.000495 0.877347 0.00001
0.108406 0.00001 0.891574 0.00001
0.304888 0.00001 0.695092 0.00001
0.00001 0.00001 0.99997 0.00001
0.238985 0.00001 0.760995 0.00001
0.265735 0.00001 0.734245 0.00001
0.098967 0.00001 0.901013 0.00001
0.213051 0.00001 0.786929 0.00001
0.148995 0.00001 0.848609 0.002386
0.098417 0.00001 0.901563 0.00001
0.154844 0.00001 0.845136 0.00001
0.26532 0.00001 0.73466 0.00001
0.250373 0.00001 0.748747 0.00087
0.00001 0.00001 0.99997 0.00001
0.00001 0.00001 0.99997 0.00001
0.154409 0.00001 0.845571 0.00001
0.257164 0.00001 0.742816 0.00001
0.203619 0.00001 0.796361 0.00001
0.208138 0.00001 0.791842 0.00001
0.026606 0.00001 0.973374 0.00001
0.191492 0.00001 0.808488 0.00001
0.151338 0.00001 0.848642 0.00001
0.315376 0.00001 0.684604 0.00001
0.269402 0.00001 0.727056 0.003533
0.276876 0.00001 0.723104 0.00001
0.091277 0.00001 0.908703 0.00001
0.163645 0.00001 0.836335 0.00001
0.176305 0.00001 0.823675 0.00001
0.229387 0.00001 0.770593 0.00001
0.00001 0.0045 0.99548 0.00001
0.00001 0.00001 0.99997 0.00001
0.116913 0.00001 0.883067 0.00001
0.00001 0.00001 0.999772 0.000208
0.172263 0.00001 0.827717 0.00001
0.17171 0.00001 0.799643 0.028638
0.13008 0.099191 0.380023 0.390705
0.131112 0.089335 0.397386 0.382166
0.036183 0.13834 0.57569 0.249787
0.117369 0.079471 0.641174 0.161987
0.023654 0.047065 0.745117 0.184164
0.125153 0.044693 0.632994 0.19716
0.042873 0.273923 0.157599 0.525606
0.104225 0.084895 0.362351 0.448529
0.127937 0.171392 0.222167 0.478503
0.131758 0.101879 0.588581 0.177783
0.143703 0.007717 0.656615 0.191964
0.00001 0.325725 0.1016 0.572664
0.101532 0.056198 0.201963 0.640307
0.088892 0.286749 0.131401 0.492958
0.042776 0.129565 0.158459 0.669199
0.083385 0.078862 0.661235 0.176518
0.172501 0.054417 0.60211 0.170972
0.078574 0.115395 0.568939 0.237093
0.181021 0.00001 0.545213 0.273757
0.179598 0.00001 0.59983 0.220562
0.151081 0.00001 0.655126 0.193784
0.267286 0.00001 0.620173 0.112531
0.00001 0.161289 0.636484 0.202217
0.062728 0.037888 0.638045 0.261338
0.007139 0.00001 0.635584 0.357267
0.222348 0.207188 0.509908 0.060557
0.138135 0.050953 0.692715 0.118197
0.208373 0.032198 0.557145 0.202284
0.169524 0.00001 0.645428 0.185038
0.199488 0.092535 0.598669 0.109308
0.118837 0.07007 0.562727 0.248367
0.123764 0.07294 0.705799 0.097497
0.136556 0.064463 0.667481 0.1315
0.153535 0.166707 0.628526 0.051232
0.182597 0.068977 0.604689 0.143737
0.139603 0.040643 0.603898 0.215856
0.235333 0.00001 0.56092 0.203737
0.077345 0.050079 0.723822 0.148755
0.152564 0.00001 0.628246 0.21918
0.086548 0.060921 0.707648 0.144883
0.042886 0.00001 0.500775 0.45633
0.115702 0.071228 0.616767 0.196304
0.190244 0.06616 0.635101 0.108494
0.223061 0.082818 0.694111 0.00001
0.00001 0.130346 0.00001 0.869634
0.00001 0.180972 0.004355 0.814663
0.00001 0.094098 0.00001 0.905882
0.00001 0.00001 0.00001 0.99997
0.00001 0.109562 0.00001 0.890418
0.00001 0.136779 0.00001 0.863201
0.00001 0.0949 0.00001 0.90508
0.00001 0.131659 0.00001 0.868321
0.00001 0.173129 0.00001 0.826851
0.00001 0.244068 0.00001 0.755912
0.00001 0.00001 0.00001 0.99997
0.00001 0.054979 0.00001 0.945001
0.00001 0.114174 0.00001 0.885806
0.00001 0.080117 0.00001 0.919863
0.00001 0.00001 0.00001 0.99997
0.00001 0.040726 0.00001 0.959254
0.00001 0.125573 0.00001 0.874407
0.00001 0.108184 0.00001 0.891796
0.024804 0.192575 0.00001 0.782611
0.00001 0.179062 0.00001 0.820918
0.00001 0.080477 0.00001 0.919503
0.00001 0.088063 0.00001 0.911917
0.00001 0.205948 0.00001 0.794032
0.00001 0.242639 0.00001 0.757341
0.00001 0.126265 0.00001 0.873715
0.00001 0.129027 0.00001 0.870953
0.00001 0.157111 0.00001 0.842869
0.00001 0.227221 0.00001 0.772759
0.00001 0.112481 0.00001 0.887499
0.00001 0.182545 0.00001 0.817435
0.00001 0.087833 0.00001 0.912147
0.00001 0.118712 0.004749 0.876529
0.00001 0.109316 0.00001 0.890664
0.00001 0.186845 0.00001 0.813135
0.00001 0.058573 0.00001 0.941407
0.00001 0.190736 0.00001 0.809244
0.00001 0.024388 0.00001 0.975592
0.00001 0.015521 0.00001 0.984459
0.00001 0.058716 0.00001 0.941264
0.00001 0.103144 0.00001 0.896836
0.00001 0.230172 0.00001 0.769808
0.00001 0.192986 0.00001 0.806994
0.00001 0.00001 0.040499 0.959481
0.027908 0.00001 0.00001 0.972072
0.00001 0.297985 0.00001 0.701995
0.00001 0.081651 0.00001 0.918329
0.00001 0.221011 0.014528 0.764452
0.00001 0.035639 0.030586 0.933764
0.00001 0.228187 0.00001 0.771793
0.00001 0.259227 0.00001 0.740753
0.00001 0.13132 0.00001 0.86866
0.00001 0.139385 0.00001 0.860595
0.00001 0.043699 0.00001 0.956281
0.00001 0.077599 0.00001 0.922381
0.00001 0.094893 0.00001 0.905087
0.00001 0.126368 0.00001 0.873612
0.00001 0.079111 0.00001 0.920869
0.00001 0.165044 0.00001 0.834936
0.00001 0.130877 0.002698 0.866415
0.00001 0.242922 0.00001 0.757058
0.00001 0.034699 0.023595 0.941696
0.00001 0.00001 0.024503 0.975477
0.011 0.081334 0.00001 0.907657
0.003122 0.00001 0.00001 0.996858
0.00001 0.00001 0.00001 0.99997
0.00001 0.00001 0.00001 0.99997
0.00001 0.234583 0.00001 0.765397
0.005853 0.118053 0.00001 0.876084
0.00001 0.142154 0.00001 0.857826
0.00001 0.170361 0.00001 0.829619
0.00001 0.16899 0.004047 0.826953
0.00001 0.026271 0.00001 0.973709
0.00001 0.075988 0.00001 0.923992
0.00001 0.121454 0.00001 0.878526
0.00001 0.019513 0.00001 0.980467
0.00001 0.075498 0.001609 0.922882
0.00001 0.072451 0.00001 0.927529
0.00001 0.119997 0.00001 0.879983
0.00001 0.141313 0.00001 0.858667
0.00001 0.04443 0.00001 0.95555
0.00001 0.000017 0.00001 0.999963
0.000017 0.025831 0.00001 0.974142
0.00001 0.136195 0.00001 0.863785
0.00001 0.212497 0.00001 0.787483
0.00001 0.15327 0.00001 0.84671
0.00001 0.149722 0.00001 0.850258
0.00001 0.135182 0.00001 0.864798
0.00001 0.175205 0.00001 0.824775
0.00001 0.161485 0.00001 0.838495
0.00001 0.05902 0.00001 0.94096
0.00001 0.176026 0.00001 0.823954
0.00001 0.181993 0.00001 0.817987
0.00001 0.301724 0.00001 0.698256
0.00001 0.315007 0.00001 0.684973
0.00001 0.298454 0.00001 0.701526
0.00001 0.251531 0.00001 0.748449
0.00001 0.132366 0.00001 0.867614
0.00001 0.198126 0.00001 0.801854
0.00001 0.325986 0.00001 0.673994
0.00001 0.3039 0.00001 0.69608
0.00001 0.318633 0.00001 0.681347
0.00001 0.00001 0.00001 0.99997
0.00001 0.00001 0.00001 0.99997
0.00001 0.154239 0.00001 0.845741
0.00001 0.199341 0.00001 0.800639
0.00001 0.00001 0.00001 0.99997
0.011438 0.122375 0.00001 0.866176
0.00001 0.716814 0.00001 0.283166
0.00001 0.466692 0.00001 0.533288
0.00001 0.468625 0.00001 0.531355
0.00001 0.702676 0.00001 0.297304
0.00001 0.666093 0.00001 0.333887
0.00001 0.428723 0.00001 0.571257
0.00001 0.499387 0.00001 0.500593
0.00001 0.635586 0.00001 0.364394
0.00001 0.767643 0.00001 0.232337
0.00001 0.300498 0.00001 0.699482
0.00001 0.420566 0.00001 0.579414
0.00001 0.641349 0.00001 0.358631
0.00001 0.652377 0.00001 0.347603
0.00001 0.318077 0.00001 0.681903
0.00001 0.566117 0.00001 0.433863
0.00001 0.548443 0.00001 0.451537
0.00001 0.636064 0.00001 0.363916
0.00001 0.639717 0.00001 0.360263
0.00001 0.64563 0.00001 0.35435
0.00001 0.475567 0.00001 0.524413
0.00001 0.312561 0.00001 0.687419
0.00001 0.693192 0.00001 0.306788
0.00001 0.710532 0.00001 0.289448
0.00001 0.708882 0.00001 0.291098
0.00001 0.391344 0.00001 0.608636
0.00001 0.58341 0.00001 0.41657
0.00001 0.479103 0.00001 0.520877
0.00001 0.519789 0.00001 0.480191
0.00001 0.99997 0.00001 0.00001
0.00001 0.969311 0.00001 0.030669
0.00001 0.99997 0.00001 0.00001
0.00001 0.99997 0.00001 0.00001
0.00001 0.99997 0.00001 0.00001
0.00001 0.99997 0.00001 0.00001
0.00001 0.972164 0.00001 0.027816
0.00001 0.942722 0.00001 0.057258
0.00001 0.99997 0.00001 0.00001
0.00001 0.99997 0.00001 0.00001
0.00001 0.99997 0.00001 0.00001
0.00001 0.99997 0.00001 0.00001
0.00001 0.99997 0.00001 0.00001
0.00001 0.99997 0.00001 0.00001
0.00001 0.99997 0.00001 0.00001
0.00001 0.99997 0.00001 0.00001
0.00001 0.938676 0.00001 0.061304
0.00001 0.948618 0.00001 0.051362
0.00001 0.99997 0.00001 0.00001
0.00001 0.99997 0.00001 0.00001
0.00001 0.99997 0.00001 0.00001
0.00001 0.99997 0.00001 0.00001
0.00001 0.892137 0.00001 0.107843
0.00001 0.99997 0.00001 0.00001
0.00001 0.99997 0.00001 0.00001
0.00001 0.80407 0.00001 0.19591
0.00001 0.718636 0.00001 0.281344
0.00001 0.85041 0.00001 0.14957
0.00001 0.943708 0.00001 0.056272
0.00001 0.768133 0.00001 0.231847
0.00001 0.730115 0.00001 0.269865
0.00001 0.856298 0.00001 0.143682
0.00001 0.743782 0.00001 0.256198
0.00001 0.951523 0.00001 0.048457
0.00001 0.817743 0.00001 0.182237
0.00001 0.814483 0.00001 0.185497
0.00001 0.835785 0.00001 0.164195
0.00001 0.919451 0.00001 0.080529
0.00001 0.829821 0.00001 0.170159
0.00001 0.795366 0.00001 0.204614
0.00001 0.778246 0.00001 0.221734
0.00001 0.832633 0.00001 0.167347
0.00001 0.801002 0.00001 0.198978
0.00001 0.858243 0.00001 0.141737
0.00001 0.742287 0.00001 0.257693
0.00001 0.825334 0.00001 0.174646
0.00001 0.843071 0.00001 0.156909
0.00001 0.804152 0.00001 0.195828
0.00001 0.943369 0.00001 0.056611
0.00001 0.817794 0.00001 0.182186
0.00001 0.798716 0.00001 0.201264
0.00001 0.77571 0.00001 0.22427
0.00001 0.862313 0.00001 0.137667
0.00001 0.901715 0.00001 0.098265
0.00001 0.932173 0.00001 0.067807
0.00001 0.81061 0.00001 0.18937
0.00001 0.826332 0.00001 0.173648
0.00001 0.845898 0.00001 0.154082
0.00001 0.9678 0.00001 0.03218
0.00001 0.831903 0.00001 0.168077
0.00001 0.99997 0.00001 0.00001
0.00001 0.889463 0.00001 0.110517
0.00001 0.99997 0.00001 0.00001
0.00001 0.991617 0.00001 0.008363
0.00001 0.894848 0.00001 0.105132
0.00001 0.950579 0.00001 0.049401
0.00001 0.837934 0.00001 0.162046
0.00001 0.804751 0.00001 0.195229
0.00001 0.961721 0.00001 0.038259
0.00001 0.904823 0.00001 0.095157
0.00001 0.867051 0.00001 0.132929
0.00001 0.963515 0.00001 0.036465
0.00001 0.868517 0.00001 0.131463
0.00001 0.828867 0.00001 0.171113
0.00001 0.873109 0.00001 0.126871
0.00001 0.89729 0.00001 0.10269
0.00001 0.867425 0.00001 0.132555
0.00001 0.941514 0.00001 0.058466
0.00001 0.866127 0.00001 0.133853
0.00001 0.778427 0.00001 0.221553
0.00001 0.99997 0.00001 0.00001
0.00001 0.760996 0.00001 0.238984
0.00001 0.924899 0.00001 0.075081
0.00001 0.865036 0.00001 0.134944
0.00001 0.827474 0.00001 0.172506
0.00001 0.868813 0.00001 0.131167
0.00001 0.826832 0.00001 0.173148
0.00001 0.793529 0.00001 0.206451
0.00001 0.804019 0.00001 0.195961
