0.00001 0.00001 0.99996 0.00001 0.00001
0.00001 0.00001 0.99996 0.00001 0.00001
0.00001 0.00001 0.99996 0.00001 0.00001
0.00001 0.00001 0.99996 0.00001 0.00001
0.00001 0.00001 0.99996 0.00001 0.00001
0.00001 0.00001 0.99996 0.00001 0.00001
0.311649 0.00001 0.688321 0.00001 0.00001
0.00001 0.00001 0.99996 0.00001 0.00001
0.00001 0.00001 0.99996 0.00001 0.00001
0.00001 0.00001 0.99996 0.00001 0.00001
0.00001 0.00001 0.99996 0.00001 0.00001
0.00001 0.00001 0.99996 0.00001 0.00001
0.00001 0.00001 0.99996 0.00001 0.00001
0.460618 0.00001 0.509787 0.029575 0.00001
0.00001 0.00001 0.99996 0.00001 0.00001
0.00001 0.00001 0.99996 0.00001 0.00001
0.00001 0.00001 0.99996 0.00001 0.00001
0.00001 0.00001 0.99996 0.00001 0.00001
0.00001 0.00001 0.99996 0.00001 0.00001
0.432892 0.00001 0.567078 0.00001 0.00001
0.00001 0.00001 0.99996 0.00001 0.00001
0.48278 0.00001 0.51719 0.00001 0.00001
0.999951 0.00001 0.000019 0.00001 0.00001
0.973728 0.026242 0.00001 0.00001 0.00001
0.704586 0.00001 0.295384 0.00001 0.00001
0.78976 0.00001 0.21021 0.00001 0.00001
0.750953 0.00001 0.221845 0.027182 0.00001
0.746326 0.00001 0.253644 0.00001 0.00001
0.734369 0.00001 0.264429 0.001182 0.00001
0.615622 0.00001 0.384348 0.00001 0.00001
0.703566 0.00001 0.296404 0.00001 0.00001
0.701395 0.00001 0.295255 0.00333 0.00001
0.633206 0.00001 0.343653 0.023121 0.00001
0.762499 0.00001 0.237471 0.00001 0.00001
0.902446 0.00001 0.097524 0.00001 0.00001
0.99996 0.00001 0.00001 0.00001 0.00001
0.795714 0.00001 0.204256 0.00001 0.00001
0.732004 0.00001 0.267966 0.00001 0.00001
0.654498 0.00001 0.345472 0.00001 0.00001
0.877305 0.00001 0.122665 0.00001 0.00001
0.866862 0.00001 0.133108 0.00001 0.00001
0.99996 0.00001 0.00001 0.00001 0.00001
0.772833 0.02033 0.206817 0.00001 0.00001
0.694388 0.00001 0.255965 0.049627 0.00001
0.675752 0.00001 0.324218 0.00001 0.00001
0.778825 0.00001 0.221145 0.00001 0.00001
0.882717 0.00001 0.117253 0.00001 0.00001
0.699763 0.00001 0.300207 0.00001 0.00001
0.799004 0.00001 0.200966 0.00001 0.00001
0.623332 0.015665 0.360983 0.00001 0.00001
0.662744 0.00001 0.337226 0.00001 0.00001
0.747632 0.00001 0.244433 0.007915 0.00001
0.99996 0.00001 0.00001 0.00001 0.00001
0.860083 0.00001 0.139887 0.00001 0.00001
0.99066 0.00001 0.00001 0.00931 0.00001
0.803446 0.00001 0.196524 0.00001 0.00001
0.597452 0.01679 0.385739 0.00001 0.00001
0.903298 0.000445 0.096236 0.00001 0.00001
0.736325 0.00001 0.263645 0.00001 0.00001
0.690106 0.00001 0.282751 0.027123 0.00001
0.999955 0.00001 0.00001 0.000015 0.00001
0.752977 0.00001 0.246993 0.00001 0.00001
0.763237 0.00001 0.236733 0.00001 0.00001
0.684487 0.014262 0.301232 0.00001 0.00001
0.511746 0.00001 0.488224 0.00001 0.00001
0.741757 0.00001 0.258213 0.00001 0.00001
0.826648 0.00001 0.173322 0.00001 0.00001
0.719082 0.00001 0.280888 0.00001 0.00001
0.733844 0.00001 0.258428 0.007708 0.00001
0.779574 0.00001 0.220396 0.00001 0.00001
0.687615 0.00001 0.312355 0.00001 0.00001
0.706633 0.006428 0.286919 0.00001 0.00001
0.797583 0.00001 0.202387 0.00001 0.00001
0.74168 0.00001 0.25829 0.00001 0.00001
0.663437 0.00001 0.336533 0.00001 0.00001
0.69056 0.00001 0.300198 0.009223 0.00001
0.757271 0.00001 0.242699 0.00001 0.00001
0.639151 0.00001 0.360819 0.00001 0.00001
0.696951 0.009506 0.293523 0.00001 0.00001
0.751821 0.00001 0.248149 0.00001 0.00001
0.582686 0.07781 0.339484 0.00001 0.00001
0.788345 0.00001 0.211625 0.00001 0.00001
0.99996 0.00001 0.00001 0.00001 0.00001
0.61526 0.00001 0.38471 0.00001 0.00001
0.801818 0.00001 0.198152 0.00001 0.00001
0.718042 0.00592 0.276018 0.00001 0.00001
0.840398 0.00001 0.159572 0.00001 0.00001
0.834183 0.00001 0.165787 0.00001 0.00001
0.710392 0.005756 0.283832 0.00001 0.00001
0.616001 0.00001 0.382046 0.001933 0.00001
0.777434 0.00001 0.222536 0.00001 0.00001
0.767975 0.013375 0.21863 0.00001 0.00001
0.577668 0.00001 0.420146 0.00001 0.002166
0.99996 0.00001 0.00001 0.00001 0.00001
0.609753 0.00001 0.390217 0.00001 0.00001
0.99996 0.00001 0.00001 0.00001 0.00001
0.830737 0.00001 0.167063 0.00218 0.00001
0.850523 0.00001 0.149447 0.00001 0.00001
0.654931 0.00001 0.345039 0.00001 0.00001
0.99996 0.00001 0.00001 0.00001 0.00001
0.715005 0.00001 0.284965 0.00001 0.00001
0.679093 0.00001 0.320877 0.00001 0.00001
0.843223 0.00001 0.156747 0.00001 0.00001
0.715857 0.00001 0.282073 0.00205 0.00001
0.795792 0.00001 0.198149 0.006039 0.00001
0.902973 0.00001 0.096997 0.00001 0.00001
0.815497 0.00001 0.183002 0.001482 0.00001
0.684121 0.00001 0.314046 0.001814 0.00001
0.697758 0.00001 0.298131 0.004092 0.00001
0.99996 0.00001 0.00001 0.00001 0.00001
0.99996 0.00001 0.00001 0.00001 0.00001
0.807154 0.00001 0.192816 0.00001 0.00001
0.671471 0.00001 0.328499 0.00001 0.00001
0.754499 0.00001 0.245471 0.00001 0.00001
0.734576 0.00001 0.265394 0.00001 0.00001
0.901878 0.00001 0.098092 0.00001 0.00001
0.763642 0.00001 0.236328 0.00001 0.00001
0.766841 0.00001 0.233129 0.00001 0.00001
0.607291 0.00001 0.392679 0.00001 0.00001
0.642189 0.00001 0.351761 0.00603 0.00001
0.660848 0.00001 0.339122 0.00001 0.00001
0.861173 0.00001 0.138797 0.00001 0.00001
0.785424 0.00001 0.214546 0.00001 0.00001
0.784284 0.00001 0.215686 0.00001 0.00001
0.732929 0.00001 0.267041 0.00001 0.00001
0.968013 0.00001 0.026102 0.005865 0.00001
0.99996 0.00001 0.00001 0.00001 0.00001
0.867652 0.00001 0.132318 0.00001 0.00001
0.99758 0.00239 0.00001 0.00001 0.00001
0.779239 0.00001 0.220731 0.00001 0.00001
0.747939 0.00001 0.220756 0.031285 0.00001
0.348361 0.471388 0.156436 0.00001 0.023805
0.342784 0.444873 0.18236 0.00001 0.029973
0.54649 0.25894 0.064313 0.00001 0.130247
0.624569 0.181389 0.132478 0.00001 0.061554
0.720156 0.00001 0.049077 0.230746 0.00001
0.600169 0.00001 0.157988 0.241823 0.00001
0.16235 0.319369 0.03734 0.284811 0.196129
0.329476 0.48637 0.134576 0.005038 0.04454
0.184743 0.544206 0.162158 0.00001 0.108884
0.554889 0.00001 0.166678 0.278412 0.00001
0.631314 0.089818 0.168856 0.110002 0.00001
0.096181 0.644698 0.00001 0.00001 0.259101
0.181807 0.584661 0.120082 0.086242 0.027208
0.11656 0.379045 0.102829 0.176128 0.225438
0.129476 0.701537 0.06854 0.00001 0.100437
0.658551 0.00001 0.085995 0.255434 0.00001
0.563905 0.084678 0.21062 0.102045 0.038752
0.546201 0.186602 0.100328 0.09562 0.071249
0.505111 0.215726 0.22062 0.058532 0.00001
0.591402 0.095271 0.188185 0.125131 0.00001
0.620954 0.194316 0.18471 0.00001 0.00001
0.560186 0.00001 0.325918 0.113876 0.00001
0.635964 0.075456 0.00001 0.179109 0.10946
0.591814 0.128609 0.108887 0.165699 0.00499
0.617687 0.25775 0.024446 0.100108 0.00001
0.472154 0.00001 0.256569 0.179335 0.091932
0.65886 0.00001 0.172711 0.168408 0.00001
0.53004 0.00001 0.236885 0.233054 0.00001
0.616845 0.160571 0.197549 0.025025 0.00001
0.599175 0.00001 0.19839 0.202415 0.00001
0.504447 0.262239 0.176161 0.00001 0.057144
0.651612 0.001097 0.177441 0.114246 0.055604
0.630292 0.00001 0.17218 0.197508 0.00001
0.591405 0.049992 0.189562 0.040736 0.128305
0.552273 0.047517 0.234545 0.114793 0.050873
0.558646 0.099366 0.185518 0.153804 0.002666
0.514871 0.00001 0.280853 0.204256 0.00001
0.680784 0.00001 0.118883 0.200312 0.00001
0.579954 0.00001 0.202405 0.217621 0.00001
0.677067 0.167732 0.115088 0.00001 0.040104
0.472485 0.271864 0.071191 0.184449 0.00001
0.602192 0.00001 0.130498 0.261558 0.005741
0.607115 0.126478 0.217697 0.00001 0.0487
0.636693 0.00001 0.280474 0.00001 0.082812
0.00001 0.968898 0.00001 0.00001 0.031072
0.001339 0.352135 0.00001 0.560299 0.086217
0.00001 0.663909 0.00001 0.291854 0.044217
0.00001 0.738048 0.00001 0.261922 0.00001
0.00001 0.908774 0.00001 0.00001 0.091196
0.00001 0.670489 0.00001 0.226092 0.103399
0.00001 0.593603 0.00001 0.372976 0.033402
0.00001 0.541365 0.00001 0.408459 0.050157
0.00001 0.621641 0.00001 0.246739 0.1316
0.00001 0.334098 0.00001 0.529527 0.136355
0.00001 0.660294 0.00001 0.339676 0.00001
0.00001 0.993685 0.00001 0.00001 0.006285
0.00001 0.644516 0.00001 0.288791 0.066673
0.00001 0.769312 0.00001 0.184729 0.045939
0.00001 0.532219 0.00001 0.467751 0.00001
0.00001 0.611128 0.00001 0.376639 0.012212
0.00001 0.940106 0.00001 0.00001 0.059864
0.00001 0.660694 0.00001 0.296139 0.043147
0.00001 0.53216 0.021038 0.346805 0.099986
0.00001 0.858102 0.00001 0.00001 0.141868
0.00001 0.679686 0.00001 0.291011 0.029283
0.00001 0.516825 0.00001 0.470826 0.012328
0.00001 0.3609 0.00001 0.527049 0.112032
0.00001 0.384161 0.00001 0.454727 0.161092
0.00001 0.685876 0.00001 0.23814 0.075964
0.00001 0.710859 0.00001 0.200695 0.088426
0.00001 0.617724 0.00001 0.275032 0.107223
0.00001 0.809047 0.00001 0.00001 0.190923
0.00001 0.646005 0.00001 0.283525 0.07045
0.00001 0.508667 0.00001 0.388704 0.102608
0.00001 0.716159 0.00001 0.219151 0.06467
0.00001 0.00001 0.00001 0.99996 0.00001
0.00001 0.635211 0.00001 0.31454 0.050229
0.00001 0.615282 0.00001 0.24277 0.141928
0.00001 0.00001 0.00001 0.99996 0.00001
0.00001 0.543504 0.00001 0.337119 0.119357
0.00001 0.618413 0.00001 0.381557 0.00001
0.00001 0.626807 0.00001 0.373163 0.00001
0.00001 0.571717 0.00001 0.428253 0.00001
0.00001 0.960193 0.00001 0.00001 0.039777
0.00001 0.501824 0.00001 0.359941 0.138215
0.00001 0.397194 0.00001 0.530596 0.07219
0.026434 0.973536 0.00001 0.00001 0.00001
0.005967 0.994003 0.00001 0.00001 0.00001
0.00001 0.481672 0.00001 0.2851 0.233208
0.00001 0.619904 0.00001 0.368458 0.011617
0.008332 0.568557 0.00001 0.269756 0.153344
0.032008 0.507751 0.00001 0.460221 0.00001
0.00001 0.671858 0.00001 0.182111 0.146011
0.00001 0.53548 0.00001 0.265445 0.199055
0.00001 0.00001 0.00001 0.99996 0.00001
0.00001 0.649717 0.00001 0.247884 0.102378
0.00001 0.521996 0.00001 0.477974 0.00001
0.00001 0.580494 0.00001 0.401609 0.017878
0.00001 0.00001 0.00001 0.99996 0.00001
0.00001 0.547817 0.00001 0.392641 0.059523
0.00001 0.582654 0.00001 0.399472 0.017854
0.00001 0.00001 0.00001 0.99996 0.00001
0.00001 0.651183 0.00001 0.270302 0.078495
0.00001 0.498145 0.00001 0.336409 0.165426
0.022011 0.641025 0.00001 0.336944 0.00001
0.009257 0.990713 0.00001 0.00001 0.00001
0.00001 0.625283 0.006608 0.3533 0.014799
0.00001 0.805247 0.00001 0.194723 0.00001
0.00001 0.713544 0.00001 0.286426 0.00001
0.00001 0.490205 0.00001 0.509765 0.00001
0.00001 0.602926 0.00001 0.217685 0.179369
0.00001 0.452423 0.000931 0.546626 0.00001
0.00001 0.908627 0.00001 0.00001 0.091343
0.00001 0.602446 0.00001 0.270284 0.12725
0.000011 0.606472 0.00001 0.291876 0.10163
0.00001 0.516704 0.00001 0.483266 0.00001
0.00001 0.755534 0.00001 0.199761 0.044685
0.00001 0.939812 0.00001 0.00001 0.060158
0.000013 0.612765 0.00001 0.387201 0.00001
0.00001 0.694797 0.00001 0.274928 0.030255
0.00001 0.677913 0.00001 0.301699 0.020368
0.00001 0.936118 0.00001 0.00001 0.063852
0.00001 0.580757 0.00001 0.346388 0.072835
0.00001 0.680083 0.00001 0.319887 0.00001
0.00001 0.562674 0.00001 0.437296 0.00001
0.00001 0.656936 0.00001 0.343034 0.00001
0.00001 0.526417 0.00001 0.404666 0.068897
0.00001 0.617818 0.00001 0.225629 0.156533
0.00001 0.696965 0.00001 0.200829 0.102187
0.00001 0.568943 0.00001 0.342443 0.088594
0.00001 0.586236 0.00001 0.329743 0.084
0.00001 0.61262 0.00001 0.258154 0.129206
0.00001 0.642878 0.00001 0.262265 0.094837
0.00001 0.753844 0.00001 0.228167 0.017969
0.00001 0.00001 0.00001 0.99996 0.00001
0.00001 0.475755 0.00001 0.425925 0.0983
0.00001 0.516449 0.00001 0.253797 0.229734
0.00001 0.49569 0.00001 0.288621 0.215669
0.00001 0.470465 0.00001 0.300133 0.229383
0.00001 0.72045 0.00001 0.073389 0.206142
0.00001 0.481479 0.00001 0.461459 0.057042
0.00001 0.568069 0.00001 0.301279 0.130632
0.00001 0.340821 0.00001 0.426044 0.233115
0.00001 0.00001 0.00001 0.99996 0.00001
0.00001 0.718238 0.00001 0.00001 0.281732
0.00001 0.806155 0.00001 0.193815 0.00001
0.000018 0.596951 0.00001 0.403011 0.00001
0.00001 0.877939 0.00001 0.00001 0.122031
0.00001 0.563265 0.00001 0.296067 0.140649
0.00001 0.760368 0.00001 0.239602 0.00001
0.00001 0.758115 0.001136 0.186368 0.054371
0.00001 0.00001 0.00001 0.449237 0.550733
0.00001 0.00001 0.00001 0.67855 0.32142
0.00001 0.298304 0.00001 0.346083 0.355592
0.00001 0.222179 0.00001 0.212408 0.565393
0.00001 0.142873 0.00001 0.323763 0.533344
0.00001 0.307684 0.00001 0.367544 0.324752
0.00001 0.028987 0.00001 0.607593 0.363401
0.00001 0.20661 0.00001 0.256709 0.536661
0.00001 0.015754 0.00001 0.368415 0.615811
0.00001 0.319781 0.00001 0.4933 0.186899
0.00001 0.249088 0.00001 0.438188 0.312704
0.00001 0.000538 0.00001 0.51564 0.483801
0.00001 0.119454 0.00001 0.361695 0.51883
0.00001 0.475622 0.00001 0.291537 0.232821
0.00001 0.211575 0.00001 0.307652 0.480753
0.00001 0.350295 0.00001 0.209433 0.440252
0.00001 0.227452 0.00001 0.259776 0.512751
0.00001 0.181946 0.00001 0.313145 0.504888
0.00001 0.412856 0.00001 0.00001 0.587114
0.00001 0.441775 0.00001 0.178012 0.380193
0.00001 0.467266 0.00001 0.316998 0.215716
0.00001 0.156271 0.00001 0.294862 0.548847
0.00001 0.00001 0.00001 0.416776 0.583194
0.00001 0.00001 0.00001 0.477013 0.522957
0.00001 0.418723 0.00001 0.278337 0.30292
0.00001 0.22044 0.00001 0.305381 0.474159
0.00001 0.219547 0.00001 0.410415 0.370018
0.00001 0.423577 0.00001 0.166927 0.409476
0.00001 0.00001 0.00001 0.157033 0.842937
0.00001 0.144499 0.00001 0.00001 0.855471
0.00001 0.059401 0.00001 0.00001 0.940569
0.00001 0.04452 0.00001 0.00001 0.95545
0.00001 0.061574 0.00001 0.00001 0.938396
0.00001 0.00001 0.00001 0.213685 0.786285
0.00001 0.024896 0.00001 0.163046 0.812038
0.00001 0.00001 0.00001 0.244824 0.755146
0.00001 0.019533 0.00001 0.00001 0.980437
0.00001 0.00001 0.00001 0.00001 0.99996
0.00001 0.060154 0.00001 0.00001 0.939816
0.00001 0.00001 0.00001 0.115969 0.884001
0.00001 0.00001 0.00001 0.190112 0.809858
0.00001 0.00001 0.00001 0.00001 0.99996
0.00001 0.00001 0.00001 0.00001 0.99996
0.00001 0.00001 0.00001 0.00001 0.99996
0.00001 0.164101 0.00001 0.00001 0.835869
0.00001 0.161163 0.00001 0.00001 0.838807
0.00001 0.00001 0.00001 0.00001 0.99996
0.00001 0.00001 0.00001 0.00001 0.99996
0.00001 0.00001 0.00001 0.00001 0.99996
0.00001 0.00001 0.00001 0.00001 0.99996
0.00001 0.00001 0.00001 0.320364 0.679606
0.00001 0.00001 0.00001 0.00001 0.99996
0.00001 0.00001 0.00001 0.00001 0.99996
0.00001 0.058836 0.00001 0.266242 0.674902
0.00001 0.387913 0.00001 0.00001 0.612057
0.00001 0.00001 0.00001 0.318482 0.681488
0.00001 0.00001 0.00001 0.263132 0.736838
0.00001 0.00001 0.00001 0.364746 0.635224
0.00001 0.00001 0.00001 0.469307 0.530663
0.00001 0.023284 0.00001 0.257121 0.719574
0.00001 0.00001 0.00001 0.396582 0.603388
0.00001 0.062992 0.00001 0.152729 0.784258
0.00001 0.008391 0.00001 0.299113 0.692476
0.00001 0.00001 0.00001 0.431439 0.568531
0.00001 0.145812 0.00001 0.180065 0.674103
0.00001 0.00001 0.00001 0.273409 0.726561
0.00001 0.107089 0.00001 0.210638 0.682252
0.00001 0.002354 0.00001 0.335027 0.662599
0.00001 0.00001 0.00001 0.395601 0.604369
0.00001 0.00001 0.00001 0.336185 0.663785
0.00001 0.00001 0.00001 0.381019 0.618951
0.00001 0.00001 0.00001 0.327179 0.672791
0.00001 0.12953 0.00001 0.253017 0.617433
0.00001 0.293278 0.00001 0.00001 0.706692
0.00001 0.00001 0.00001 0.433289 0.566681
0.00001 0.038423 0.00001 0.302684 0.658874
0.00001 0.00001 0.00001 0.312808 0.687162
0.00001 0.00001 0.00001 0.342558 0.657412
0.00001 0.00001 0.00001 0.383055 0.616915
0.00001 0.00001 0.00001 0.466288 0.533682
0.00001 0.229701 0.00001 0.00001 0.770269
0.00001 0.00001 0.00001 0.292737 0.707233
0.00001 0.00001 0.00001 0.30027 0.6997
0.00001 0.00001 0.00001 0.352946 0.647024
0.00001 0.00001 0.00001 0.368579 0.631391
0.00001 0.056502 0.00001 0.268986 0.674493
0.00001 0.00001 0.00001 0.215532 0.784438
0.00001 0.133701 0.00001 0.180316 0.685963
0.00001 0.00001 0.00001 0.00001 0.99996
0.00001 0.00001 0.00001 0.272405 0.727565
0.00001 0.00001 0.00001 0.00001 0.99996
0.00001 0.00001 0.00001 0.322223 0.677747
0.00001 0.00001 0.00001 0.363916 0.636054
0.00001 0.00001 0.00001 0.2313 0.76867
0.00001 0.00001 0.00001 0.363018 0.636952
0.00001 0.00001 0.00001 0.375481 0.624489
0.00001 0.00001 0.00001 0.303276 0.696694
0.00001 0.00001 0.00001 0.253663 0.746307
0.00001 0.00001 0.00001 0.400453 0.599517
0.00001 0.00001 0.00001 0.314346 0.685624
0.00001 0.00001 0.00001 0.296067 0.703903
0.00001 0.00001 0.00001 0.407378 0.592592
0.00001 0.00001 0.00001 0.343248 0.656722
0.00001 0.00001 0.00001 0.269307 0.730663
0.00001 0.00001 0.00001 0.291796 0.708174
0.00001 0.000019 0.00001 0.265426 0.734535
0.00001 0.00001 0.00001 0.364418 0.635552
0.00001 0.00001 0.00001 0.367237 0.632733
0.00001 0.00001 0.00001 0.309716 0.690254
0.00001 0.129967 0.00001 0.252718 0.617295
0.00001 0.061605 0.00001 0.156487 0.781888
0.00001 0.00001 0.00001 0.302013 0.697957
0.00001 0.00001 0.00001 0.44918 0.55079
0.00001 0.00001 0.00001 0.298538 0.701432
0.00001 0.00001 0.00001 0.338429 0.661541
0.00001 0.00001 0.00001 0.385385 0.614585
0.00001 0.092427 0.00001 0.245471 0.662081
