0.00001 0.99997 0.00001 0.00001
0.00001 0.99997 0.00001 0.00001
0.00001 0.99997 0.00001 0.00001
0.00001 0.99997 0.00001 0.00001
0.00001 0.99997 0.00001 0.00001
0.00001 0.99997 0.00001 0.00001
0.00001 0.661297 0.338683 0.00001
0.00001 0.677768 0.322212 0.00001
0.00001 0.99997 0.00001 0.00001
0.00001 0.99997 0.00001 0.00001
0.00001 0.99997 0.00001 0.00001
0.00001 0.99997 0.00001 0.00001
0.00001 0.99997 0.00001 0.00001
0.027181 0.497322 0.475488 0.00001
0.00001 0.99997 0.00001 0.00001
0.00001 0.99997 0.00001 0.00001
0.00001 0.99997 0.00001 0.00001
0.00001 0.99997 0.00001 0.00001
0.00001 0.99997 0.00001 0.00001
0.00001 0.546907 0.453073 0.00001
0.00001 0.99997 0.00001 0.00001
0.00001 0.517592 0.482388 0.00001
0.00001 0.00001 0.99997 0.00001
0.023616 0.00001 0.976364 0.00001
0.00001 0.288905 0.711075 0.00001
0.00001 0.207552 0.792428 0.00001
0.025657 0.218464 0.755869 0.00001
0.00001 0.251625 0.748355 0.00001
0.00001 0.24495 0.75503 0.00001
0.00001 0.375406 0.624574 0.00001
0.00001 0.288596 0.711384 0.00001
0.00001 0.289275 0.709241 0.001474
0.022385 0.328565 0.649039 0.00001
0.00001 0.221501 0.778479 0.00001
0.00001 0.096733 0.903247 0.00001
0.00001 0.00001 0.99997 0.00001
0.00001 0.192972 0.807008 0.00001
0.00001 0.271491 0.728489 0.00001
0.00001 0.315727 0.684253 0.00001
0.00001 0.11721 0.88277 0.00001
0.00001 0.133311 0.866669 0.00001
0.000017 0.00001 0.999963 0.00001
0.016932 0.205186 0.777871 0.00001
0.048342 0.244633 0.707015 0.00001
0.00001 0.324269 0.675711 0.00001
0.00001 0.221289 0.778691 0.00001
0.00001 0.124824 0.875156 0.00001
0.00001 0.290377 0.709603 0.00001
0.00001 0.196184 0.803796 0.00001
0.014866 0.356503 0.62862 0.00001
0.00001 0.320496 0.679484 0.00001
0.004895 0.237935 0.75716 0.00001
0.00001 0.00001 0.99997 0.00001
0.00001 0.146879 0.853101 0.00001
0.008299 0.00001 0.991681 0.00001
0.00001 0.194079 0.805901 0.00001
0.015786 0.391956 0.592248 0.00001
0.00001 0.061191 0.938789 0.00001
0.00001 0.255249 0.744731 0.00001
0.024393 0.272024 0.703573 0.00001
0.00001 0.00001 0.99997 0.00001
0.00001 0.244935 0.755045 0.00001
0.00001 0.22754 0.77244 0.00001
0.01043 0.290874 0.698686 0.00001
0.00001 0.483 0.51698 0.00001
0.00001 0.248904 0.751076 0.00001
0.00001 0.171696 0.828284 0.00001
0.00001 0.259695 0.740285 0.00001
0.00001 0.254304 0.74167 0.004016
0.00001 0.19799 0.80199 0.00001
0.00001 0.304748 0.695232 0.00001
0.005828 0.277654 0.716508 0.00001
0.000015 0.199597 0.800378 0.00001
0.00001 0.254812 0.745168 0.00001
0.00001 0.338428 0.661552 0.00001
0.004091 0.296488 0.699411 0.00001
0.00001 0.234989 0.764991 0.00001
0.00001 0.360676 0.639304 0.00001
0.007936 0.280714 0.711339 0.00001
0.00001 0.242718 0.757262 0.00001
0.077201 0.326837 0.595952 0.00001
0.00001 0.208326 0.791654 0.00001
0.00001 0.013926 0.986054 0.00001
0.00001 0.375723 0.624257 0.00001
0.00001 0.192102 0.807878 0.00001
0.003375 0.27701 0.719605 0.00001
0.00001 0.154201 0.845779 0.00001
0.000014 0.148933 0.851043 0.00001
0.002563 0.280581 0.716846 0.00001
0.00001 0.378368 0.621612 0.00001
0.00001 0.218434 0.781546 0.00001
0.012647 0.211451 0.775892 0.00001
0.00001 0.40859 0.589882 0.001518
0.00001 0.00001 0.99997 0.00001
0.00001 0.380847 0.619133 0.00001
0.00001 0.00001 0.99997 0.00001
0.00001 0.165698 0.833732 0.000559
0.00001 0.145301 0.854679 0.00001
0.00001 0.339592 0.660388 0.00001
0.00001 0.00001 0.99997 0.00001
0.00001 0.274435 0.725545 0.00001
0.00001 0.312179 0.687801 0.00001
0.00001 0.150092 0.849888 0.00001
0.00001 0.263212 0.736768 0.00001
0.002234 0.190095 0.807661 0.00001
0.00001 0.105529 0.894451 0.00001
0.00001 0.176783 0.823197 0.00001
0.00001 0.315726 0.684254 0.00001
0.000711 0.290419 0.70886 0.00001
0.00001 0.00001 0.99997 0.00001
0.00001 0.00001 0.99997 0.00001
0.00001 0.189997 0.809983 0.00001
0.000014 0.31227 0.687707 0.00001
0.00001 0.245643 0.754337 0.00001
0.00001 0.256989 0.742991 0.00001
0.000018 0.101371 0.898601 0.00001
0.00001 0.226249 0.773731 0.00001
0.00001 0.226297 0.773683 0.00001
0.00001 0.378239 0.621741 0.00001
0.003672 0.334183 0.662135 0.00001
0.00001 0.330339 0.669641 0.00001
0.00001 0.136592 0.863388 0.00001
0.00001 0.199979 0.800001 0.00001
0.00001 0.209078 0.790902 0.00001
0.00001 0.255758 0.744222 0.00001
0.00001 0.02607 0.970029 0.003892
0.00001 0.00001 0.99997 0.00001
0.00001 0.118496 0.881484 0.00001
0.00001 0.00001 0.99997 0.00001
0.00001 0.216793 0.783187 0.00001
0.028226 0.208074 0.76369 0.00001
0.390798 0.154741 0.355404 0.099058
0.382248 0.165404 0.363093 0.089255
0.249264 0.065942 0.546088 0.138706
0.161542 0.139647 0.619096 0.079715
0.185339 0.061242 0.707626 0.045794
0.196788 0.149454 0.608797 0.044961
0.52571 0.039071 0.161408 0.273811
0.448541 0.12923 0.337384 0.084845
0.478888 0.148168 0.201912 0.171032
0.177655 0.163028 0.557402 0.101914
0.191463 0.165058 0.635383 0.008096
0.573421 0.00001 0.10156 0.325008
0.640449 0.111675 0.19182 0.056056
0.493406 0.103036 0.117243 0.286315
0.668805 0.04852 0.152819 0.129856
0.17624 0.102105 0.642669 0.078986
0.170953 0.207007 0.567664 0.054376
0.237304 0.106583 0.541059 0.115053
0.273692 0.211513 0.514784 0.00001
0.220423 0.194442 0.585125 0.00001
0.193693 0.178846 0.62745 0.00001
0.112494 0.31808 0.569416 0.00001
0.203466 0.00001 0.636466 0.160058
0.260925 0.112867 0.58809 0.038118
0.357148 0.024757 0.618085 0.00001
0.060058 0.247391 0.484978 0.207573
0.118697 0.168978 0.661987 0.050337
0.201951 0.234938 0.530649 0.032461
0.184902 0.191553 0.623536 0.00001
0.107362 0.205917 0.592524 0.094197
0.2495 0.162119 0.519368 0.069012
0.097076 0.16944 0.660157 0.073327
0.131302 0.166276 0.637961 0.064461
0.050433 0.182383 0.599847 0.167337
0.143361 0.232377 0.554968 0.069294
0.216765 0.178966 0.564579 0.039689
0.203716 0.268809 0.527465 0.00001
0.148496 0.110262 0.691113 0.050129
0.219132 0.183998 0.596859 0.00001
0.144982 0.113772 0.680622 0.060624
0.456152 0.078026 0.465812 0.00001
0.197142 0.130305 0.602333 0.07022
0.108121 0.215167 0.610355 0.066358
0.00001 0.273742 0.643512 0.082736
0.869198 0.00001 0.00001 0.130782
0.814662 0.00001 0.004379 0.180949
0.906181 0.00001 0.00001 0.093799
0.99997 0.00001 0.00001 0.00001
0.890902 0.00001 0.00001 0.109078
0.863556 0.00001 0.00001 0.136424
0.905604 0.00001 0.00001 0.094376
0.868762 0.00001 0.00001 0.131218
0.826903 0.00001 0.00001 0.173077
0.755938 0.00001 0.00001 0.244042
0.99997 0.00001 0.00001 0.00001
0.945703 0.00001 0.00001 0.054277
0.885944 0.00001 0.00001 0.114036
0.920254 0.00001 0.00001 0.079726
0.99997 0.00001 0.00001 0.00001
0.959753 0.00001 0.00001 0.040227
0.874773 0.00001 0.00001 0.125207
0.89211 0.00001 0.00001 0.10787
0.78527 0.024038 0.00001 0.190682
0.821136 0.00001 0.00001 0.178844
0.919652 0.00001 0.00001 0.080328
0.912447 0.00001 0.00001 0.087533
0.794654 0.00001 0.00001 0.205326
0.757616 0.00001 0.00001 0.242364
0.874118 0.00001 0.00001 0.125862
0.871471 0.00001 0.00001 0.128509
0.843184 0.00001 0.00001 0.156796
0.773083 0.00001 0.00001 0.226897
0.888205 0.00001 0.00001 0.111775
0.817675 0.00001 0.00001 0.182305
0.912769 0.00001 0.00001 0.087211
0.87541 0.00001 0.005171 0.11941
0.89061 0.00001 0.00001 0.10937
0.812943 0.00001 0.00001 0.187037
0.94176 0.00001 0.00001 0.05822
0.80934 0.00001 0.00001 0.19064
0.975969 0.00001 0.00001 0.024011
0.984536 0.00001 0.00001 0.015444
0.941531 0.00001 0.00001 0.058449
0.897319 0.00001 0.00001 0.102661
0.769519 0.00001 0.00001 0.230461
0.807162 0.00001 0.00001 0.192818
0.959009 0.00001 0.040971 0.00001
0.968605 0.00001 0.031375 0.00001
0.701589 0.00001 0.00001 0.298391
0.918504 0.00001 0.00001 0.081476
0.764614 0.00001 0.01453 0.220845
0.94289 0.028328 0.00001 0.028771
0.77167 0.00001 0.00001 0.22831
0.740839 0.00001 0.00001 0.259141
0.868963 0.000017 0.00001 0.13101
0.860785 0.00001 0.00001 0.139195
0.957391 0.00001 0.00001 0.042589
0.922735 0.00001 0.00001 0.077245
0.905681 0.00001 0.00001 0.094299
0.872905 0.00001 0.00001 0.127075
0.92089 0.00001 0.00001 0.07909
0.834857 0.00001 0.00001 0.165123
0.866153 0.00001 0.002897 0.13094
0.756955 0.00001 0.00001 0.243025
0.94285 0.00001 0.023239 0.033901
0.975325 0.00001 0.024655 0.00001
0.911591 0.009468 0.00001 0.07893
0.996922 0.003058 0.00001 0.00001
0.99997 0.00001 0.00001 0.00001
0.99997 0.00001 0.00001 0.00001
0.765859 0.00001 0.00001 0.234121
0.875687 0.006173 0.00001 0.11813
0.858099 0.00001 0.00001 0.141881
0.829873 0.00001 0.00001 0.170107
0.828017 0.00001 0.003648 0.168325
0.974334 0.00001 0.00001 0.025646
0.924206 0.00001 0.00001 0.075774
0.87842 0.00001 0.00001 0.12156
0.980789 0.00001 0.00001 0.019191
0.921404 0.00001 0.002223 0.076364
0.92818 0.00001 0.00001 0.0718
0.880675 0.00001 0.00001 0.119305
0.85853 0.00001 0.00001 0.14145
0.956084 0.00001 0.00001 0.043896
0.99997 0.00001 0.00001 0.00001
0.974225 0.00001 0.00001 0.025755
0.863891 0.00001 0.00001 0.136089
0.787861 0.00001 0.00001 0.212119
0.846815 0.00001 0.00001 0.153165
0.851285 0.000016 0.00001 0.148689
0.865135 0.00001 0.00001 0.134845
0.824378 0.00001 0.00001 0.175602
0.839065 0.00001 0.00001 0.160915
0.941394 0.00001 0.00001 0.058586
0.824198 0.00001 0.00001 0.175782
0.818536 0.00001 0.00001 0.181444
0.698272 0.00001 0.00001 0.301708
0.685094 0.00001 0.00001 0.314886
0.701554 0.00001 0.00001 0.298426
0.748531 0.00001 0.00001 0.251449
0.86773 0.00001 0.00001 0.13225
0.802157 0.00001 0.00001 0.197823
0.67422 0.00001 0.00001 0.32576
0.696197 0.00001 0.00001 0.303783
0.68129 0.00001 0.00001 0.31869
0.99997 0.00001 0.00001 0.00001
0.99997 0.00001 0.00001 0.00001
0.846168 0.00001 0.00001 0.153812
0.800817 0.00001 0.00001 0.199163
0.99997 0.00001 0.00001 0.00001
0.868586 0.010625 0.00001 0.120779
0.283143 0.00001 0.00001 0.716837
0.533236 0.00001 0.00001 0.466744
0.531472 0.00001 0.00001 0.468508
0.29726 0.00001 0.00001 0.70272
0.333931 0.00001 0.00001 0.666049
0.571203 0.00001 0.00001 0.428777
0.500454 0.00001 0.00001 0.499526
0.363538 0.00001 0.00001 0.636442
0.23224 0.00001 0.00001 0.76774
0.699224 0.00001 0.00001 0.300756
0.57921 0.00001 0.00001 0.42077
0.358463 0.00001 0.00001 0.641517
0.347559 0.00001 0.00001 0.652421
0.681939 0.00001 0.00001 0.318041
0.433765 0.00001 0.00001 0.566215
0.451609 0.00001 0.00001 0.548371
0.363933 0.00001 0.00001 0.636047
0.360069 0.00001 0.00001 0.639911
0.35401 0.00001 0.00001 0.64597
0.523988 0.00001 0.00001 0.475992
0.687358 0.00001 0.00001 0.312622
0.306627 0.00001 0.00001 0.693353
0.28929 0.00001 0.00001 0.71069
0.290954 0.00001 0.00001 0.709026
0.609122 0.00001 0.00001 0.390858
0.416608 0.00001 0.00001 0.583372
0.520827 0.000011 0.00001 0.479153
0.48031 0.00001 0.00001 0.51967
0.00001 0.00001 0.00001 0.99997
0.030618 0.00001 0.00001 0.969362
0.00001 0.00001 0.00001 0.99997
0.00001 0.00001 0.00001 0.99997
0.00001 0.00001 0.00001 0.99997
0.00001 0.00001 0.00001 0.99997
0.027984 0.00001 0.00001 0.971996
0.057141 0.00001 0.00001 0.942839
0.00001 0.00001 0.00001 0.99997
0.00001 0.00001 0.00001 0.99997
0.00001 0.00001 0.00001 0.99997
0.00001 0.00001 0.00001 0.99997
0.00001 0.00001 0.00001 0.99997
0.00001 0.00001 0.00001 0.99997
0.00001 0.00001 0.00001 0.99997
0.00001 0.00001 0.00001 0.99997
0.060689 0.00001 0.00001 0.939291
0.051277 0.00001 0.00001 0.948703
0.00001 0.00001 0.00001 0.99997
0.00001 0.00001 0.00001 0.99997
0.00001 0.00001 0.00001 0.99997
0.00001 0.00001 0.00001 0.99997
0.107677 0.00001 0.00001 0.892303
0.00001 0.00001 0.00001 0.99997
0.00001 0.00001 0.00001 0.99997
0.195365 0.00001 0.00001 0.804615
0.280888 0.00001 0.00001 0.719092
0.148994 0.00001 0.00001 0.850986
0.05578 0.00001 0.00001 0.9442
0.231748 0.00001 0.00001 0.768232
0.269617 0.00001 0.00001 0.730363
0.143349 0.00001 0.00001 0.856631
0.255374 0.00001 0.00001 0.744606
0.047932 0.00001 0.00001 0.952048
0.182041 0.00001 0.00001 0.817939
0.185438 0.00001 0.00001 0.814542
0.164141 0.00001 0.00001 0.835839
0.080123 0.00001 0.00001 0.919857
0.170099 0.00001 0.00001 0.829881
0.204445 0.00001 0.00001 0.795535
0.22126 0.00001 0.00001 0.77872
0.167254 0.00001 0.00001 0.832726
0.199013 0.00001 0.00001 0.800967
0.141085 0.00001 0.00001 0.858895
0.257584 0.00001 0.00001 0.742396
0.174437 0.00001 0.00001 0.825543
0.157249 0.00001 0.00001 0.842731
0.194701 0.00001 0.00001 0.805279
0.056004 0.00001 0.00001 0.943976
0.181834 0.00001 0.00001 0.818146
0.200916 0.00001 0.00001 0.799064
0.223973 0.00001 0.00001 0.776007
0.137556 0.00001 0.00001 0.862424
0.097894 0.00001 0.00001 0.902086
0.067571 0.00001 0.00001 0.932409
0.189264 0.00001 0.00001 0.810716
0.173521 0.00001 0.00001 0.826459
0.153485 0.00001 0.00001 0.846495
0.03189 0.00001 0.00001 0.96809
0.16821 0.00001 0.00001 0.83177
0.00001 0.00001 0.00001 0.99997
0.110417 0.00001 0.00001 0.889563
0.00001 0.00001 0.00001 0.99997
0.008206 0.00001 0.00001 0.991774
0.105075 0.00001 0.00001 0.894905
0.049164 0.00001 0.00001 0.950816
0.161818 0.00001 0.00001 0.838162
0.194348 0.00001 0.00001 0.805632
0.038387 0.00001 0.00001 0.961593
0.095095 0.00001 0.00001 0.904885
0.132983 0.00001 0.00001 0.866997
0.036342 0.00001 0.00001 0.963638
0.131479 0.00001 0.00001 0.868501
0.170904 0.00001 0.00001 0.829076
0.126436 0.00001 0.00001 0.873544
0.10258 0.00001 0.00001 0.8974
0.132404 0.00001 0.00001 0.867576
0.057637 0.00001 0.00001 0.942343
0.133073 0.00001 0.00001 0.866907
0.221598 0.00001 0.00001 0.778382
0.00001 0.00001 0.00001 0.99997
0.239027 0.00001 0.00001 0.760953
0.075157 0.00001 0.00001 0.924823
0.1342 0.00001 0.00001 0.86578
0.172077 0.00001 0.00001 0.827903
0.131125 0.00001 0.00001 0.868855
0.173233 0.00001 0.00001 0.826747
0.206536 0.00001 0.00001 0.793444
0.195612 0.00001 0.00001 0.804368
