0.00001 0.99996 0.00001 0.00001 0.00001
0.00001 0.99996 0.00001 0.00001 0.00001
0.00001 0.99996 0.00001 0.00001 0.00001
0.00001 0.99996 0.00001 0.00001 0.00001
0.00001 0.99996 0.00001 0.00001 0.00001
0.00001 0.99996 0.00001 0.00001 0.00001
0.00001 0.687497 0.00001 0.312473 0.00001
0.00001 0.99996 0.00001 0.00001 0.00001
0.00001 0.99996 0.00001 0.00001 0.00001
0.00001 0.99996 0.00001 0.00001 0.00001
0.00001 0.99996 0.00001 0.00001 0.00001
0.00001 0.99996 0.00001 0.00001 0.00001
0.00001 0.99996 0.00001 0.00001 0.00001
0.00001 0.508088 0.00001 0.464855 0.027037
0.00001 0.99996 0.00001 0.00001 0.00001
0.00001 0.99996 0.00001 0.00001 0.00001
0.00001 0.99996 0.00001 0.00001 0.00001
0.00001 0.99996 0.00001 0.00001 0.00001
0.00001 0.99996 0.00001 0.00001 0.00001
0.00001 0.565994 0.00001 0.433976 0.00001
0.00001 0.99996 0.00001 0.00001 0.00001
0.00001 0.520994 0.00001 0.478976 0.00001
0.00001 0.00001 0.00001 0.99996 0.00001
0.00001 0.00001 0.026985 0.972985 0.00001
0.00001 0.29676 0.00001 0.70321 0.00001
0.00001 0.211563 0.00001 0.788407 0.00001
0.00001 0.223542 0.00001 0.748634 0.027804
0.00001 0.255697 0.00001 0.744273 0.00001
0.00001 0.261526 0.00001 0.738246 0.000208
0.00001 0.384142 0.00001 0.615828 0.00001
0.00001 0.29462 0.00001 0.70535 0.00001
0.00001 0.294394 0.002602 0.702984 0.00001
0.00001 0.35019 0.00001 0.626492 0.023298
0.00001 0.235375 0.00001 0.764595 0.00001
0.00001 0.095497 0.00001 0.904473 0.00001
0.00001 0.00001 0.00001 0.99996 0.00001
0.00001 0.206514 0.00001 0.793456 0.00001
0.00001 0.267751 0.00001 0.732219 0.00001
0.00001 0.339686 0.00001 0.660284 0.00001
0.00001 0.122693 0.00001 0.877277 0.00001
0.00001 0.139176 0.00001 0.860794 0.00001
0.00001 0.00001 0.00001 0.99996 0.00001
0.00001 0.209181 0.018103 0.772697 0.00001
0.00001 0.257923 0.00001 0.692746 0.049311
0.00001 0.323487 0.00001 0.676483 0.00001
0.00001 0.221416 0.00001 0.778554 0.00001
0.00001 0.120842 0.00001 0.879128 0.00001
0.00001 0.301927 0.00001 0.698043 0.00001
0.00001 0.20089 0.00001 0.79908 0.00001
0.00001 0.363128 0.016557 0.620294 0.00001
0.00001 0.337769 0.00001 0.662201 0.00001
0.00001 0.243201 0.00001 0.749278 0.007501
0.00001 0.00001 0.00001 0.99996 0.00001
0.00001 0.139389 0.00001 0.860581 0.00001
0.00001 0.00001 0.00001 0.990514 0.009456
0.00001 0.19878 0.00001 0.80119 0.00001
0.00001 0.385451 0.00001 0.597282 0.017247
0.00001 0.093904 0.00001 0.905689 0.000386
0.00001 0.267146 0.00001 0.732824 0.00001
0.00001 0.281857 0.00001 0.692595 0.025528
0.00001 0.00001 0.00001 0.99996 0.00001
0.00001 0.245688 0.00001 0.754282 0.00001
0.00001 0.239683 0.00001 0.760287 0.00001
0.00001 0.304449 0.012205 0.683326 0.00001
0.00001 0.486832 0.00001 0.513138 0.00001
0.00001 0.26187 0.00001 0.7381 0.00001
0.00001 0.168709 0.00001 0.831261 0.00001
0.00001 0.279061 0.00001 0.720909 0.00001
0.00001 0.257088 0.00001 0.738607 0.004284
0.00001 0.220124 0.00001 0.779846 0.00001
0.00001 0.314885 0.00001 0.685085 0.00001
0.00001 0.291227 0.00001 0.701286 0.007467
0.00001 0.203986 0.00001 0.795984 0.00001
0.00001 0.260734 0.00001 0.739236 0.00001
0.00001 0.337951 0.00001 0.662019 0.00001
0.00001 0.296768 0.00001 0.694314 0.008898
0.00001 0.242811 0.00001 0.757159 0.00001
0.00001 0.367497 0.00001 0.632473 0.00001
0.00001 0.293897 0.00001 0.693891 0.012192
0.00001 0.248131 0.00001 0.751839 0.00001
0.00001 0.341739 0.079979 0.578262 0.00001
0.00001 0.215245 0.00001 0.784725 0.00001
0.00001 0.00001 0.00001 0.99996 0.00001
0.00001 0.382954 0.00001 0.617016 0.00001
0.00001 0.198825 0.00001 0.801145 0.00001
0.00001 0.278126 0.00001 0.714761 0.007093
0.00001 0.16327 0.00001 0.8367 0.00001
0.00001 0.165197 0.00001 0.834773 0.00001
0.00001 0.287461 0.005869 0.70665 0.00001
0.000015 0.37943 0.00001 0.61937 0.001175
0.00001 0.224214 0.00001 0.775756 0.00001
0.00001 0.218461 0.014257 0.767262 0.00001
0.001809 0.421589 0.00001 0.576582 0.00001
0.00001 0.00001 0.00001 0.99996 0.00001
0.00001 0.388184 0.00001 0.611786 0.00001
0.00001 0.00001 0.00001 0.99996 0.00001
0.00001 0.166807 0.00113 0.832043 0.00001
0.00001 0.147374 0.00001 0.852596 0.00001
0.00001 0.348271 0.00001 0.651699 0.00001
0.00001 0.00001 0.00001 0.99996 0.00001
0.00001 0.285144 0.00001 0.714826 0.00001
0.00001 0.319965 0.00001 0.680005 0.00001
0.00001 0.154603 0.00001 0.845367 0.00001
0.00001 0.279884 0.00001 0.720086 0.00001
0.00001 0.199951 0.004475 0.795555 0.00001
0.00001 0.097117 0.00001 0.902853 0.00001
0.00001 0.183723 0.00001 0.816189 0.000068
0.00001 0.312818 0.00001 0.686593 0.000569
0.00001 0.296417 0.00001 0.701202 0.002361
0.00001 0.00001 0.00001 0.99996 0.00001
0.00001 0.00001 0.00001 0.99996 0.00001
0.00001 0.192849 0.00001 0.807121 0.00001
0.00001 0.325151 0.00001 0.674819 0.00001
0.00001 0.245786 0.00001 0.754184 0.00001
0.00001 0.265549 0.00001 0.734421 0.00001
0.00001 0.099816 0.00001 0.900154 0.00001
0.00001 0.235497 0.00001 0.764473 0.00001
0.00001 0.23796 0.00001 0.76201 0.00001
0.00001 0.390218 0.00001 0.609752 0.00001
0.00001 0.35331 0.00001 0.640945 0.005725
0.00001 0.335375 0.00001 0.664595 0.00001
0.00001 0.140587 0.00001 0.859383 0.00001
0.00001 0.215625 0.00001 0.784345 0.00001
0.00001 0.214036 0.00001 0.785934 0.00001
0.00001 0.268052 0.00001 0.731918 0.00001
0.00437 0.014605 0.00001 0.981005 0.00001
0.00001 0.00001 0.00001 0.99996 0.00001
0.00001 0.137667 0.00001 0.862303 0.00001
0.00001 0.00001 0.00001 0.997274 0.002696
0.00001 0.21833 0.00001 0.78164 0.00001
0.00001 0.221208 0.00001 0.748532 0.030241
0.00001 0.166456 0.502007 0.331517 0.00001
0.042909 0.186879 0.367667 0.335143 0.067403
0.104501 0.060063 0.288592 0.546834 0.00001
0.012771 0.147167 0.234313 0.605739 0.00001
0.026734 0.065251 0.170875 0.700306 0.036833
0.00001 0.161024 0.248971 0.589986 0.00001
0.229475 0.03631 0.358992 0.160304 0.214919
0.00001 0.143078 0.545249 0.311652 0.00001
0.117219 0.176896 0.543985 0.16189 0.00001
0.09164 0.171005 0.04825 0.550593 0.138512
0.00001 0.171424 0.203365 0.625191 0.00001
0.00001 0.00001 0.9363 0.06367 0.00001
0.00001 0.134444 0.710473 0.155062 0.00001
0.232232 0.109155 0.423214 0.104075 0.131325
0.086294 0.068759 0.472453 0.126725 0.24577
0.045327 0.109837 0.196845 0.631329 0.016662
0.043863 0.215687 0.124775 0.557289 0.058386
0.085452 0.105386 0.235488 0.538825 0.034849
0.00001 0.223939 0.147769 0.501141 0.12714
0.00001 0.192992 0.072354 0.587632 0.147012
0.00001 0.192016 0.14981 0.61203 0.046134
0.00001 0.329532 0.059181 0.55732 0.053956
0.133236 0.00001 0.130017 0.63489 0.101847
0.044845 0.108031 0.069636 0.59453 0.182958
0.00001 0.025172 0.3627 0.612108 0.00001
0.190949 0.258922 0.053599 0.472429 0.024102
0.033823 0.178587 0.138165 0.649416 0.00001
0.00001 0.252297 0.238286 0.509397 0.00001
0.00001 0.200883 0.191167 0.60793 0.00001
0.09336 0.200459 0.028939 0.598208 0.079034
0.001582 0.188674 0.324052 0.485682 0.00001
0.052319 0.178602 0.120807 0.648263 0.00001
0.00001 0.1666 0.00001 0.638221 0.195159
0.088011 0.194835 0.136764 0.58038 0.00001
0.053685 0.235397 0.161393 0.549515 0.00001
0.039309 0.184879 0.101786 0.558601 0.115425
0.00001 0.278328 0.064849 0.519024 0.137789
0.031516 0.126298 0.089739 0.673795 0.078652
0.00001 0.197982 0.110081 0.582335 0.109592
0.00001 0.115834 0.2115 0.672647 0.00001
0.00001 0.080617 0.305464 0.45936 0.154548
0.047536 0.139452 0.133257 0.5916 0.088156
0.00001 0.223334 0.180141 0.596505 0.00001
0.083291 0.278869 0.00001 0.63782 0.00001
0.082266 0.00001 0.447335 0.00001 0.470379
0.135982 0.00001 0.547585 0.00001 0.316413
0.067561 0.00001 0.398001 0.00001 0.534418
0.00001 0.00001 0.485687 0.00001 0.514283
0.067897 0.00001 0.578438 0.00001 0.353646
0.099977 0.00001 0.47595 0.00001 0.424053
0.050453 0.00001 0.519486 0.00001 0.430041
0.107181 0.00001 0.411226 0.00001 0.481572
0.151089 0.00001 0.304864 0.00001 0.544027
0.21661 0.00001 0.454611 0.00001 0.328758
0.00001 0.00001 0.00001 0.00001 0.99996
0.00001 0.00001 0.00001 0.00001 0.99996
0.00001 0.00001 0.00001 0.00001 0.99996
0.00001 0.00001 0.00001 0.00001 0.99996
0.00001 0.00001 0.00001 0.00001 0.99996
0.00001 0.00001 0.00001 0.00001 0.99996
0.062904 0.00001 0.663166 0.00001 0.273911
0.055269 0.00001 0.571931 0.00001 0.37278
0.147321 0.022512 0.327096 0.00001 0.503061
0.139569 0.000014 0.603526 0.00001 0.256881
0.047147 0.00001 0.543787 0.00001 0.409046
0.049141 0.000011 0.504437 0.00001 0.446401
0.168365 0.00001 0.461779 0.00001 0.369837
0.21084 0.00001 0.35356 0.00001 0.435581
0.072494 0.00001 0.584668 0.00001 0.342817
0.0874 0.00001 0.556909 0.00001 0.355671
0.124682 0.00001 0.452568 0.00001 0.42273
0.192407 0.00001 0.418314 0.00001 0.389259
0.08631 0.00001 0.413601 0.00001 0.500069
0.142106 0.00001 0.481039 0.00001 0.376835
0.00001 0.00001 0.99996 0.00001 0.00001
0.062793 0.00001 0.509721 0.00001 0.427465
0.056175 0.00001 0.578348 0.00001 0.365456
0.12421 0.00001 0.681601 0.00001 0.194169
0.024314 0.00001 0.551704 0.00001 0.423962
0.138067 0.00001 0.48875 0.00001 0.373164
0.00001 0.00001 0.603111 0.00001 0.396859
0.00001 0.00001 0.00001 0.00001 0.99996
0.033029 0.00001 0.381764 0.00001 0.585187
0.094332 0.00001 0.34813 0.00001 0.557518
0.187865 0.00001 0.524381 0.00001 0.287734
0.138445 0.00001 0.501581 0.00001 0.359953
0.00001 0.00001 0.99996 0.00001 0.00001
0.00001 0.00001 0.638627 0.018227 0.343127
0.267078 0.00001 0.327909 0.00001 0.404993
0.032511 0.00001 0.645923 0.00001 0.321546
0.162004 0.00001 0.637816 0.00001 0.20016
0.00001 0.00001 0.508965 0.02852 0.462495
0.194238 0.00001 0.305747 0.00001 0.499995
0.221807 0.00001 0.483834 0.00001 0.294339
0.103527 0.00001 0.400527 0.00001 0.495926
0.105337 0.00001 0.485546 0.00001 0.409097
0.031351 0.00001 0.392486 0.00001 0.576143
0.047772 0.00001 0.351136 0.00001 0.601072
0.00001 0.00001 0.00001 0.00001 0.99996
0.00001 0.00001 0.00001 0.00001 0.99996
0.064458 0.00001 0.372737 0.00001 0.562785
0.13747 0.00001 0.355867 0.00001 0.506643
0.073248 0.00001 0.603525 0.00001 0.323206
0.214834 0.00001 0.472879 0.00001 0.312268
0.00001 0.00001 0.99996 0.00001 0.00001
0.00001 0.00001 0.630477 0.016193 0.35331
0.034524 0.005352 0.506834 0.00001 0.45328
0.00001 0.00001 0.680582 0.00001 0.319388
0.00001 0.00001 0.00001 0.00001 0.99996
0.00001 0.00001 0.00001 0.00001 0.99996
0.172997 0.000013 0.617248 0.00001 0.209732
0.045085 0.00001 0.673145 0.00001 0.28175
0.083751 0.00001 0.699557 0.00001 0.216672
0.112115 0.00001 0.595863 0.00001 0.292002
0.00001 0.00001 0.99996 0.00001 0.00001
0.00001 0.00001 0.602202 0.00001 0.397768
0.067457 0.00001 0.261763 0.00001 0.67076
0.00001 0.00001 0.00001 0.00001 0.99996
0.00001 0.00001 0.538717 0.00001 0.461253
0.04905 0.00001 0.444645 0.003225 0.50307
0.038514 0.00001 0.455191 0.00001 0.506275
0.00001 0.00001 0.99996 0.00001 0.00001
0.096053 0.00001 0.463509 0.00001 0.440418
0.00001 0.00001 0.622415 0.00001 0.377555
0.00001 0.000014 0.590119 0.00001 0.409846
0.00001 0.00001 0.638 0.00001 0.36197
0.104789 0.00001 0.399015 0.00001 0.496176
0.194635 0.00001 0.34533 0.00001 0.460016
0.137173 0.00001 0.393908 0.00001 0.468899
0.120589 0.00001 0.392646 0.00001 0.486746
0.100526 0.00001 0.398508 0.00001 0.500947
0.148134 0.00001 0.349322 0.00001 0.502525
0.113899 0.00001 0.502095 0.00001 0.383986
0.030429 0.00001 0.475694 0.00001 0.493856
0.14453 0.00001 0.475661 0.00001 0.379789
0.138485 0.00001 0.550444 0.00001 0.311051
0.25714 0.00001 0.332574 0.00001 0.410266
0.258504 0.00001 0.474759 0.00001 0.266717
0.264454 0.00001 0.33384 0.00001 0.401686
0.19633 0.00001 0.592038 0.00001 0.211612
0.093562 0.00001 0.39541 0.00001 0.511008
0.156932 0.00001 0.387901 0.00001 0.455148
0.280741 0.00001 0.450581 0.00001 0.268657
0.264291 0.00001 0.429624 0.00001 0.306065
0.274598 0.00001 0.572006 0.00001 0.153376
0.00001 0.00001 0.636032 0.00001 0.363938
0.00001 0.00001 0.543921 0.00001 0.456049
0.113388 0.00001 0.510506 0.00001 0.376086
0.183637 0.00001 0.333676 0.00001 0.482667
0.00001 0.000013 0.606422 0.00001 0.393545
0.066323 0.000366 0.567103 0.00001 0.366198
0.678217 0.00001 0.07659 0.00001 0.245173
0.424757 0.00001 0.321245 0.00001 0.253978
0.428572 0.00001 0.252814 0.00001 0.318594
0.674922 0.00001 0.00001 0.00001 0.325048
0.603902 0.00001 0.298446 0.00001 0.097632
0.390748 0.00001 0.225084 0.00001 0.384148
0.449977 0.00001 0.180903 0.00001 0.3691
0.594498 0.00001 0.202657 0.00001 0.202825
0.729745 0.00001 0.002975 0.00001 0.267259
0.245147 0.00001 0.518737 0.00001 0.236096
0.365831 0.00001 0.403673 0.00001 0.230476
0.596657 0.00001 0.103924 0.00001 0.299399
0.601982 0.00001 0.237201 0.00001 0.160797
0.267432 0.00001 0.419253 0.00001 0.313295
0.516295 0.00001 0.27638 0.00001 0.207305
0.500739 0.00001 0.278491 0.00001 0.22075
0.584466 0.00001 0.169224 0.00001 0.24629
0.589307 0.00001 0.191048 0.00001 0.219625
0.597333 0.00001 0.246654 0.00001 0.155994
0.423737 0.00001 0.352448 0.00001 0.223795
0.266242 0.00001 0.215781 0.00001 0.517956
0.624754 0.00001 0.307046 0.00001 0.06818
0.675371 0.00001 0.037991 0.00001 0.286617
0.62269 0.00001 0.00001 0.00001 0.37728
0.329898 0.00001 0.670072 0.00001 0.00001
0.526875 0.00001 0.314584 0.00001 0.158521
0.431204 0.00001 0.568766 0.00001 0.00001
0.435511 0.00001 0.388429 0.00001 0.176039
0.9857 0.00001 0.01427 0.00001 0.00001
0.886248 0.00001 0.113722 0.00001 0.00001
0.99981 0.00001 0.00001 0.00001 0.00016
0.981335 0.00001 0.018635 0.00001 0.00001
0.99996 0.00001 0.00001 0.00001 0.00001
0.894917 0.00001 0.00001 0.00001 0.105053
0.917303 0.00001 0.078587 0.00001 0.004091
0.85356 0.00001 0.00001 0.00001 0.14641
0.99996 0.00001 0.00001 0.00001 0.00001
0.99996 0.00001 0.00001 0.00001 0.00001
0.977914 0.00001 0.00001 0.00001 0.022056
0.99996 0.00001 0.00001 0.00001 0.00001
0.99996 0.00001 0.00001 0.00001 0.00001
0.99996 0.00001 0.00001 0.00001 0.00001
0.99996 0.00001 0.00001 0.00001 0.00001
0.954151 0.00001 0.00001 0.00001 0.045819
0.823085 0.00001 0.176885 0.00001 0.00001
0.871796 0.00001 0.128174 0.00001 0.00001
0.99996 0.00001 0.00001 0.00001 0.00001
0.99996 0.00001 0.00001 0.00001 0.00001
0.99996 0.00001 0.00001 0.00001 0.00001
0.995467 0.00001 0.00001 0.00001 0.004503
0.792507 0.00001 0.00001 0.00001 0.207463
0.99996 0.00001 0.00001 0.00001 0.00001
0.99996 0.00001 0.00001 0.00001 0.00001
0.781209 0.00001 0.015154 0.00001 0.203617
0.656896 0.00001 0.248906 0.00001 0.094178
0.792179 0.00001 0.207791 0.00001 0.00001
0.840545 0.00001 0.000014 0.00001 0.159421
0.733681 0.00001 0.104097 0.00001 0.162202
0.675467 0.00001 0.220497 0.00001 0.104016
0.808934 0.00001 0.191036 0.00001 0.00001
0.684138 0.00001 0.10033 0.00001 0.215513
0.885818 0.00001 0.083648 0.00001 0.030514
0.761932 0.00001 0.000011 0.00001 0.238038
0.736256 0.00001 0.00001 0.00001 0.263714
0.775566 0.00001 0.102602 0.00001 0.121812
0.865891 0.00001 0.038597 0.00001 0.095492
0.738226 0.00001 0.261738 0.000016 0.00001
0.731143 0.00001 0.268827 0.00001 0.00001
0.733911 0.00001 0.115454 0.00001 0.150616
0.779671 0.00001 0.082887 0.00001 0.137421
0.731683 0.00001 0.100522 0.00001 0.167775
0.790491 0.00001 0.00001 0.00001 0.209479
0.685108 0.00001 0.194323 0.00001 0.12055
0.763212 0.00001 0.085843 0.00001 0.150925
0.764973 0.00001 0.00001 0.00001 0.234997
0.760409 0.00001 0.00001 0.00001 0.239561
0.892237 0.00001 0.013621 0.00001 0.094122
0.774268 0.00001 0.0172 0.00001 0.208512
0.735634 0.00001 0.092174 0.00001 0.172172
0.661291 0.00001 0.00001 0.00001 0.338679
0.797783 0.00001 0.082973 0.00001 0.119225
0.820288 0.00001 0.033195 0.00001 0.146497
0.802119 0.00001 0.00001 0.00001 0.197851
0.733862 0.00001 0.00001 0.00001 0.266108
0.753085 0.00001 0.00001 0.00001 0.246885
0.780057 0.00001 0.219913 0.00001 0.00001
0.847141 0.00001 0.00001 0.00001 0.152829
0.759455 0.00001 0.00001 0.00001 0.240515
0.99996 0.00001 0.00001 0.00001 0.00001
0.83201 0.00001 0.15424 0.00001 0.013729
0.99996 0.00001 0.00001 0.00001 0.00001
0.871995 0.000014 0.127971 0.00001 0.00001
0.826594 0.00001 0.00001 0.00001 0.173376
0.860204 0.00001 0.00001 0.00001 0.139766
0.717175 0.00001 0.00001 0.00001 0.282795
0.758477 0.00001 0.004551 0.00001 0.236952
0.878168 0.00001 0.00001 0.00001 0.121802
0.835693 0.00001 0.024715 0.00001 0.139572
0.796919 0.00001 0.005749 0.00001 0.197312
0.855854 0.00001 0.00001 0.00001 0.144116
0.806433 0.00001 0.099076 0.00001 0.09447
0.781698 0.00001 0.00001 0.00001 0.218272
0.795728 0.00001 0.00001 0.00001 0.204242
0.830021 0.00001 0.120123 0.00001 0.049837
0.816373 0.00001 0.01017 0.00001 0.173437
0.860426 0.00001 0.050333 0.00001 0.089221
0.814431 0.00001 0.175352 0.00001 0.010197
0.743794 0.00001 0.015124 0.00001 0.241062
0.924585 0.00001 0.00001 0.00001 0.075385
0.696565 0.00001 0.277698 0.00001 0.025716
0.834192 0.00001 0.00001 0.00001 0.165778
0.794396 0.00001 0.205574 0.00001 0.00001
0.771368 0.00001 0.00001 0.00001 0.228602
0.813515 0.00001 0.00001 0.00001 0.186455
0.716921 0.00001 0.00001 0.00001 0.283049
0.743097 0.00001 0.256873 0.00001 0.00001
0.74073 0.00001 0.00001 0.00001 0.25924
