0.00001 0.00001 0.00001 0.99996 0.00001
0.00001 0.00001 0.319594 0.680376 0.00001
0.00001 0.00001 0.00001 0.99996 0.00001
0.00001 0.00001 0.00001 0.99996 0.00001
0.00001 0.00001 0.00001 0.99996 0.00001
0.00001 0.00001 0.00001 0.99996 0.00001
0.00001 0.00001 0.40444 0.59553 0.00001
0.00001 0.00001 0.359906 0.640064 0.00001
0.00001 0.00001 0.280395 0.719575 0.00001
0.00001 0.00001 0.00001 0.99996 0.00001
0.00001 0.00001 0.00001 0.99996 0.00001
0.00001 0.00001 0.00001 0.99996 0.00001
0.00001 0.00001 0.318394 0.681576 0.00001
0.027728 0.00001 0.526654 0.445598 0.00001
0.00001 0.00001 0.00001 0.99996 0.00001
0.00001 0.00001 0.00001 0.99996 0.00001
0.00001 0.00001 0.00001 0.99996 0.00001
0.00001 0.00001 0.289806 0.710164 0.00001
0.00001 0.00001 0.00001 0.99996 0.00001
0.00001 0.00001 0.512296 0.487674 0.00001
0.00001 0.00001 0.00001 0.99996 0.00001
0.00001 0.00001 0.530206 0.469764 0.00001
0.00001 0.00001 0.997407 0.002563 0.00001
0.00001 0.00001 0.975056 0.00001 0.024914
0.00001 0.00001 0.777801 0.222169 0.00001
0.00001 0.00001 0.85146 0.14851 0.00001
0.00001 0.00001 0.784781 0.188524 0.026675
0.00001 0.00001 0.776719 0.223251 0.00001
0.00001 0.00001 0.785953 0.213726 0.000301
0.00001 0.00001 0.64731 0.35266 0.00001
0.00001 0.00001 0.75741 0.24256 0.00001
0.001639 0.00001 0.765018 0.233324 0.00001
0.00001 0.00001 0.687456 0.289242 0.023282
0.00001 0.00001 0.807218 0.192752 0.00001
0.00001 0.00001 0.923629 0.076341 0.00001
0.00001 0.00001 0.99996 0.00001 0.00001
0.00001 0.000019 0.830665 0.169296 0.00001
0.00001 0.00001 0.75781 0.24216 0.00001
0.00001 0.00001 0.728239 0.271731 0.00001
0.001859 0.00001 0.91182 0.086301 0.00001
0.00001 0.00001 0.913753 0.086217 0.00001
0.00001 0.00001 0.99996 0.00001 0.00001
0.00001 0.00001 0.792232 0.189512 0.018236
0.00001 0.00001 0.752018 0.198425 0.049537
0.00001 0.00001 0.702284 0.297686 0.00001
0.00001 0.00001 0.820418 0.179552 0.00001
0.00001 0.00001 0.905744 0.094226 0.00001
0.00001 0.00001 0.770794 0.229176 0.00001
0.00001 0.00001 0.825323 0.174647 0.00001
0.00001 0.00001 0.662679 0.321656 0.015645
0.00001 0.00001 0.701035 0.298935 0.00001
0.00001 0.00001 0.7817 0.211964 0.006316
0.00001 0.00001 0.99996 0.00001 0.00001
0.00001 0.00001 0.870183 0.129787 0.00001
0.00001 0.00001 0.990318 0.00001 0.009652
0.00001 0.00001 0.805054 0.194916 0.00001
0.00001 0.00001 0.638612 0.344237 0.017131
0.00001 0.00001 0.91756 0.081925 0.000495
0.00001 0.00001 0.779635 0.220335 0.00001
0.00001 0.00001 0.739351 0.23603 0.024599
0.00001 0.00001 0.99996 0.00001 0.00001
0.00001 0.00001 0.794055 0.205915 0.00001
0.00001 0.00001 0.797867 0.202103 0.00001
0.011761 0.00001 0.727589 0.26063 0.00001
0.00001 0.00001 0.570578 0.429392 0.00001
0.00001 0.00001 0.775695 0.224275 0.00001
0.00001 0.00001 0.864743 0.135227 0.00001
0.00001 0.00001 0.774521 0.225449 0.00001
0.005 0.00001 0.781047 0.213933 0.00001
0.00001 0.00001 0.817509 0.182461 0.00001
0.00001 0.00001 0.72858 0.27139 0.00001
0.00001 0.00001 0.746432 0.246989 0.006558
0.00001 0.00001 0.837367 0.162603 0.00001
0.00001 0.00001 0.766402 0.233568 0.00001
0.00001 0.00001 0.709523 0.290447 0.00001
0.00001 0.0044 0.753401 0.242179 0.00001
0.00001 0.00001 0.807896 0.192074 0.00001
0.00001 0.00001 0.704618 0.295352 0.00001
0.00001 0.00001 0.740373 0.250736 0.008871
0.00001 0.00001 0.787187 0.212783 0.00001
0.035937 0.00001 0.612583 0.310695 0.040776
0.00001 0.00001 0.831354 0.168616 0.00001
0.00001 0.00001 0.976452 0.023518 0.00001
0.00001 0.00001 0.659747 0.340223 0.00001
0.00001 0.00001 0.835616 0.164354 0.00001
0.005383 0.00001 0.748992 0.245604 0.00001
0.00001 0.00001 0.879574 0.120396 0.00001
0.00001 0.00001 0.869247 0.130723 0.00001
0.00001 0.003139 0.751893 0.244948 0.00001
0.000015 0.00001 0.666089 0.333875 0.00001
0.00001 0.00001 0.821082 0.178888 0.00001
0.00001 0.00001 0.807297 0.179573 0.013109
0.004577 0.00001 0.634436 0.360967 0.00001
0.00001 0.00001 0.99996 0.00001 0.00001
0.00001 0.00001 0.664713 0.335257 0.00001
0.00001 0.00001 0.99996 0.00001 0.00001
0.00001 0.001107 0.865477 0.133396 0.00001
0.00001 0.00001 0.880815 0.119155 0.00001
0.00001 0.00001 0.688389 0.311581 0.00001
0.00001 0.00001 0.99996 0.00001 0.00001
0.00001 0.00001 0.750771 0.249199 0.00001
0.00001 0.00001 0.721615 0.278355 0.00001
0.00001 0.00001 0.896258 0.103712 0.00001
0.00036 0.00001 0.765389 0.234231 0.00001
0.00001 0.00001 0.827768 0.168908 0.003304
0.00001 0.00001 0.899546 0.100424 0.00001
0.000131 0.00001 0.838843 0.161006 0.00001
0.00001 0.00001 0.722108 0.277862 0.00001
0.00001 0.00001 0.734129 0.264864 0.000987
0.00001 0.00001 0.99996 0.00001 0.00001
0.00001 0.00001 0.99996 0.00001 0.00001
0.00001 0.00001 0.837576 0.162394 0.00001
0.00001 0.00001 0.718788 0.281182 0.00001
0.00001 0.00001 0.785835 0.214135 0.00001
0.00001 0.00001 0.777775 0.222195 0.00001
0.00001 0.00001 0.9468 0.05317 0.00001
0.00001 0.00001 0.813874 0.186096 0.00001
0.00001 0.00001 0.836079 0.163891 0.00001
0.00001 0.00001 0.673186 0.326784 0.00001
0.00001 0.00001 0.698163 0.297233 0.004584
0.00001 0.00001 0.704949 0.295021 0.00001
0.00001 0.00001 0.902835 0.097135 0.00001
0.00001 0.00001 0.823673 0.176297 0.00001
0.00001 0.00001 0.81443 0.18554 0.00001
0.00001 0.00001 0.755504 0.244466 0.00001
0.00001 0.007852 0.961087 0.031041 0.00001
0.00001 0.00001 0.99995 0.00002 0.00001
0.00001 0.00001 0.887626 0.112344 0.00001
0.00001 0.00001 0.99934 0.00001 0.00063
0.00001 0.00001 0.813121 0.186849 0.00001
0.029141 0.00001 0.794739 0.1761 0.00001
0.02557 0.150457 0.387728 0.122422 0.313823
0.120296 0.00001 0.388431 0.139146 0.352117
0.00001 0.207302 0.569834 0.042497 0.180357
0.052887 0.051157 0.636448 0.12178 0.137728
0.056015 0.00001 0.766623 0.001374 0.175979
0.058593 0.026287 0.629586 0.128573 0.15696
0.221341 0.116585 0.152217 0.047492 0.462366
0.00001 0.210171 0.357857 0.109251 0.322711
0.00001 0.334616 0.212436 0.138793 0.314146
0.00001 0.192133 0.566719 0.154157 0.08698
0.00001 0.053726 0.641901 0.15847 0.145894
0.224834 0.183969 0.100588 0.00001 0.490599
0.005496 0.169016 0.195006 0.108341 0.52214
0.026689 0.394434 0.12402 0.096985 0.357872
0.061071 0.186017 0.156648 0.044428 0.551836
0.057991 0.062948 0.646658 0.097918 0.134486
0.060393 0.00001 0.590988 0.182432 0.166178
0.001214 0.162047 0.555477 0.091557 0.189705
0.00001 0.032687 0.537818 0.187988 0.241497
0.00001 0.044256 0.592939 0.186352 0.176442
0.027065 0.00001 0.651974 0.153654 0.167296
0.02001 0.00001 0.615926 0.27126 0.092794
0.00001 0.216076 0.636482 0.00001 0.147422
0.068806 0.008614 0.625994 0.073766 0.222819
0.00001 0.075803 0.64261 0.00001 0.281567
0.064335 0.193959 0.500853 0.232288 0.008565
0.062003 0.013186 0.684081 0.145854 0.094876
0.00001 0.083233 0.546624 0.219252 0.150881
0.00001 0.025229 0.632042 0.182745 0.159974
0.00001 0.113793 0.598599 0.199386 0.088212
0.045443 0.072183 0.547646 0.133731 0.200997
0.055048 0.030366 0.688921 0.13983 0.085835
0.00001 0.174462 0.662129 0.143376 0.020023
0.126046 0.033511 0.612994 0.167852 0.059598
0.073942 0.00001 0.582192 0.204666 0.13919
0.00001 0.091959 0.600002 0.143833 0.164196
0.014188 0.00001 0.550768 0.24461 0.190425
0.00001 0.11768 0.717024 0.08435 0.080935
0.00001 0.00001 0.615566 0.164393 0.220021
0.013343 0.072749 0.707026 0.087013 0.119868
0.00001 0.040209 0.498733 0.044284 0.416764
0.067406 0.027112 0.61983 0.112069 0.173583
0.075593 0.00001 0.63335 0.192489 0.098558
0.084376 0.00001 0.689197 0.226407 0.00001
0.101446 0.164198 0.00001 0.00001 0.734336
0.251263 0.00001 0.00001 0.00001 0.748707
0.180273 0.020408 0.00001 0.00001 0.799299
0.059048 0.108204 0.00001 0.00001 0.832728
0.2359 0.00001 0.00001 0.00001 0.76407
0.235312 0.00001 0.00001 0.00001 0.764658
0.126723 0.102719 0.00001 0.00001 0.770538
0.07529 0.22692 0.00001 0.00001 0.69777
0.256138 0.00001 0.00001 0.00001 0.743832
0.000015 0.41681 0.00001 0.00001 0.583155
0.004156 0.040324 0.00001 0.00001 0.9555
0.173386 0.00001 0.00001 0.00001 0.826584
0.171269 0.05462 0.00001 0.00001 0.774091
0.018447 0.233189 0.00001 0.00001 0.748344
0.061781 0.078024 0.00001 0.00001 0.860175
0.169846 0.00001 0.00001 0.00001 0.830124
0.197776 0.026378 0.00001 0.00001 0.775826
0.020143 0.250653 0.00001 0.00001 0.729183
0.00001 0.351643 0.00001 0.023751 0.624586
0.130315 0.183206 0.00001 0.00001 0.686459
0.196535 0.00001 0.00001 0.00001 0.803435
0.00001 0.264013 0.00001 0.00001 0.735957
0.170318 0.163158 0.00001 0.00001 0.666505
0.023061 0.375549 0.00001 0.00001 0.60137
0.22644 0.00001 0.00001 0.00001 0.77353
0.210109 0.012029 0.00001 0.00001 0.777842
0.201473 0.063615 0.00001 0.00001 0.734892
0.189023 0.15088 0.00001 0.00001 0.660078
0.217279 0.00001 0.00001 0.00001 0.782691
0.00001 0.37789 0.00001 0.00001 0.62208
0.206456 0.00001 0.00001 0.00001 0.793514
0.00001 0.329003 0.007059 0.00001 0.663918
0.00001 0.291898 0.00001 0.00001 0.708072
0.179554 0.130997 0.00001 0.00001 0.689429
0.133223 0.069343 0.00001 0.00001 0.797414
0.091396 0.236137 0.00001 0.00001 0.672447
0.00001 0.203982 0.00001 0.00001 0.795988
0.091362 0.080558 0.00001 0.00001 0.828059
0.146732 0.028149 0.00001 0.00001 0.825098
0.161536 0.048359 0.00001 0.00001 0.790085
0.000014 0.395607 0.00001 0.00001 0.604359
0.00001 0.399818 0.00001 0.00001 0.600152
0.102396 0.00001 0.037397 0.00001 0.860187
0.119055 0.00001 0.026264 0.00001 0.854661
0.300962 0.061687 0.00001 0.00001 0.637331
0.143974 0.089597 0.00001 0.00001 0.766409
0.138625 0.211255 0.01215 0.00001 0.637961
0.023056 0.168922 0.00001 0.027012 0.781
0.062511 0.316153 0.00001 0.00001 0.621315
0.142451 0.25299 0.00001 0.00001 0.60454
0.111374 0.167218 0.00001 0.00001 0.721387
0.248616 0.00001 0.00001 0.00001 0.751354
0.00001 0.227828 0.00001 0.00001 0.772142
0.00001 0.242687 0.00001 0.00001 0.757283
0.00001 0.292234 0.00001 0.00001 0.707736
0.00001 0.315352 0.00001 0.00001 0.684618
0.090981 0.142653 0.00001 0.00001 0.766347
0.006502 0.317071 0.00001 0.00001 0.676407
0.00001 0.342607 0.004629 0.00001 0.652745
0.110213 0.273327 0.00001 0.00001 0.61644
0.045601 0.153612 0.022799 0.00001 0.777977
0.00001 0.196144 0.024232 0.00001 0.779604
0.051468 0.189334 0.00001 0.009853 0.749334
0.105725 0.013793 0.00001 0.00001 0.880463
0.12125 0.00001 0.00001 0.00001 0.87872
0.017425 0.009109 0.00001 0.00001 0.973446
0.170879 0.185897 0.00001 0.00001 0.643204
0.00001 0.289103 0.00001 0.004164 0.706713
0.126177 0.147213 0.00001 0.00001 0.72659
0.196944 0.084085 0.00001 0.00001 0.718951
0.189368 0.099748 0.00015 0.00001 0.710724
0.090752 0.070851 0.00001 0.00001 0.838377
0.052141 0.198891 0.00001 0.00001 0.748948
0.217712 0.00001 0.00001 0.00001 0.782258
0.089813 0.097603 0.00001 0.00001 0.812564
0.08335 0.157359 0.001806 0.00001 0.757476
0.024848 0.216692 0.00001 0.00001 0.75844
0.225351 0.00001 0.00001 0.00001 0.774619
0.00001 0.313961 0.00001 0.00001 0.686009
0.064467 0.119638 0.00001 0.00001 0.815875
0.044574 0.107861 0.00001 0.00001 0.847545
0.010931 0.202801 0.00001 0.00001 0.786248
0.202062 0.042584 0.00001 0.00001 0.755334
0.085126 0.274318 0.00001 0.00001 0.640535
0.093291 0.203465 0.00001 0.00001 0.703224
0.246649 0.00001 0.00001 0.00001 0.753321
0.168103 0.070726 0.00001 0.00001 0.761151
0.132389 0.188858 0.00001 0.00001 0.678733
0.00001 0.360854 0.00001 0.00001 0.639116
0.18281 0.00001 0.00001 0.00001 0.81716
0.214192 0.051416 0.00001 0.00001 0.734372
0.068442 0.264894 0.00001 0.00001 0.666644
0.085599 0.363032 0.00001 0.00001 0.551349
0.116133 0.341922 0.00001 0.00001 0.541925
0.196262 0.204866 0.00001 0.00001 0.598851
0.210851 0.152447 0.00001 0.00001 0.636682
0.019171 0.272982 0.00001 0.00001 0.707826
0.125419 0.203043 0.00001 0.00001 0.671518
0.204376 0.229508 0.00001 0.00001 0.566096
0.109991 0.348168 0.00001 0.00001 0.54182
0.282507 0.121508 0.00001 0.00001 0.595964
0.098641 0.00001 0.00001 0.00001 0.901329
0.075045 0.067095 0.00001 0.00001 0.85784
0.243981 0.00001 0.00001 0.00001 0.755989
0.125607 0.204139 0.00001 0.00001 0.670233
0.165408 0.00001 0.00001 0.00001 0.834562
0.173486 0.048343 0.00001 0.005795 0.772366
0.25108 0.581669 0.00001 0.00001 0.167232
0.183555 0.420122 0.00001 0.00001 0.396303
0.264577 0.31561 0.00001 0.00001 0.419792
0.157384 0.684139 0.00001 0.00001 0.158457
0.427173 0.293716 0.00001 0.00001 0.279091
0.093024 0.498847 0.00001 0.00001 0.408109
0.108334 0.550869 0.00001 0.00001 0.340777
0.420891 0.278116 0.00001 0.00001 0.300973
0.00001 0.99996 0.00001 0.00001 0.00001
0.148958 0.303721 0.00001 0.00001 0.5473
0.00001 0.613893 0.00001 0.00001 0.386077
0.117965 0.678038 0.00001 0.00001 0.203977
0.188418 0.616612 0.00001 0.00001 0.19495
0.144216 0.317672 0.00001 0.00001 0.538092
0.2827 0.388311 0.00001 0.00001 0.328969
0.138053 0.556881 0.00001 0.00001 0.305047
0.220765 0.530494 0.000012 0.00001 0.248719
0.204177 0.573358 0.00001 0.00001 0.222445
0.248775 0.508974 0.00001 0.00001 0.242231
0.233107 0.350388 0.00001 0.00001 0.416485
0.169088 0.27354 0.00001 0.00001 0.557352
0.299049 0.505486 0.000013 0.00001 0.195441
0.117096 0.770098 0.00001 0.00001 0.112786
0.134182 0.737735 0.00001 0.00001 0.128063
0.00001 0.598256 0.00001 0.00001 0.401714
0.129744 0.58872 0.00001 0.00001 0.281516
0.162171 0.463929 0.00001 0.00001 0.37388
0.216826 0.427736 0.00001 0.00001 0.355418
0.509775 0.490195 0.00001 0.00001 0.00001
0.429728 0.570242 0.00001 0.00001 0.00001
0.570833 0.429137 0.00001 0.00001 0.00001
0.99996 0.00001 0.00001 0.00001 0.00001
0.497159 0.502811 0.00001 0.00001 0.00001
0.99996 0.00001 0.00001 0.00001 0.00001
0.3026 0.69737 0.00001 0.00001 0.00001
0.273093 0.726877 0.00001 0.00001 0.00001
0.458634 0.541336 0.00001 0.00001 0.00001
0.99996 0.00001 0.00001 0.00001 0.00001
0.582491 0.417479 0.00001 0.00001 0.00001
0.99996 0.00001 0.00001 0.00001 0.00001
0.552608 0.447362 0.00001 0.00001 0.00001
0.611499 0.388471 0.00001 0.00001 0.00001
0.99996 0.00001 0.00001 0.00001 0.00001
0.421133 0.578837 0.00001 0.00001 0.00001
0.548154 0.394971 0.00001 0.00001 0.056855
0.468491 0.49653 0.00001 0.00001 0.034959
0.99996 0.00001 0.00001 0.00001 0.00001
0.99996 0.00001 0.00001 0.00001 0.00001
0.99996 0.00001 0.00001 0.00001 0.00001
0.99996 0.00001 0.00001 0.00001 0.00001
0.393736 0.579045 0.00001 0.00001 0.027199
0.99996 0.00001 0.00001 0.00001 0.00001
0.568183 0.431787 0.00001 0.00001 0.00001
0.278614 0.637195 0.00001 0.00001 0.084171
0.278572 0.551558 0.00001 0.00001 0.16985
0.00001 0.99996 0.00001 0.00001 0.00001
0.263819 0.736151 0.00001 0.00001 0.00001
0.418729 0.403561 0.00001 0.00001 0.17769
0.202282 0.66102 0.00001 0.00001 0.136678
0.361149 0.587136 0.00001 0.00001 0.051696
0.182287 0.696227 0.00001 0.00001 0.121466
0.442571 0.557399 0.00001 0.00001 0.00001
0.452595 0.405624 0.00001 0.00001 0.141761
0.204373 0.78401 0.00001 0.00001 0.011597
0.293201 0.627826 0.00001 0.00001 0.078953
0.372618 0.627352 0.00001 0.00001 0.00001
0.223419 0.721555 0.00001 0.00001 0.055006
0.195767 0.768395 0.00001 0.00001 0.035818
0.288604 0.609431 0.00001 0.00001 0.101945
0.00001 0.99996 0.00001 0.00001 0.00001
0.00001 0.99996 0.00001 0.00001 0.00001
0.264082 0.725867 0.00001 0.00001 0.010031
0.218081 0.666734 0.00001 0.00001 0.115165
0.362064 0.529671 0.00001 0.00001 0.108245
0.00001 0.99996 0.00001 0.00001 0.00001
0.183807 0.802387 0.00001 0.00001 0.013786
0.285837 0.714133 0.00001 0.00001 0.00001
0.287972 0.638469 0.00001 0.00001 0.073539
0.25112 0.654213 0.00001 0.00001 0.094647
0.00001 0.99996 0.00001 0.00001 0.00001
0.367312 0.579338 0.00001 0.00001 0.053331
0.00001 0.99996 0.00001 0.00001 0.00001
0.265395 0.734575 0.00001 0.00001 0.00001
0.276489 0.640693 0.00001 0.00001 0.082798
0.132947 0.867023 0.00001 0.00001 0.00001
0.00001 0.99996 0.00001 0.00001 0.00001
0.235505 0.764465 0.00001 0.00001 0.00001
0.00001 0.99996 0.00001 0.00001 0.00001
0.99996 0.00001 0.00001 0.00001 0.00001
0.35127 0.620122 0.00001 0.00001 0.028588
0.99996 0.00001 0.00001 0.00001 0.00001
0.202883 0.797087 0.00001 0.00001 0.00001
0.289805 0.710165 0.00001 0.00001 0.00001
0.474019 0.521241 0.00001 0.00001 0.00472
0.00001 0.99996 0.00001 0.00001 0.00001
0.00001 0.99996 0.00001 0.00001 0.00001
0.293752 0.706218 0.00001 0.00001 0.00001
0.293691 0.706279 0.00001 0.00001 0.00001
0.00001 0.99996 0.00001 0.00001 0.00001
0.156571 0.843399 0.00001 0.00001 0.00001
0.199815 0.800155 0.00001 0.00001 0.00001
0.00001 0.99996 0.00001 0.00001 0.00001
0.256501 0.729302 0.00001 0.00001 0.014177
0.332176 0.652818 0.00001 0.00001 0.014986
0.305345 0.665643 0.00001 0.00001 0.028992
0.28946 0.71051 0.00001 0.00001 0.00001
0.231132 0.768838 0.00001 0.00001 0.00001
0.337534 0.526409 0.00001 0.00001 0.136038
0.341435 0.658535 0.00001 0.00001 0.00001
0.178582 0.724187 0.00001 0.00001 0.097211
0.171283 0.828687 0.00001 0.00001 0.00001
0.356013 0.599819 0.00001 0.00001 0.044147
0.270736 0.677387 0.00001 0.00001 0.051857
0.344178 0.623793 0.00001 0.00001 0.032009
0.248881 0.693281 0.00001 0.00001 0.057818
0.316376 0.565163 0.00001 0.00001 0.118442
0.159481 0.821133 0.00001 0.00001 0.019365
