0.99997 0.00001 0.00001 0.00001
0.99997 0.00001 0.00001 0.00001
0.99997 0.00001 0.00001 0.00001
0.99997 0.00001 0.00001 0.00001
0.99997 0.00001 0.00001 0.00001
0.99997 0.00001 0.00001 0.00001
0.649457 0.00001 0.350523 0.00001
0.673556 0.00001 0.326424 0.00001
0.99997 0.00001 0.00001 0.00001
0.99997 0.00001 0.00001 0.00001
0.99997 0.00001 0.00001 0.00001
0.99997 0.00001 0.00001 0.00001
0.718064 0.00001 0.281916 0.00001
0.484953 0.00001 0.487969 0.027069
0.99997 0.00001 0.00001 0.00001
0.99997 0.00001 0.00001 0.00001
0.99997 0.00001 0.00001 0.00001
0.99997 0.00001 0.00001 0.00001
0.99997 0.00001 0.00001 0.00001
0.537553 0.00001 0.462427 0.00001
0.99997 0.00001 0.00001 0.00001
0.503637 0.00001 0.496343 0.00001
0.00001 0.00001 0.99997 0.00001
0.00001 0.00001 0.976075 0.023905
0.271769 0.00001 0.728211 0.00001
0.181773 0.00001 0.818207 0.00001
0.207254 0.00001 0.767124 0.025612
0.246798 0.00001 0.753182 0.00001
0.232887 0.00001 0.767093 0.00001
0.371222 0.00001 0.628758 0.00001
0.273574 0.00001 0.726406 0.00001
0.269413 0.001378 0.729199 0.00001
0.319672 0.00001 0.657906 0.022412
0.215937 0.00001 0.784043 0.00001
0.080887 0.00001 0.919093 0.00001
0.00001 0.00001 0.99997 0.00001
0.190291 0.00001 0.809689 0.00001
0.259637 0.00001 0.740343 0.00001
0.298629 0.00001 0.701351 0.00001
0.104635 0.00001 0.895345 0.00001
0.115061 0.00001 0.884919 0.00001
0.00001 0.00001 0.99997 0.00001
0.194395 0.00001 0.788647 0.016948
0.240703 0.00001 0.710892 0.048395
0.307281 0.00001 0.692699 0.00001
0.201638 0.00001 0.798342 0.00001
0.119433 0.00001 0.880547 0.00001
0.273316 0.00001 0.726664 0.00001
0.179095 0.00001 0.820885 0.00001
0.33864 0.00001 0.646495 0.014855
0.311197 0.00001 0.688783 0.00001
0.220931 0.00001 0.774198 0.004861
0.00001 0.00001 0.99997 0.00001
0.143708 0.00001 0.856272 0.00001
0.00001 0.00001 0.991498 0.008482
0.196357 0.00001 0.803623 0.00001
0.380034 0.00001 0.604106 0.01585
0.072632 0.00001 0.927348 0.00001
0.237028 0.00001 0.762952 0.00001
0.253984 0.00001 0.721801 0.024205
0.00001 0.00001 0.99997 0.00001
0.235374 0.00001 0.764606 0.00001
0.218103 0.00001 0.781877 0.00001
0.282043 0.00001 0.707495 0.010452
0.469884 0.00001 0.530096 0.00001
0.246018 0.00001 0.753962 0.00001
0.163179 0.00001 0.836801 0.00001
0.260622 0.00001 0.739358 0.00001
0.247399 0.004017 0.748574 0.00001
0.197343 0.00001 0.802637 0.00001
0.307502 0.00001 0.692478 0.00001
0.271499 0.00001 0.722583 0.005908
0.186614 0.00001 0.813366 0.00001
0.247467 0.00001 0.752513 0.00001
0.323678 0.00001 0.676302 0.00001
0.284511 0.00001 0.711424 0.004055
0.227102 0.00001 0.772878 0.00001
0.344562 0.00001 0.655418 0.00001
0.272389 0.00001 0.719655 0.007945
0.229979 0.00001 0.770001 0.00001
0.322356 0.00001 0.600428 0.077206
0.202627 0.00001 0.797353 0.00001
0.035108 0.00001 0.964872 0.00001
0.371793 0.00001 0.628187 0.00001
0.184813 0.00001 0.815167 0.00001
0.264559 0.00001 0.732056 0.003374
0.13906 0.00001 0.86092 0.00001
0.150342 0.00001 0.849638 0.00001
0.269786 0.00001 0.727665 0.002539
0.360948 0.00001 0.639032 0.00001
0.211501 0.00001 0.788479 0.00001
0.204549 0.00001 0.782776 0.012665
0.393003 0.001672 0.605315 0.00001
0.00001 0.00001 0.99997 0.00001
0.372748 0.00001 0.627232 0.00001
0.00001 0.00001 0.99997 0.00001
0.156016 0.000591 0.843383 0.00001
0.142122 0.00001 0.857858 0.00001
0.330578 0.00001 0.669402 0.00001
0.00001 0.00001 0.99997 0.00001
0.269912 0.00001 0.730068 0.00001
0.311585 0.00001 0.688395 0.00001
0.137977 0.00001 0.862003 0.00001
0.255286 0.00001 0.744694 0.00001
0.177468 0.00001 0.820345 0.002176
0.104479 0.00001 0.895501 0.00001
0.167393 0.00001 0.832587 0.00001
0.304304 0.00001 0.695676 0.00001
0.285487 0.00001 0.713751 0.000752
0.00001 0.00001 0.99997 0.00001
0.00001 0.00001 0.99997 0.00001
0.184499 0.00001 0.815481 0.00001
0.306996 0.00001 0.692984 0.00001
0.230933 0.00001 0.769047 0.00001
0.243138 0.00001 0.756842 0.00001
0.085521 0.00001 0.914459 0.00001
0.206716 0.00001 0.793264 0.00001
0.213105 0.00001 0.786875 0.00001
0.362484 0.00001 0.637496 0.00001
0.327812 0.00001 0.668469 0.003709
0.327077 0.00001 0.672903 0.00001
0.120267 0.00001 0.879713 0.00001
0.204507 0.00001 0.795473 0.00001
0.201531 0.00001 0.798449 0.00001
0.247515 0.00001 0.752465 0.00001
0.038849 0.004544 0.956597 0.00001
0.00001 0.00001 0.99997 0.00001
0.129976 0.00001 0.870004 0.00001
0.00001 0.00001 0.99997 0.00001
0.210678 0.00001 0.789302 0.00001
0.200033 0.00001 0.771689 0.028268
0.146506 0.099012 0.363646 0.390836
0.157609 0.088939 0.370897 0.382555
0.059421 0.137929 0.552529 0.25012
0.133257 0.079484 0.625421 0.161839
0.053706 0.045193 0.715142 0.185959
0.134727 0.044249 0.623548 0.197477
0.036008 0.273521 0.164443 0.526028
0.121525 0.084732 0.345115 0.448627
0.149109 0.171147 0.200948 0.478795
0.160453 0.101584 0.559942 0.178021
0.162023 0.007958 0.638429 0.191589
0.00001 0.324943 0.101534 0.573513
0.119732 0.055851 0.183794 0.640623
0.101653 0.28646 0.118627 0.49326
0.050597 0.129421 0.150702 0.669279
0.092929 0.07815 0.651775 0.177145
0.203696 0.054281 0.570969 0.171054
0.106077 0.11443 0.541531 0.237962
0.202386 0.00001 0.52393 0.273674
0.193514 0.00001 0.586025 0.220451
0.17948 0.00001 0.626815 0.193696
0.306045 0.00001 0.581432 0.112513
0.00001 0.159855 0.636374 0.203761
0.102817 0.038066 0.598127 0.260991
0.030084 0.00001 0.612826 0.35708
0.243377 0.207357 0.488957 0.060309
0.16019 0.050209 0.670754 0.118848
0.233759 0.032243 0.531812 0.202186
0.185192 0.00001 0.629897 0.184902
0.205703 0.09351 0.59267 0.108118
0.156246 0.068757 0.52525 0.249748
0.167918 0.072652 0.661628 0.097802
0.158475 0.064265 0.645765 0.131495
0.177723 0.166934 0.604479 0.050864
0.228306 0.06909 0.559017 0.143587
0.170599 0.039643 0.572932 0.216825
0.257885 0.00001 0.538371 0.203734
0.094498 0.05021 0.706902 0.148389
0.182313 0.00001 0.598556 0.219121
0.110626 0.060519 0.683802 0.145053
0.064693 0.00001 0.479158 0.456139
0.12843 0.070075 0.604179 0.197316
0.215439 0.066188 0.61003 0.108344
0.253213 0.082701 0.664075 0.00001
0.00001 0.130549 0.00001 0.869431
0.00001 0.181005 0.004512 0.814473
0.00001 0.093778 0.00001 0.906202
0.00001 0.00001 0.00001 0.99997
0.00001 0.109087 0.00001 0.890893
0.00001 0.136447 0.00001 0.863533
0.00001 0.094421 0.00001 0.905559
0.00001 0.131126 0.00001 0.868854
0.00001 0.172863 0.00001 0.827117
0.00001 0.243771 0.00001 0.756209
0.00001 0.00001 0.00001 0.99997
0.00001 0.054286 0.00001 0.945694
0.00001 0.113916 0.00001 0.886064
0.00001 0.079603 0.00001 0.920377
0.00001 0.00001 0.00001 0.99997
0.00001 0.040071 0.00001 0.959909
0.00001 0.125077 0.00001 0.874903
0.00001 0.107963 0.00001 0.892017
0.023929 0.190178 0.00001 0.785883
0.00001 0.178441 0.00001 0.821539
0.00001 0.080094 0.00001 0.919886
0.00001 0.087623 0.00001 0.912357
0.00001 0.20564 0.00001 0.79434
0.00001 0.242181 0.00001 0.757799
0.00001 0.125653 0.00001 0.874327
0.00001 0.128474 0.00001 0.871506
0.00001 0.156692 0.00001 0.843288
0.00001 0.226756 0.00001 0.773224
0.00001 0.11223 0.00001 0.88775
0.00001 0.182294 0.00001 0.817686
0.00001 0.087442 0.00001 0.912538
0.00001 0.119125 0.005159 0.875706
0.00001 0.109067 0.00001 0.890913
0.00001 0.186495 0.00001 0.813485
0.00001 0.05824 0.00001 0.94174
0.00001 0.190358 0.00001 0.809622
0.00001 0.023768 0.00001 0.976212
0.00001 0.015272 0.00001 0.984708
0.00001 0.058164 0.00001 0.941816
0.00001 0.102496 0.00001 0.897484
0.00001 0.230306 0.00001 0.769674
0.00001 0.192579 0.00001 0.807401
0.00001 0.00001 0.04099 0.95899
0.00001 0.00001 0.031456 0.968524
0.00001 0.298068 0.00001 0.701912
0.00001 0.081244 0.00001 0.918736
0.00001 0.220285 0.014225 0.76548
0.00001 0.035434 0.030684 0.933872
0.00001 0.228093 0.00001 0.771887
0.00001 0.258893 0.00001 0.741087
0.00001 0.131023 0.00001 0.868957
0.00001 0.139276 0.00001 0.860704
0.00001 0.043201 0.00001 0.956779
0.00001 0.077169 0.00001 0.922811
0.00001 0.094343 0.00001 0.905637
0.00001 0.12572 0.00001 0.87426
0.00001 0.078994 0.00001 0.920986
0.00001 0.164952 0.00001 0.835028
0.00001 0.130255 0.002622 0.867113
0.00001 0.242595 0.00001 0.757385
0.00001 0.033858 0.023286 0.942845
0.00001 0.00001 0.024622 0.975358
0.010058 0.079235 0.00001 0.910697
0.003368 0.00001 0.00001 0.996612
0.00001 0.00001 0.00001 0.99997
0.00001 0.00001 0.00001 0.99997
0.00001 0.233841 0.00001 0.766139
0.006103 0.117766 0.00001 0.876121
0.00001 0.14162 0.00001 0.85836
0.00001 0.169889 0.00001 0.830091
0.00001 0.168018 0.003597 0.828375
0.00001 0.025769 0.00001 0.974211
0.00001 0.07552 0.00001 0.92446
0.00001 0.121389 0.00001 0.878591
0.00001 0.019078 0.00001 0.980902
0.00001 0.076113 0.002121 0.921756
0.00001 0.071884 0.00001 0.928096
0.00001 0.119202 0.00001 0.880778
0.00001 0.141142 0.00001 0.858838
0.00001 0.044048 0.00001 0.955932
0.00001 0.00001 0.00001 0.99997
0.000011 0.025452 0.00001 0.974527
0.00001 0.135931 0.00001 0.864049
0.00001 0.212149 0.00001 0.787831
0.00001 0.152983 0.00001 0.846997
0.00001 0.149255 0.00001 0.850725
0.00001 0.13488 0.00001 0.8651
0.00001 0.174821 0.00001 0.825159
0.00001 0.160807 0.00001 0.839173
0.00001 0.058683 0.00001 0.941297
0.00001 0.17569 0.00001 0.82429
0.00001 0.181648 0.00001 0.818332
0.00001 0.301412 0.00001 0.698568
0.00001 0.314875 0.00001 0.685105
0.00001 0.298188 0.00001 0.701792
0.00001 0.251187 0.00001 0.748793
0.00001 0.131954 0.00001 0.868026
0.00001 0.197486 0.00001 0.802494
0.00001 0.325591 0.00001 0.674389
0.00001 0.303712 0.00001 0.696268
0.00001 0.318406 0.00001 0.681574
0.00001 0.00001 0.00001 0.99997
0.00001 0.00001 0.00001 0.99997
0.00001 0.153795 0.00001 0.846185
0.00001 0.198928 0.00001 0.801052
0.00001 0.00001 0.00001 0.99997
0.011088 0.121443 0.00001 0.86746
0.00001 0.716451 0.00001 0.283529
0.00001 0.466307 0.00001 0.533673
0.00001 0.468396 0.00001 0.531584
0.00001 0.702387 0.00001 0.297593
0.00001 0.665521 0.00001 0.334459
0.00001 0.428467 0.00001 0.571513
0.00001 0.499202 0.00001 0.500778
0.00001 0.636042 0.00001 0.363938
0.00001 0.767312 0.00001 0.232668
0.00001 0.300286 0.00001 0.699694
0.00001 0.420349 0.00001 0.579631
0.00001 0.641148 0.00001 0.358832
0.00001 0.652004 0.00001 0.347976
0.00001 0.317577 0.00001 0.682403
0.00001 0.565879 0.00001 0.434101
0.00001 0.548267 0.00001 0.451713
0.00001 0.635681 0.00001 0.364299
0.00001 0.639552 0.00001 0.360428
0.00001 0.645517 0.00001 0.354463
0.00001 0.475471 0.00001 0.524509
0.00001 0.312268 0.00001 0.687712
0.00001 0.692864 0.00001 0.307116
0.00001 0.710152 0.00001 0.289828
0.00001 0.708596 0.00001 0.291384
0.00001 0.390915 0.00001 0.609065
0.00001 0.583244 0.00001 0.416736
0.00001 0.478799 0.00001 0.521181
0.00001 0.519313 0.00001 0.480667
0.00001 0.99997 0.00001 0.00001
0.00001 0.968875 0.00001 0.031105
0.00001 0.99997 0.00001 0.00001
0.00001 0.99997 0.00001 0.00001
0.00001 0.99997 0.00001 0.00001
0.00001 0.99997 0.00001 0.00001
0.00001 0.97191 0.00001 0.02807
0.00001 0.942525 0.00001 0.057455
0.00001 0.99997 0.00001 0.00001
0.00001 0.99997 0.00001 0.00001
0.00001 0.99997 0.00001 0.00001
0.00001 0.99997 0.00001 0.00001
0.00001 0.99997 0.00001 0.00001
0.00001 0.99997 0.00001 0.00001
0.00001 0.99997 0.00001 0.00001
0.00001 0.99997 0.00001 0.00001
0.00001 0.938509 0.00001 0.061471
0.00001 0.948308 0.00001 0.051672
0.00001 0.99997 0.00001 0.00001
0.00001 0.99997 0.00001 0.00001
0.00001 0.99997 0.00001 0.00001
0.00001 0.99997 0.00001 0.00001
0.00001 0.891761 0.00001 0.108219
0.00001 0.99997 0.00001 0.00001
0.00001 0.99997 0.00001 0.00001
0.00001 0.804256 0.00001 0.195724
0.00001 0.71843 0.00001 0.28155
0.00001 0.850353 0.00001 0.149627
0.00001 0.943687 0.00001 0.056293
0.00001 0.768001 0.00001 0.231979
0.00001 0.729878 0.00001 0.270102
0.00001 0.856177 0.00001 0.143803
0.00001 0.74399 0.00001 0.25599
0.00001 0.951311 0.00001 0.048669
0.00001 0.817612 0.00001 0.182368
0.00001 0.814245 0.00001 0.185735
0.00001 0.835631 0.00001 0.164349
0.00001 0.919394 0.00001 0.080586
0.00001 0.829368 0.00001 0.170612
0.00001 0.794998 0.00001 0.204982
0.00001 0.778109 0.00001 0.221871
0.00001 0.832194 0.00001 0.167786
0.00001 0.800703 0.00001 0.199277
0.00001 0.858009 0.00001 0.141971
0.00001 0.741965 0.00001 0.258015
0.00001 0.825216 0.00001 0.174764
0.00001 0.842128 0.00001 0.157852
0.00001 0.803899 0.00001 0.196081
0.00001 0.943148 0.00001 0.056832
0.00001 0.817553 0.00001 0.182427
0.00001 0.798606 0.00001 0.201374
0.00001 0.775575 0.00001 0.224405
0.00001 0.861983 0.00001 0.137997
0.00001 0.901366 0.00001 0.098614
0.00001 0.931748 0.00001 0.068232
0.00001 0.810348 0.00001 0.189632
0.00001 0.826313 0.00001 0.173667
0.00001 0.845858 0.00001 0.154122
0.00001 0.967553 0.00001 0.032427
0.00001 0.83153 0.00001 0.16845
0.00001 0.99997 0.00001 0.00001
0.00001 0.889281 0.00001 0.110699
0.00001 0.99997 0.00001 0.00001
0.00001 0.991536 0.00001 0.008444
0.00001 0.894556 0.00001 0.105424
0.00001 0.950433 0.00001 0.049547
0.00001 0.837713 0.00001 0.162267
0.00001 0.80486 0.00001 0.19512
0.00001 0.96141 0.00001 0.03857
0.00001 0.90439 0.00001 0.09559
0.00001 0.866523 0.00001 0.133457
0.00001 0.962991 0.00001 0.036989
0.00001 0.868291 0.00001 0.131689
0.00001 0.828511 0.00001 0.171469
0.00001 0.873137 0.00001 0.126843
0.00001 0.896946 0.00001 0.103034
0.00001 0.866909 0.00001 0.133071
0.00001 0.941643 0.00001 0.058337
0.00001 0.866141 0.00001 0.133839
0.00001 0.777959 0.00001 0.222021
0.00001 0.99997 0.00001 0.00001
0.00001 0.760554 0.00001 0.239426
0.00001 0.924364 0.00001 0.075616
0.00001 0.865497 0.00001 0.134483
0.00001 0.827328 0.00001 0.172652
0.00001 0.868551 0.00001 0.131429
0.00001 0.826292 0.00001 0.173688
0.00001 0.793155 0.00001 0.206825
0.00001 0.803948 0.00001 0.196032
