0.99997 0.00001 0.00001 0.00001
0.997183 0.00001 0.00001 0.002797
0.99997 0.00001 0.00001 0.00001
0.99997 0.00001 0.00001 0.00001
0.99997 0.00001 0.00001 0.00001
0.999968 0.000012 0.00001 0.00001
0.99997 0.00001 0.00001 0.00001
0.99997 0.00001 0.00001 0.00001
0.99997 0.00001 0.00001 0.00001
0.999965 0.000015 0.00001 0.00001
0.99997 0.00001 0.00001 0.00001
0.99997 0.00001 0.00001 0.00001
0.99997 0.00001 0.00001 0.00001
0.963096 0.00001 0.00001 0.036884
0.99997 0.00001 0.00001 0.00001
0.99997 0.00001 0.00001 0.00001
0.99997 0.00001 0.00001 0.00001
0.99997 0.00001 0.00001 0.00001
0.99997 0.00001 0.00001 0.00001
0.99997 0.00001 0.00001 0.00001
0.999968 0.000012 0.00001 0.00001
0.99997 0.00001 0.00001 0.00001
0.99997 0.00001 0.00001 0.00001
0.958566 0.00001 0.00001 0.041414
0.99997 0.00001 0.00001 0.00001
0.99997 0.00001 0.00001 0.00001
0.971191 0.028789 0.00001 0.00001
0.999966 0.000014 0.00001 0.00001
0.997676 0.002304 0.00001 0.00001
0.99997 0.00001 0.00001 0.00001
0.99997 0.00001 0.00001 0.00001
0.996763 0.00001 0.003217 0.00001
0.975718 0.024262 0.00001 0.00001
0.994879 0.00001 0.00001 0.005101
0.99997 0.00001 0.00001 0.00001
0.99997 0.00001 0.00001 0.00001
0.99997 0.00001 0.00001 0.00001
0.99997 0.00001 0.00001 0.00001
0.99997 0.00001 0.00001 0.00001
0.995576 0.00001 0.00001 0.004404
0.997314 0.00001 0.00001 0.002666
0.99997 0.00001 0.00001 0.00001
0.978848 0.00001 0.00001 0.021132
0.94944 0.05054 0.00001 0.00001
0.99997 0.00001 0.00001 0.00001
0.99997 0.00001 0.00001 0.00001
0.99997 0.00001 0.00001 0.00001
0.99997 0.00001 0.00001 0.00001
0.99997 0.00001 0.00001 0.00001
0.983074 0.016906 0.00001 0.00001
0.99997 0.00001 0.00001 0.00001
0.989335 0.00001 0.00001 0.010645
0.99997 0.00001 0.00001 0.00001
0.99997 0.00001 0.00001 0.00001
0.975131 0.00001 0.00001 0.024849
0.99997 0.00001 0.00001 0.00001
0.968442 0.00001 0.00001 0.031538
0.996275 0.003705 0.00001 0.00001
0.999969 0.000011 0.00001 0.00001
0.971086 0.00001 0.00001 0.028894
0.99997 0.00001 0.00001 0.00001
0.99997 0.00001 0.00001 0.00001
0.99997 0.00001 0.00001 0.00001
0.982746 0.00001 0.00001 0.017234
0.99997 0.00001 0.00001 0.00001
0.99997 0.00001 0.00001 0.00001
0.99997 0.00001 0.00001 0.00001
0.999968 0.000012 0.00001 0.00001
0.993413 0.00001 0.006567 0.00001
0.99997 0.00001 0.00001 0.00001
0.99997 0.00001 0.00001 0.00001
0.989631 0.00001 0.00001 0.010349
0.99997 0.00001 0.00001 0.00001
0.99997 0.00001 0.00001 0.00001
0.999966 0.000014 0.00001 0.00001
0.993289 0.006691 0.00001 0.00001
0.99997 0.00001 0.00001 0.00001
0.99997 0.00001 0.00001 0.00001
0.988928 0.011052 0.00001 0.00001
0.989559 0.00001 0.00001 0.010421
0.917269 0.00001 0.00001 0.082711
0.99997 0.00001 0.00001 0.00001
0.999962 0.00001 0.000018 0.00001
0.99997 0.00001 0.00001 0.00001
0.999968 0.000012 0.00001 0.00001
0.990759 0.00001 0.00001 0.009221
0.99997 0.00001 0.00001 0.00001
0.99997 0.00001 0.00001 0.00001
0.993605 0.00001 0.00001 0.006375
0.998077 0.001903 0.00001 0.00001
0.99997 0.00001 0.00001 0.00001
0.981629 0.00001 0.00001 0.018351
0.995858 0.00001 0.004122 0.00001
0.999743 0.00001 0.00001 0.000237
0.99997 0.00001 0.00001 0.00001
0.99997 0.00001 0.00001 0.00001
0.994952 0.00001 0.00001 0.005028
0.99997 0.00001 0.00001 0.00001
0.99997 0.00001 0.00001 0.00001
0.99997 0.00001 0.00001 0.00001
0.99997 0.00001 0.00001 0.00001
0.99997 0.00001 0.00001 0.00001
0.99997 0.00001 0.00001 0.00001
0.998556 0.001424 0.00001 0.00001
0.993165 0.006815 0.00001 0.00001
0.99997 0.00001 0.00001 0.00001
0.988901 0.00001 0.00001 0.011079
0.999964 0.000016 0.00001 0.00001
0.997221 0.002759 0.00001 0.00001
0.99997 0.00001 0.00001 0.00001
0.99997 0.00001 0.00001 0.00001
0.99997 0.00001 0.00001 0.00001
0.99997 0.00001 0.00001 0.00001
0.99997 0.00001 0.00001 0.00001
0.99997 0.00001 0.00001 0.00001
0.99997 0.00001 0.00001 0.00001
0.99997 0.00001 0.00001 0.00001
0.99997 0.00001 0.00001 0.00001
0.99997 0.00001 0.00001 0.00001
0.995001 0.004979 0.00001 0.00001
0.999417 0.00001 0.00001 0.000563
0.99997 0.00001 0.00001 0.00001
0.99997 0.00001 0.00001 0.00001
0.99997 0.00001 0.00001 0.00001
0.99997 0.00001 0.00001 0.00001
0.983992 0.00001 0.00001 0.015988
0.995632 0.004348 0.00001 0.00001
0.99997 0.00001 0.00001 0.00001
0.992756 0.00001 0.00001 0.007224
0.99997 0.00001 0.00001 0.00001
0.967787 0.032193 0.00001 0.00001
0.498226 0.23984 0.065125 0.19681
0.519559 0.268762 0.061936 0.149742
0.611335 0.273704 0.114951 0.00001
0.752138 0.07877 0.069896 0.099196
0.765315 0.167024 0.033111 0.034551
0.757863 0.188868 0.053259 0.00001
0.19494 0.427513 0.257159 0.120388
0.460221 0.342626 0.072196 0.124957
0.346266 0.409686 0.154735 0.089313
0.716594 0.143286 0.089463 0.050657
0.799075 0.187842 0.00001 0.013073
0.00001 0.00001 0.00001 0.99997
0.297595 0.546222 0.028699 0.127485
0.216091 0.442034 0.251863 0.090012
0.191786 0.515703 0.114677 0.177834
0.741405 0.14525 0.069052 0.044293
0.770206 0.131715 0.039758 0.058321
0.645263 0.225268 0.099447 0.030022
0.725162 0.253194 0.00001 0.021634
0.776679 0.176915 0.00001 0.046397
0.80537 0.19461 0.00001 0.00001
0.884781 0.086126 0.00001 0.029083
0.630956 0.140038 0.150169 0.078837
0.700465 0.273271 0.026254 0.00001
0.634284 0.218765 0.00001 0.14694
0.730874 0.091717 0.177399 0.00001
0.828601 0.164637 0.006752 0.00001
0.760094 0.137481 0.00941 0.093015
0.814415 0.185565 0.00001 0.00001
0.796054 0.153798 0.050138 0.00001
0.673957 0.12886 0.063028 0.134155
0.825108 0.00001 0.043854 0.131028
0.802832 0.160196 0.036962 0.00001
0.777789 0.021626 0.138324 0.06226
0.786668 0.158275 0.055047 0.00001
0.743809 0.222923 0.033258 0.00001
0.795732 0.196954 0.00001 0.007303
0.799028 0.174153 0.017246 0.009573
0.780685 0.219295 0.00001 0.00001
0.789177 0.093834 0.040945 0.076044
0.53795 0.360614 0.00001 0.101426
0.731529 0.199246 0.069215 0.00001
0.821666 0.06971 0.059116 0.049508
0.914875 0.00001 0.070888 0.014226
0.00001 0.688841 0.107703 0.203446
0.00001 0.734374 0.155289 0.110327
0.00001 0.789978 0.076956 0.133056
0.00001 0.99997 0.00001 0.00001
0.00001 0.95916 0.04082 0.00001
0.00001 0.838941 0.116445 0.044603
0.00001 0.755715 0.088066 0.156209
0.00001 0.909033 0.090947 0.00001
0.00001 0.782051 0.150056 0.067883
0.00001 0.759121 0.215102 0.025766
0.00001 0.99997 0.00001 0.00001
0.00001 0.99997 0.00001 0.00001
0.00001 0.927906 0.063938 0.008146
0.00001 0.991262 0.008718 0.00001
0.00001 0.99997 0.00001 0.00001
0.00001 0.99997 0.00001 0.00001
0.00001 0.744876 0.115564 0.13955
0.00001 0.755352 0.092533 0.152105
0.018798 0.757757 0.15613 0.067315
0.00001 0.736064 0.161074 0.102852
0.00001 0.794294 0.060627 0.145068
0.00001 0.963783 0.036197 0.00001
0.00001 0.718627 0.180707 0.100657
0.00001 0.784226 0.215754 0.00001
0.00001 0.752584 0.116381 0.131026
0.00001 0.775365 0.107511 0.117114
0.00001 0.809122 0.134049 0.056819
0.00001 0.751593 0.203229 0.045168
0.00001 0.908968 0.078641 0.01238
0.00001 0.813736 0.15342 0.032835
0.00001 0.791436 0.06192 0.146634
0.00001 0.770913 0.095137 0.13394
0.00001 0.720935 0.097435 0.18162
0.00001 0.67037 0.16327 0.16635
0.00001 0.983645 0.016335 0.00001
0.00001 0.696144 0.154793 0.149052
0.00001 0.869321 0.008088 0.122581
0.00001 0.99997 0.00001 0.00001
0.00001 0.842462 0.037626 0.119902
0.00001 0.791586 0.087177 0.121228
0.00001 0.748196 0.210475 0.041319
0.00001 0.742843 0.157072 0.100075
0.00001 0.00001 0.00001 0.99997
0.00001 0.00001 0.00001 0.99997
0.00001 0.705014 0.271838 0.023138
0.00001 0.8188 0.061896 0.119293
0.00001 0.669168 0.189856 0.140966
0.004437 0.805533 0.00001 0.19002
0.00001 0.760892 0.196477 0.042622
0.00001 0.704891 0.237676 0.057422
0.00001 0.740169 0.109792 0.150029
0.00001 0.812562 0.116191 0.071237
0.00001 0.99997 0.00001 0.00001
0.00001 0.917386 0.043773 0.038832
0.00001 0.99997 0.00001 0.00001
0.00001 0.928885 0.071095 0.00001
0.00001 0.832326 0.071411 0.096253
0.00001 0.803755 0.146356 0.049879
0.00001 0.772183 0.105173 0.122634
0.00001 0.710433 0.224621 0.064936
0.012484 0.827475 0.01757 0.142471
0.026395 0.973585 0.00001 0.00001
0.00001 0.765585 0.062471 0.171935
0.00001 0.869632 0.00001 0.130348
0.00001 0.99997 0.00001 0.00001
0.00001 0.99997 0.00001 0.00001
0.000228 0.767821 0.195528 0.036423
0.00001 0.786386 0.080592 0.133012
0.00001 0.750987 0.128988 0.120015
0.00001 0.675425 0.157429 0.167136
0.00001 0.694822 0.148869 0.156299
0.00001 0.831312 0.016955 0.151723
0.00001 0.869625 0.061009 0.069356
0.00001 0.778821 0.105623 0.115546
0.00001 0.960334 0.00001 0.039646
0.00001 0.782942 0.069186 0.147863
0.00001 0.99997 0.00001 0.00001
0.00001 0.735534 0.123703 0.140753
0.00001 0.751674 0.122324 0.125992
0.00001 0.744731 0.048573 0.206686
0.00001 0.99997 0.00001 0.00001
0.00001 0.930634 0.00001 0.069346
0.00001 0.888908 0.111072 0.00001
0.00001 0.819977 0.180003 0.00001
0.00001 0.895855 0.104125 0.00001
0.00001 0.872329 0.127651 0.00001
0.00001 0.810825 0.112345 0.07682
0.00001 0.782156 0.137553 0.080281
0.00001 0.821516 0.130613 0.047861
0.00001 0.97175 0.02823 0.00001
0.00001 0.728338 0.165429 0.106223
0.00001 0.771612 0.153918 0.07446
0.00001 0.606467 0.272257 0.121267
0.00001 0.586722 0.282729 0.130538
0.00001 0.776027 0.223953 0.00001
0.00001 0.649058 0.232132 0.1188
0.00001 0.93996 0.06002 0.00001
0.00001 0.852673 0.147307 0.00001
0.00001 0.614617 0.297921 0.087452
0.00001 0.62559 0.276813 0.097587
0.00001 0.706046 0.293934 0.00001
0.00001 0.847514 0.00001 0.152466
0.00001 0.99997 0.00001 0.00001
0.00001 0.682033 0.141159 0.176798
0.00001 0.715062 0.179917 0.105011
0.00001 0.8488 0.00001 0.15118
0.00001 0.753041 0.087063 0.159886
0.00001 0.347966 0.652014 0.00001
0.00001 0.56826 0.43172 0.00001
0.00001 0.503991 0.437966 0.058034
0.00001 0.37169 0.62829 0.00001
0.00001 0.30165 0.632252 0.066088
0.00001 0.583859 0.401291 0.01484
0.00001 0.538897 0.461083 0.00001
0.00001 0.330643 0.61179 0.057556
0.00001 0.281417 0.718563 0.00001
0.00001 0.615164 0.27585 0.108976
0.00001 0.574877 0.384821 0.040292
0.00001 0.391679 0.605799 0.002512
0.00001 0.400475 0.599505 0.00001
0.00001 0.630146 0.29564 0.074204
0.00001 0.45275 0.536263 0.010978
0.00001 0.475043 0.524937 0.00001
0.00001 0.357398 0.602144 0.040448
0.00001 0.378191 0.58928 0.032519
0.00001 0.371451 0.611642 0.016897
0.00001 0.448076 0.445545 0.106369
0.00001 0.679606 0.281803 0.038582
0.00001 0.321833 0.65239 0.025767
0.00001 0.361319 0.638661 0.00001
0.00001 0.406186 0.593794 0.00001
0.00001 0.655624 0.344356 0.00001
0.00001 0.448152 0.551828 0.00001
0.00001 0.572433 0.427547 0.00001
0.00001 0.414039 0.468714 0.117237
0.00001 0.00001 0.997791 0.002189
0.00001 0.06987 0.91124 0.01888
0.00001 0.00001 0.992543 0.007437
0.00001 0.00001 0.944131 0.055849
0.00001 0.00001 0.99997 0.00001
0.00001 0.00001 0.99997 0.00001
0.00001 0.078384 0.920031 0.001574
0.00001 0.130895 0.869085 0.00001
0.00001 0.00001 0.99997 0.00001
0.00001 0.00001 0.99997 0.00001
0.00001 0.00001 0.99997 0.00001
0.00001 0.00001 0.99997 0.00001
0.00001 0.00001 0.99997 0.00001
0.00001 0.00001 0.99997 0.00001
0.00001 0.00001 0.940818 0.059162
0.00001 0.00001 0.99997 0.00001
0.00001 0.00001 0.911783 0.088197
0.00001 0.114951 0.885029 0.00001
0.00001 0.00001 0.99997 0.00001
0.00001 0.00001 0.99997 0.00001
0.00001 0.00001 0.99997 0.00001
0.00001 0.00001 0.99997 0.00001
0.00001 0.182724 0.817256 0.00001
0.00001 0.00001 0.928774 0.071206
0.00001 0.00001 0.99997 0.00001
0.00001 0.250898 0.749082 0.00001
0.00001 0.276217 0.673123 0.050651
0.00001 0.180842 0.794737 0.02441
0.00001 0.127062 0.872918 0.00001
0.00001 0.244288 0.727308 0.028393
0.00001 0.2997 0.69988 0.00041
0.00001 0.150442 0.812169 0.037379
0.00001 0.318161 0.681819 0.00001
0.00001 0.123673 0.876307 0.00001
0.00001 0.226733 0.773247 0.00001
0.00001 0.239374 0.760606 0.00001
0.00001 0.228529 0.771451 0.00001
0.00001 0.134957 0.865023 0.00001
0.00001 0.167653 0.803245 0.029092
0.00001 0.240769 0.73942 0.019801
0.00001 0.288454 0.711526 0.00001
0.00001 0.232455 0.767525 0.00001
0.00001 0.242836 0.74727 0.009885
0.00001 0.211011 0.788969 0.00001
0.00001 0.21161 0.708364 0.080016
0.00001 0.095863 0.804181 0.099947
0.00001 0.218098 0.781882 0.00001
0.00001 0.227182 0.746746 0.026062
0.00001 0.173584 0.826396 0.00001
0.00001 0.222779 0.777201 0.00001
0.00001 0.260039 0.739941 0.00001
0.00001 0.275258 0.724722 0.00001
0.00001 0.190936 0.809044 0.00001
0.00001 0.160032 0.837244 0.002714
0.00001 0.163374 0.836606 0.00001
0.00001 0.250891 0.749089 0.00001
0.00001 0.219178 0.780802 0.00001
0.00001 0.13346 0.79248 0.07405
0.00001 0.110002 0.889978 0.00001
0.00001 0.257161 0.742819 0.00001
0.00001 0.00001 0.99997 0.00001
0.00001 0.179477 0.820503 0.00001
0.00001 0.00001 0.99997 0.00001
0.00001 0.002059 0.94567 0.052261
0.00001 0.189412 0.810568 0.00001
0.00001 0.124824 0.875156 0.00001
0.00001 0.200677 0.781255 0.018058
0.00001 0.261421 0.738559 0.00001
0.00001 0.121004 0.878976 0.00001
0.00001 0.154327 0.845653 0.00001
0.00001 0.211714 0.788266 0.00001
0.00001 0.126349 0.873631 0.00001
0.00001 0.186055 0.813925 0.00001
0.00001 0.227193 0.772787 0.00001
0.00001 0.208173 0.791807 0.00001
0.00001 0.126437 0.842486 0.031067
0.00001 0.218617 0.781363 0.00001
0.00001 0.147432 0.852548 0.00001
0.00001 0.144608 0.829661 0.025721
0.00001 0.285331 0.714649 0.00001
0.00001 0.010303 0.989677 0.00001
0.00001 0.221188 0.72345 0.055352
0.00001 0.114358 0.880548 0.005084
0.00001 0.171981 0.81312 0.014889
0.00001 0.228348 0.771632 0.00001
0.00001 0.094528 0.826484 0.078978
0.00001 0.222599 0.777381 0.00001
0.00001 0.276292 0.723688 0.00001
0.00001 0.267652 0.732328 0.00001
