0.00001 0.00001 0.99997 0.00001
0.00001 0.00001 0.99997 0.00001
0.00001 0.00001 0.99997 0.00001
0.00001 0.00001 0.99997 0.00001
0.00001 0.00001 0.99997 0.00001
0.00001 0.00001 0.99997 0.00001
0.00001 0.338314 0.661666 0.00001
0.00001 0.321873 0.678107 0.00001
0.00001 0.00001 0.99997 0.00001
0.00001 0.00001 0.99997 0.00001
0.00001 0.00001 0.99997 0.00001
0.00001 0.00001 0.99997 0.00001
0.00001 0.00001 0.99997 0.00001
0.00001 0.475065 0.497767 0.027158
0.00001 0.00001 0.99997 0.00001
0.00001 0.00001 0.99997 0.00001
0.00001 0.00001 0.99997 0.00001
0.00001 0.00001 0.99997 0.00001
0.00001 0.00001 0.99997 0.00001
0.00001 0.45307 0.54691 0.00001
0.00001 0.00001 0.99997 0.00001
0.00001 0.48231 0.51767 0.00001
0.00001 0.99997 0.00001 0.00001
0.00001 0.976381 0.00001 0.023599
0.000013 0.710273 0.289704 0.00001
0.00001 0.792528 0.207452 0.00001
0.00001 0.757835 0.216525 0.02563
0.00001 0.74852 0.25146 0.00001
0.00001 0.754622 0.245358 0.00001
0.00001 0.624039 0.375941 0.00001
0.00001 0.71065 0.28933 0.00001
0.001479 0.709092 0.289419 0.00001
0.00001 0.649409 0.328198 0.022382
0.00001 0.777867 0.222113 0.00001
0.00001 0.905082 0.094898 0.00001
0.00001 0.99997 0.00001 0.00001
0.00001 0.807626 0.192354 0.00001
0.00001 0.729947 0.270033 0.00001
0.00001 0.684052 0.315928 0.00001
0.00001 0.882047 0.117933 0.00001
0.00001 0.867755 0.132225 0.00001
0.00001 0.99997 0.00001 0.00001
0.00001 0.777455 0.205595 0.01694
0.00001 0.705951 0.245684 0.048355
0.00001 0.675775 0.324205 0.00001
0.00001 0.779604 0.220376 0.00001
0.00001 0.874658 0.125322 0.00001
0.00001 0.708082 0.291898 0.00001
0.00001 0.805324 0.194656 0.00001
0.00001 0.628563 0.356572 0.014855
0.00001 0.679751 0.320229 0.00001
0.00001 0.759114 0.235977 0.004899
0.00001 0.99997 0.00001 0.00001
0.00001 0.85216 0.14782 0.00001
0.00001 0.991673 0.00001 0.008307
0.00001 0.805639 0.194341 0.00001
0.00001 0.593466 0.390717 0.015807
0.00001 0.943763 0.056217 0.00001
0.00001 0.746492 0.253488 0.00001
0.00001 0.703769 0.271834 0.024388
0.00001 0.99997 0.00001 0.00001
0.00001 0.755209 0.244771 0.00001
0.00001 0.771111 0.228869 0.00001
0.00001 0.698321 0.291233 0.010436
0.00001 0.516606 0.483374 0.00001
0.00001 0.75039 0.24959 0.00001
0.00001 0.827713 0.172267 0.00001
0.00001 0.741117 0.258863 0.00001
0.004016 0.741688 0.254286 0.00001
0.00001 0.802537 0.197443 0.00001
0.00001 0.690546 0.309434 0.00001
0.00001 0.717338 0.276835 0.005817
0.00001 0.800802 0.199178 0.00001
0.00001 0.744146 0.255834 0.00001
0.00001 0.661124 0.338856 0.00001
0.00001 0.699645 0.296256 0.004089
0.00001 0.765286 0.234694 0.00001
0.00001 0.635482 0.364498 0.00001
0.00001 0.710927 0.281112 0.00795
0.00001 0.757145 0.242835 0.00001
0.00001 0.596007 0.326785 0.077198
0.00001 0.792592 0.207388 0.00001
0.00001 0.985889 0.014091 0.00001
0.00001 0.624266 0.375714 0.00001
0.00001 0.808038 0.191942 0.00001
0.00001 0.720311 0.276298 0.003381
0.00001 0.845434 0.154546 0.00001
0.00001 0.850127 0.149853 0.00001
0.00001 0.71654 0.280879 0.002571
0.00001 0.622432 0.377548 0.00001
0.00001 0.781435 0.218545 0.00001
0.00001 0.776042 0.211313 0.012635
0.001515 0.590627 0.407848 0.00001
0.00001 0.99997 0.00001 0.00001
0.00001 0.618769 0.381211 0.00001
0.00001 0.99997 0.00001 0.00001
0.000554 0.837469 0.161967 0.00001
0.00001 0.855893 0.144087 0.00001
0.00001 0.660635 0.339345 0.00001
0.00001 0.99997 0.00001 0.00001
0.00001 0.726897 0.273083 0.00001
0.00001 0.688021 0.311959 0.00001
0.00001 0.849548 0.150432 0.00001
0.00001 0.737924 0.262056 0.00001
0.00001 0.807114 0.190642 0.002234
0.00001 0.895208 0.104772 0.00001
0.00001 0.824669 0.175311 0.00001
0.00001 0.684299 0.315681 0.00001
0.00001 0.708119 0.291163 0.000708
0.00001 0.99997 0.00001 0.00001
0.00001 0.99997 0.00001 0.00001
0.00001 0.810231 0.189749 0.00001
0.00001 0.687495 0.312485 0.00001
0.00001 0.754152 0.245828 0.00001
0.00001 0.743509 0.256471 0.00001
0.00001 0.897582 0.102398 0.00001
0.00001 0.775457 0.224523 0.00001
0.00001 0.773787 0.226193 0.00001
0.00001 0.62276 0.37722 0.00001
0.00001 0.661708 0.334608 0.003673
0.00001 0.669563 0.330417 0.00001
0.00001 0.86353 0.13645 0.00001
0.00001 0.798917 0.201063 0.00001
0.00001 0.791539 0.208441 0.00001
0.000019 0.745712 0.25426 0.00001
0.003838 0.973237 0.022915 0.00001
0.00001 0.99997 0.00001 0.00001
0.00001 0.880174 0.119806 0.00001
0.00001 0.99997 0.00001 0.00001
0.00001 0.784284 0.215696 0.00001
0.00001 0.763317 0.20845 0.028223
0.098903 0.355223 0.154927 0.390947
0.08889 0.362848 0.165647 0.382615
0.138602 0.545818 0.066219 0.249362
0.079774 0.620427 0.138316 0.161483
0.04562 0.707104 0.061768 0.185507
0.044735 0.609152 0.149098 0.197015
0.273585 0.163834 0.036625 0.525957
0.084719 0.337804 0.128821 0.448655
0.171079 0.202435 0.147664 0.478822
0.101878 0.559303 0.161133 0.177686
0.008191 0.635515 0.164942 0.191352
0.325044 0.10158 0.00001 0.573366
0.056167 0.191999 0.111549 0.640285
0.28643 0.118268 0.102067 0.493235
0.129575 0.152171 0.049171 0.669084
0.07873 0.644365 0.100382 0.176523
0.054443 0.56749 0.207191 0.170876
0.114688 0.539677 0.107968 0.237667
0.00001 0.514926 0.211379 0.273685
0.00001 0.586183 0.193402 0.220405
0.00001 0.627088 0.179215 0.193687
0.00001 0.569161 0.318335 0.112494
0.160127 0.636481 0.00001 0.203383
0.038366 0.589382 0.111597 0.260654
0.00001 0.617813 0.025064 0.357112
0.207511 0.485344 0.24703 0.060114
0.050383 0.663499 0.16747 0.118648
0.0325 0.530955 0.234644 0.201901
0.00001 0.624492 0.190605 0.184893
0.094079 0.593067 0.205375 0.107478
0.068984 0.519182 0.162311 0.249523
0.073236 0.659565 0.170034 0.097165
0.064322 0.638543 0.1657 0.131435
0.167343 0.600422 0.181817 0.050418
0.069172 0.555379 0.231965 0.143484
0.039577 0.564896 0.178649 0.216877
0.00001 0.52749 0.268788 0.203712
0.05021 0.691819 0.109568 0.148403
0.00001 0.596919 0.183953 0.219118
0.0606 0.678715 0.115691 0.144994
0.00001 0.466157 0.077688 0.456145
0.070083 0.602357 0.130282 0.197278
0.06635 0.609517 0.215998 0.108135
0.082733 0.644295 0.272962 0.00001
0.130605 0.000011 0.00001 0.869374
0.180925 0.004383 0.00001 0.814683
0.093793 0.00001 0.00001 0.906187
0.00001 0.00001 0.00001 0.99997
0.109007 0.00001 0.00001 0.890973
0.136405 0.00001 0.00001 0.863575
0.094468 0.000014 0.00001 0.905508
0.131085 0.00001 0.00001 0.868895
0.172932 0.00001 0.00001 0.827048
0.243793 0.00001 0.00001 0.756187
0.00001 0.00001 0.00001 0.99997
0.054244 0.00001 0.00001 0.945736
0.113862 0.00001 0.00001 0.886118
0.079624 0.00001 0.00001 0.920356
0.00001 0.00001 0.00001 0.99997
0.040073 0.00001 0.00001 0.959907
0.125133 0.00001 0.00001 0.874847
0.107848 0.00001 0.00001 0.892132
0.190425 0.00001 0.024074 0.785491
0.178512 0.00001 0.00001 0.821468
0.080155 0.00001 0.00001 0.919825
0.087669 0.00001 0.00001 0.912311
0.205726 0.00001 0.00001 0.794254
0.242179 0.00001 0.00001 0.757801
0.125819 0.00001 0.00001 0.874161
0.12851 0.00001 0.00001 0.87147
0.156683 0.00001 0.00001 0.843297
0.226755 0.00001 0.00001 0.773225
0.112285 0.00001 0.00001 0.887695
0.182297 0.00001 0.00001 0.817683
0.087457 0.00001 0.00001 0.912523
0.119162 0.005189 0.00001 0.87564
0.109053 0.00001 0.00001 0.890927
0.186511 0.00001 0.00001 0.813469
0.058268 0.00001 0.00001 0.941712
0.190356 0.00001 0.00001 0.809624
0.023702 0.00001 0.00001 0.976278
0.015219 0.00001 0.00001 0.984761
0.058069 0.00001 0.00001 0.941911
0.102471 0.00001 0.00001 0.897509
0.230267 0.00001 0.00001 0.769713
0.192579 0.00001 0.00001 0.807401
0.00001 0.041022 0.00001 0.958958
0.00001 0.031374 0.00001 0.968606
0.298079 0.00001 0.00001 0.701901
0.08126 0.00001 0.00001 0.91872
0.220698 0.014505 0.00001 0.764787
0.035631 0.030745 0.00001 0.933615
0.227972 0.00001 0.00001 0.772008
0.258972 0.00001 0.00001 0.741008
0.131038 0.00001 0.00001 0.868942
0.139375 0.00001 0.00001 0.860605
0.043122 0.00001 0.00001 0.956858
0.077136 0.00001 0.00001 0.922844
0.094382 0.00001 0.00001 0.905598
0.125882 0.00001 0.00001 0.874098
0.079065 0.00001 0.00001 0.920915
0.165071 0.00001 0.00001 0.834909
0.130866 0.002948 0.00001 0.866175
0.242574 0.00001 0.00001 0.757406
0.03378 0.023239 0.00001 0.942971
0.00001 0.024665 0.00001 0.975315
0.078611 0.00001 0.009541 0.911838
0.00001 0.00001 0.003156 0.996824
0.00001 0.00001 0.00001 0.99997
0.00001 0.00001 0.00001 0.99997
0.233844 0.00001 0.00001 0.766136
0.118117 0.00001 0.006309 0.875564
0.141725 0.00001 0.00001 0.858255
0.170019 0.00001 0.00001 0.829961
0.168178 0.003671 0.00001 0.828142
0.025797 0.00001 0.00001 0.974183
0.075466 0.00001 0.00001 0.924514
0.121276 0.00001 0.00001 0.878704
0.01908 0.00001 0.00001 0.9809
0.076296 0.002252 0.00001 0.921442
0.071813 0.00001 0.00001 0.928167
0.119298 0.00001 0.00001 0.880682
0.14123 0.00001 0.00001 0.85875
0.044068 0.00001 0.00001 0.955912
0.00001 0.00001 0.00001 0.99997
0.025461 0.00001 0.00001 0.974519
0.135945 0.00001 0.00001 0.864035
0.212052 0.00001 0.00001 0.787928
0.152882 0.00001 0.00001 0.847098
0.149147 0.00001 0.00001 0.850833
0.134802 0.00001 0.00001 0.865178
0.174822 0.00001 0.00001 0.825158
0.160941 0.00001 0.00001 0.839039
0.058569 0.00001 0.00001 0.941411
0.175674 0.00001 0.00001 0.824306
0.181741 0.00001 0.00001 0.818239
0.301432 0.00001 0.00001 0.698548
0.314993 0.00001 0.00001 0.684987
0.298263 0.00001 0.00001 0.701717
0.251254 0.00001 0.00001 0.748726
0.132 0.00001 0.00001 0.86798
0.197511 0.00001 0.00001 0.802469
0.32572 0.00001 0.00001 0.67426
0.303692 0.00001 0.00001 0.696288
0.318441 0.00001 0.00001 0.681539
0.00001 0.00001 0.00001 0.99997
0.00001 0.00001 0.00001 0.99997
0.153764 0.000016 0.00001 0.84621
0.198889 0.00001 0.00001 0.801091
0.00001 0.00001 0.00001 0.99997
0.12091 0.00001 0.010653 0.868428
0.716542 0.00001 0.00001 0.283438
0.466278 0.00001 0.00001 0.533702
0.468339 0.00001 0.00001 0.531641
0.702401 0.00001 0.00001 0.297579
0.665692 0.00001 0.00001 0.334288
0.428541 0.00001 0.00001 0.571439
0.499288 0.00001 0.00001 0.500692
0.636129 0.00001 0.00001 0.363851
0.767378 0.00001 0.00001 0.232602
0.300301 0.00001 0.00001 0.699679
0.420505 0.00001 0.00001 0.579475
0.641154 0.00001 0.00001 0.358826
0.652039 0.00001 0.00001 0.347941
0.317678 0.00001 0.00001 0.682302
0.56596 0.00001 0.00001 0.43402
0.548314 0.00001 0.00001 0.451666
0.635789 0.00001 0.00001 0.364191
0.639574 0.00001 0.00001 0.360406
0.64561 0.00001 0.00001 0.35437
0.475511 0.00001 0.00001 0.524469
0.312289 0.00001 0.00001 0.687691
0.69293 0.00001 0.00001 0.30705
0.710284 0.00001 0.00001 0.289696
0.708671 0.00001 0.00001 0.291309
0.390973 0.00001 0.00001 0.609007
0.583248 0.00001 0.00001 0.416732
0.478925 0.00001 0.00001 0.521055
0.519415 0.00001 0.00001 0.480565
0.99997 0.00001 0.00001 0.00001
0.969052 0.00001 0.00001 0.030928
0.99997 0.00001 0.00001 0.00001
0.99997 0.00001 0.00001 0.00001
0.99997 0.00001 0.00001 0.00001
0.99997 0.00001 0.00001 0.00001
0.971969 0.00001 0.00001 0.028011
0.942535 0.00001 0.00001 0.057445
0.99997 0.00001 0.00001 0.00001
0.99997 0.00001 0.00001 0.00001
0.99997 0.00001 0.00001 0.00001
0.99997 0.00001 0.00001 0.00001
0.99997 0.00001 0.00001 0.00001
0.99997 0.00001 0.00001 0.00001
0.99997 0.00001 0.00001 0.00001
0.99997 0.00001 0.00001 0.00001
0.93833 0.00001 0.00001 0.06165
0.94846 0.00001 0.00001 0.05152
0.99997 0.00001 0.00001 0.00001
0.99997 0.00001 0.00001 0.00001
0.99997 0.00001 0.00001 0.00001
0.99997 0.00001 0.00001 0.00001
0.89188 0.00001 0.00001 0.1081
0.99997 0.00001 0.00001 0.00001
0.99997 0.00001 0.00001 0.00001
0.80429 0.00001 0.00001 0.19569
0.718474 0.00001 0.00001 0.281506
0.850511 0.00001 0.00001 0.149469
0.943822 0.00001 0.00001 0.056158
0.76802 0.00001 0.00001 0.23196
0.730032 0.00001 0.00001 0.269948
0.856147 0.00001 0.00001 0.143833
0.744112 0.00001 0.00001 0.255868
0.951313 0.00001 0.00001 0.048667
0.817537 0.00001 0.00001 0.182443
0.814294 0.00001 0.00001 0.185686
0.835645 0.00001 0.00001 0.164335
0.919412 0.00001 0.00001 0.080568
0.829515 0.00001 0.00001 0.170465
0.795179 0.00001 0.00001 0.204801
0.778235 0.00001 0.00001 0.221745
0.832262 0.00001 0.00001 0.167718
0.800732 0.00001 0.00001 0.199248
0.858101 0.00001 0.00001 0.141879
0.741987 0.00001 0.00001 0.257993
0.825172 0.00001 0.00001 0.174808
0.842188 0.00001 0.00001 0.157792
0.803942 0.00001 0.00001 0.196038
0.943232 0.00001 0.00001 0.056748
0.817664 0.00001 0.00001 0.182316
0.798677 0.00001 0.00001 0.201303
0.775605 0.00001 0.00001 0.224375
0.862057 0.00001 0.00001 0.137923
0.901617 0.00001 0.00001 0.098363
0.931787 0.00001 0.00001 0.068193
0.810404 0.00001 0.00001 0.189576
0.826266 0.00001 0.00001 0.173714
0.84585 0.00001 0.00001 0.15413
0.967613 0.00001 0.00001 0.032367
0.831673 0.00001 0.00001 0.168307
0.99997 0.00001 0.00001 0.00001
0.889327 0.00001 0.00001 0.110653
0.99997 0.00001 0.00001 0.00001
0.991523 0.00001 0.00001 0.008457
0.89462 0.00001 0.00001 0.10536
0.95056 0.00001 0.00001 0.04942
0.837718 0.00001 0.00001 0.162262
0.804962 0.00001 0.00001 0.195018
0.961424 0.00001 0.00001 0.038556
0.904465 0.00001 0.00001 0.095515
0.866661 0.00001 0.00001 0.133319
0.962988 0.00001 0.00001 0.036992
0.868304 0.00001 0.00001 0.131676
0.828546 0.00001 0.00001 0.171434
0.873226 0.00001 0.00001 0.126754
0.897117 0.00001 0.00001 0.102863
0.866954 0.00001 0.00001 0.133026
0.941718 0.00001 0.00001 0.058262
0.866254 0.00001 0.00001 0.133726
0.778047 0.00001 0.00001 0.221933
0.99997 0.00001 0.00001 0.00001
0.760506 0.00001 0.00001 0.239474
0.924468 0.00001 0.00001 0.075512
0.865516 0.00001 0.00001 0.134464
0.827427 0.00001 0.00001 0.172553
0.868627 0.00001 0.00001 0.131353
0.826349 0.00001 0.00001 0.173631
0.793253 0.00001 0.00001 0.206727
0.803952 0.00001 0.00001 0.196028
