0.00001 0.00001 0.99996 0.00001 0.00001
0.00001 0.00001 0.99996 0.00001 0.00001
0.00001 0.00001 0.99996 0.00001 0.00001
0.00001 0.00001 0.99996 0.00001 0.00001
0.00001 0.00001 0.99996 0.00001 0.00001
0.00001 0.00001 0.99996 0.00001 0.00001
0.00001 0.321948 0.678022 0.00001 0.00001
0.00001 0.00001 0.99996 0.00001 0.00001
0.00001 0.00001 0.99996 0.00001 0.00001
0.00001 0.00001 0.99996 0.00001 0.00001
0.00001 0.00001 0.99996 0.00001 0.00001
0.00001 0.00001 0.99996 0.00001 0.00001
0.00001 0.27737 0.7226 0.00001 0.00001
0.017547 0.473873 0.498764 0.009805 0.00001
0.00001 0.00001 0.99996 0.00001 0.00001
0.00001 0.00001 0.99996 0.00001 0.00001
0.00001 0.00001 0.99996 0.00001 0.00001
0.00001 0.00001 0.99996 0.00001 0.00001
0.00001 0.00001 0.99996 0.00001 0.00001
0.00001 0.44355 0.55642 0.00001 0.00001
0.00001 0.00001 0.99996 0.00001 0.00001
0.00001 0.493427 0.506543 0.00001 0.00001
0.00001 0.999959 0.000011 0.00001 0.00001
0.02474 0.97523 0.00001 0.00001 0.00001
0.00001 0.725355 0.274615 0.00001 0.00001
0.00001 0.814379 0.185591 0.00001 0.00001
0.026734 0.757081 0.216165 0.00001 0.00001
0.00001 0.749495 0.250475 0.00001 0.00001
0.000457 0.749683 0.249839 0.00001 0.00001
0.00001 0.617623 0.382347 0.00001 0.00001
0.00001 0.719919 0.280051 0.00001 0.00001
0.00001 0.721722 0.276447 0.00001 0.001811
0.023231 0.635825 0.340923 0.00001 0.00001
0.000015 0.771227 0.228738 0.00001 0.00001
0.00001 0.914253 0.085717 0.00001 0.00001
0.00001 0.99996 0.00001 0.00001 0.00001
0.00001 0.797915 0.202055 0.00001 0.00001
0.00001 0.74198 0.25799 0.00001 0.00001
0.00001 0.688048 0.311922 0.00001 0.00001
0.00001 0.889923 0.110047 0.00001 0.00001
0.00001 0.881383 0.118587 0.00001 0.00001
0.00001 0.99996 0.00001 0.00001 0.00001
0.00001 0.780804 0.200177 0.018999 0.00001
0.049899 0.699453 0.250628 0.00001 0.00001
0.00001 0.686259 0.313408 0.00001 0.000314
0.00001 0.795355 0.204615 0.00001 0.00001
0.00001 0.888324 0.111646 0.00001 0.00001
0.00001 0.713621 0.286349 0.00001 0.00001
0.00001 0.814894 0.185076 0.00001 0.00001
0.015879 0.640843 0.343258 0.00001 0.00001
0.00001 0.668673 0.331297 0.00001 0.00001
0.006273 0.763921 0.229787 0.00001 0.00001
0.00001 0.99996 0.00001 0.00001 0.00001
0.00001 0.863814 0.136156 0.00001 0.00001
0.009705 0.990265 0.00001 0.00001 0.00001
0.00001 0.801884 0.198086 0.00001 0.00001
0.017818 0.609375 0.372787 0.00001 0.00001
0.000321 0.896363 0.103296 0.00001 0.00001
0.00001 0.751638 0.248332 0.00001 0.00001
0.024582 0.710101 0.265298 0.00001 0.00001
0.00001 0.99996 0.00001 0.00001 0.00001
0.00001 0.763774 0.236196 0.00001 0.00001
0.00001 0.774128 0.225842 0.00001 0.00001
0.00001 0.692444 0.293851 0.013685 0.00001
0.00001 0.525955 0.474015 0.00001 0.00001
0.00001 0.742595 0.257375 0.00001 0.00001
0.00001 0.83541 0.16456 0.00001 0.00001
0.00001 0.720538 0.279432 0.00001 0.00001
0.00001 0.74357 0.251423 0.004987 0.00001
0.00001 0.778187 0.221783 0.00001 0.00001
0.00001 0.688545 0.311425 0.00001 0.00001
0.006705 0.710664 0.282611 0.00001 0.00001
0.00001 0.809974 0.189996 0.00001 0.00001
0.00001 0.749912 0.250058 0.00001 0.00001
0.00001 0.67784 0.32213 0.00001 0.00001
0.00001 0.707385 0.28691 0.005685 0.00001
0.00001 0.769207 0.230763 0.00001 0.00001
0.00001 0.656602 0.343368 0.00001 0.00001
0.008795 0.707478 0.283707 0.00001 0.00001
0.00001 0.765083 0.234887 0.00001 0.00001
0.011469 0.588846 0.336393 0.063282 0.00001
0.00001 0.792195 0.207775 0.00001 0.00001
0.00001 0.989066 0.010904 0.00001 0.00001
0.00001 0.618658 0.381312 0.00001 0.00001
0.00001 0.806439 0.193531 0.00001 0.00001
0.00001 0.727911 0.267544 0.004525 0.00001
0.00001 0.854573 0.145397 0.00001 0.00001
0.00001 0.835437 0.164533 0.00001 0.00001
0.00001 0.72324 0.273672 0.00001 0.003068
0.00001 0.631204 0.368766 0.00001 0.00001
0.00001 0.784272 0.215698 0.00001 0.00001
0.013073 0.77546 0.211448 0.00001 0.00001
0.00001 0.593336 0.404306 0.002338 0.00001
0.00001 0.99996 0.00001 0.00001 0.00001
0.00001 0.618479 0.381491 0.00001 0.00001
0.00001 0.99996 0.00001 0.00001 0.00001
0.00001 0.835871 0.160294 0.003815 0.00001
0.00001 0.854314 0.145656 0.00001 0.00001
0.00001 0.659138 0.340832 0.00001 0.00001
0.00001 0.99996 0.00001 0.00001 0.00001
0.00001 0.719303 0.280667 0.00001 0.00001
0.00001 0.681464 0.318506 0.00001 0.00001
0.00001 0.854837 0.145133 0.00001 0.00001
0.00001 0.726866 0.272579 0.000535 0.00001
0.003568 0.81327 0.183142 0.00001 0.00001
0.00001 0.899963 0.100007 0.00001 0.00001
0.00001 0.824324 0.175646 0.00001 0.00001
0.00001 0.699298 0.300672 0.00001 0.00001
0.001058 0.707268 0.291654 0.00001 0.00001
0.00001 0.99996 0.00001 0.00001 0.00001
0.00001 0.99996 0.00001 0.00001 0.00001
0.00001 0.812014 0.187956 0.00001 0.00001
0.00001 0.677503 0.322467 0.00001 0.00001
0.00001 0.76993 0.23004 0.00001 0.00001
0.00001 0.746071 0.253899 0.00001 0.00001
0.00001 0.931126 0.068844 0.00001 0.00001
0.00001 0.783358 0.216612 0.00001 0.00001
0.00001 0.778615 0.221355 0.00001 0.00001
0.00001 0.623675 0.376295 0.00001 0.00001
0.004664 0.652227 0.343089 0.00001 0.00001
0.00001 0.665086 0.334884 0.00001 0.00001
0.00001 0.876526 0.123444 0.00001 0.00001
0.00001 0.78141 0.21856 0.00001 0.00001
0.00001 0.789924 0.210046 0.00001 0.00001
0.00001 0.738291 0.261679 0.00001 0.00001
0.00001 0.952448 0.039498 0.00001 0.008034
0.00001 0.99996 0.00001 0.00001 0.00001
0.00001 0.858332 0.141638 0.00001 0.00001
0.000841 0.999129 0.00001 0.00001 0.00001
0.00001 0.78732 0.21265 0.00001 0.00001
0.00001 0.759057 0.212447 0.028476 0.00001
0.333636 0.35484 0.154557 0.064165 0.092802
0.334153 0.360862 0.166836 0.13814 0.00001
0.202816 0.556459 0.055229 0.065908 0.119588
0.138613 0.628344 0.129864 0.065561 0.037618
0.155246 0.719672 0.04867 0.076402 0.00001
0.153371 0.612686 0.145616 0.03093 0.057398
0.430333 0.163265 0.036842 0.157667 0.211893
0.356594 0.339512 0.127332 0.046818 0.129744
0.371622 0.19469 0.155893 0.084294 0.193501
0.144676 0.548242 0.171736 0.039619 0.095727
0.134559 0.631073 0.169057 0.065301 0.00001
0.470999 0.100886 0.00001 0.217109 0.210996
0.524951 0.183878 0.119521 0.057659 0.11399
0.384779 0.121849 0.098764 0.087591 0.307016
0.552632 0.138143 0.062623 0.111337 0.135265
0.120285 0.652845 0.091151 0.135709 0.00001
0.148093 0.567228 0.206703 0.056368 0.021608
0.188769 0.55048 0.096833 0.016639 0.147279
0.241601 0.515649 0.210361 0.00001 0.032379
0.180132 0.586741 0.19252 0.00001 0.040597
0.156298 0.62139 0.18412 0.00001 0.038183
0.083508 0.57615 0.310732 0.0296 0.00001
0.171782 0.635665 0.00001 0.120736 0.071807
0.21281 0.602313 0.098311 0.032934 0.053632
0.279113 0.61266 0.030405 0.00001 0.077811
0.044281 0.480491 0.251535 0.085471 0.138222
0.105821 0.663502 0.167088 0.060311 0.003277
0.16905 0.52162 0.243284 0.066036 0.00001
0.149391 0.622286 0.192268 0.036045 0.00001
0.08442 0.593542 0.204587 0.043873 0.073577
0.200869 0.511595 0.169789 0.021342 0.096405
0.083818 0.655079 0.173841 0.068965 0.018297
0.064331 0.64332 0.161701 0.00001 0.130639
0.011907 0.600938 0.182923 0.00001 0.204222
0.117548 0.556948 0.230075 0.047578 0.047852
0.162828 0.56751 0.176175 0.00001 0.093477
0.170167 0.524914 0.270912 0.033997 0.00001
0.126778 0.697621 0.103708 0.050173 0.02172
0.203887 0.588862 0.191253 0.015988 0.00001
0.113584 0.678828 0.115447 0.00001 0.092131
0.412075 0.483892 0.059235 0.044787 0.00001
0.185464 0.597871 0.133772 0.08247 0.000422
0.043614 0.610252 0.216554 0.12957 0.00001
0.00001 0.657327 0.259752 0.038894 0.044016
0.729448 0.00001 0.00001 0.129144 0.141387
0.712636 0.00001 0.00001 0.223309 0.064036
0.753081 0.00001 0.00001 0.246889 0.00001
0.847424 0.00001 0.00001 0.152546 0.00001
0.751325 0.00001 0.00001 0.165879 0.082776
0.720934 0.00001 0.00001 0.147876 0.13117
0.750666 0.00001 0.00001 0.093307 0.156007
0.687614 0.00001 0.00001 0.00001 0.312356
0.690231 0.00001 0.00001 0.12864 0.181108
0.625088 0.00001 0.00001 0.168149 0.206742
0.911863 0.00001 0.00001 0.00001 0.088107
0.807321 0.00001 0.00001 0.192649 0.00001
0.735401 0.00001 0.00001 0.119885 0.144694
0.745886 0.00001 0.00001 0.021465 0.232629
0.849523 0.00001 0.00001 0.100899 0.049558
0.798095 0.00001 0.00001 0.201875 0.00001
0.72155 0.00001 0.00001 0.097807 0.180622
0.745229 0.00001 0.00001 0.160923 0.093828
0.644803 0.00001 0.022866 0.14288 0.189441
0.670854 0.00001 0.00001 0.107164 0.221963
0.773424 0.00001 0.00001 0.155116 0.07144
0.745851 0.00001 0.00001 0.055992 0.198137
0.666075 0.00001 0.00001 0.236103 0.097802
0.61638 0.00001 0.00001 0.041572 0.342028
0.738947 0.00001 0.00001 0.170579 0.090454
0.6873 0.00001 0.00001 0.00001 0.31267
0.689321 0.00001 0.00001 0.045285 0.265374
0.638036 0.00001 0.00001 0.1808 0.181145
0.724622 0.00001 0.00001 0.04552 0.229838
0.661324 0.00001 0.00001 0.014906 0.32375
0.791525 0.00001 0.00001 0.208445 0.00001
0.715018 0.004395 0.00001 0.13639 0.144187
0.672528 0.00001 0.00001 0.00001 0.327442
0.668861 0.00001 0.00001 0.17897 0.152149
0.798345 0.00001 0.00001 0.159414 0.042221
0.669235 0.00001 0.00001 0.072997 0.257748
0.794902 0.00001 0.00001 0.070219 0.134859
0.776611 0.00001 0.00001 0.00001 0.223359
0.776867 0.00001 0.00001 0.029937 0.193176
0.772096 0.00001 0.00001 0.227874 0.00001
0.627214 0.00001 0.00001 0.16064 0.212127
0.657239 0.00001 0.00001 0.092426 0.250315
0.808596 0.038947 0.00001 0.152437 0.00001
0.819744 0.027223 0.00001 0.153014 0.00001
0.563613 0.00001 0.00001 0.152657 0.283711
0.772747 0.00001 0.00001 0.227223 0.00001
0.631807 0.012268 0.00001 0.126002 0.229912
0.770715 0.029965 0.00001 0.047375 0.151935
0.62021 0.00001 0.00001 0.003408 0.376362
0.595641 0.00001 0.00001 0.100812 0.303527
0.703072 0.00001 0.00001 0.134661 0.162247
0.740036 0.00001 0.00001 0.259934 0.00001
0.77007 0.00001 0.00001 0.048815 0.181095
0.752961 0.00001 0.00001 0.042496 0.204523
0.705853 0.00001 0.00001 0.00001 0.294117
0.700621 0.00001 0.00001 0.073733 0.225626
0.764811 0.00001 0.00001 0.118284 0.116886
0.70029 0.00001 0.00001 0.158902 0.140788
0.685421 0.003887 0.00001 0.00001 0.310672
0.641937 0.00001 0.00001 0.358033 0.00001
0.775175 0.022933 0.00001 0.046203 0.15568
0.795508 0.024253 0.00001 0.00001 0.180219
0.767836 0.00001 0.007615 0.135855 0.088684
0.817998 0.00001 0.003321 0.00001 0.178661
0.8647 0.00001 0.00001 0.13527 0.00001
0.902908 0.00001 0.00001 0.00001 0.097062
0.643229 0.00001 0.00001 0.168412 0.188338
0.713313 0.00001 0.005093 0.00001 0.281574
0.728391 0.00001 0.00001 0.271579 0.00001
0.703607 0.00001 0.00001 0.209781 0.086592
0.720536 0.00001 0.00001 0.279434 0.00001
0.811382 0.00001 0.00001 0.106812 0.081786
0.7515 0.00001 0.00001 0.062882 0.185599
0.727208 0.00001 0.00001 0.039567 0.233204
0.793085 0.00001 0.00001 0.037847 0.169048
0.753142 0.002504 0.00001 0.10804 0.136304
0.717275 0.00001 0.00001 0.00001 0.282695
0.75342 0.00001 0.00001 0.24655 0.00001
0.707873 0.00001 0.00001 0.087588 0.204519
0.817347 0.00001 0.00001 0.182623 0.00001
0.867139 0.00001 0.00001 0.132831 0.00001
0.762211 0.00001 0.00001 0.00001 0.237759
0.711744 0.00001 0.00001 0.153207 0.135029
0.638129 0.00001 0.00001 0.055145 0.306705
0.741077 0.00001 0.00001 0.228194 0.030709
0.726344 0.00001 0.00001 0.18152 0.092115
0.717854 0.00001 0.00001 0.156666 0.12546
0.678948 0.00001 0.00001 0.193444 0.127588
0.678119 0.00001 0.00001 0.076597 0.245264
0.794579 0.00001 0.00001 0.124086 0.081316
0.70977 0.00001 0.00001 0.225188 0.065022
0.65659 0.00001 0.00001 0.060751 0.282639
0.556069 0.00001 0.00001 0.00001 0.443901
0.563306 0.000013 0.00001 0.145671 0.291
0.560516 0.00001 0.00001 0.005811 0.433653
0.596403 0.00001 0.00001 0.041261 0.362315
0.686569 0.00001 0.00001 0.00001 0.313401
0.658547 0.000014 0.00001 0.072254 0.269175
0.554689 0.00001 0.00001 0.212528 0.232764
0.58479 0.00001 0.00001 0.239987 0.175203
0.557838 0.00001 0.00001 0.182887 0.259255
0.857805 0.00001 0.00001 0.00001 0.142165
0.830789 0.00001 0.00001 0.169181 0.00001
0.719758 0.00001 0.00001 0.193212 0.087011
0.671108 0.00001 0.00001 0.143449 0.185423
0.821089 0.00001 0.00001 0.178881 0.00001
0.712341 0.00001 0.009671 0.015223 0.262755
0.185774 0.00001 0.00001 0.160648 0.653558
0.406934 0.00001 0.00001 0.157776 0.43527
0.407466 0.00001 0.00001 0.175714 0.4168
0.21523 0.00001 0.00001 0.311662 0.473088
0.258019 0.00001 0.00001 0.344529 0.397432
0.445624 0.00001 0.00001 0.164674 0.389682
0.392352 0.00001 0.00001 0.219517 0.388112
0.279034 0.00001 0.00001 0.340101 0.380846
0.139108 0.00001 0.00001 0.201207 0.659664
0.557825 0.00001 0.00001 0.146415 0.29574
0.445589 0.00001 0.00001 0.052715 0.501677
0.268484 0.00001 0.00001 0.250592 0.480904
0.239858 0.00001 0.00001 0.213791 0.546332
0.556567 0.00001 0.00001 0.199186 0.244227
0.332461 0.00001 0.00001 0.22703 0.440489
0.333407 0.00001 0.00001 0.141088 0.525486
0.279198 0.00001 0.00001 0.291548 0.429234
0.247533 0.00001 0.00001 0.184211 0.568237
0.271427 0.00001 0.00001 0.264557 0.463996
0.439435 0.00001 0.00001 0.301897 0.258648
0.551098 0.00001 0.00001 0.141301 0.307581
0.213038 0.000011 0.00001 0.258454 0.528487
0.189688 0.00001 0.00001 0.195949 0.614343
0.184516 0.00001 0.00001 0.222541 0.592923
0.397495 0.00001 0.00001 0.00001 0.602475
0.321235 0.00001 0.00001 0.189063 0.489682
0.391105 0.00001 0.00001 0.180445 0.42843
0.357431 0.00001 0.00001 0.108198 0.53435
0.00001 0.00001 0.00001 0.99996 0.00001
0.013041 0.00001 0.00001 0.554469 0.43247
0.00001 0.00001 0.00001 0.542631 0.457339
0.00001 0.00001 0.00001 0.99996 0.00001
0.00001 0.00001 0.00001 0.621716 0.378254
0.00001 0.00001 0.00001 0.646854 0.353116
0.00001 0.00001 0.00001 0.257061 0.742909
0.00001 0.00001 0.00001 0.3162 0.68377
0.00001 0.00001 0.00001 0.394177 0.605793
0.00001 0.00001 0.00001 0.614514 0.385456
0.00001 0.00001 0.00001 0.50387 0.4961
0.00001 0.00001 0.00001 0.533703 0.466267
0.00001 0.00001 0.00001 0.99996 0.00001
0.00001 0.00001 0.00001 0.99996 0.00001
0.00001 0.00001 0.00001 0.99996 0.00001
0.00001 0.00001 0.00001 0.511929 0.488041
0.00001 0.00001 0.00001 0.99996 0.00001
0.008746 0.00001 0.00001 0.38645 0.604784
0.00001 0.00001 0.00001 0.534451 0.465519
0.00001 0.00001 0.00001 0.544957 0.455013
0.00001 0.00001 0.00001 0.45843 0.54154
0.00001 0.00001 0.00001 0.535527 0.464443
0.056514 0.00001 0.00001 0.418907 0.524559
0.00001 0.00001 0.00001 0.99996 0.00001
0.00001 0.00001 0.00001 0.99996 0.00001
0.129287 0.00001 0.00001 0.289622 0.581071
0.206419 0.00001 0.00001 0.377896 0.415665
0.00001 0.00001 0.00001 0.00001 0.99996
0.00001 0.00001 0.00001 0.36702 0.63295
0.180578 0.00001 0.00001 0.410136 0.409266
0.193478 0.00001 0.00001 0.273116 0.533386
0.04702 0.00001 0.00001 0.2887 0.664259
0.201409 0.00001 0.00001 0.380407 0.418165
0.00496 0.00001 0.00001 0.390273 0.604748
0.134028 0.00001 0.00001 0.418153 0.447799
0.076468 0.00001 0.00001 0.202246 0.721266
0.0494 0.00001 0.00001 0.102349 0.848231
0.027338 0.00001 0.00001 0.421288 0.551354
0.108269 0.000014 0.00001 0.313449 0.578258
0.115263 0.00001 0.00001 0.291225 0.593492
0.156125 0.00001 0.00001 0.330551 0.513304
0.088782 0.00001 0.00001 0.257291 0.653907
0.111229 0.00001 0.00001 0.276054 0.612697
0.059116 0.00001 0.00001 0.280486 0.660379
0.154173 0.00001 0.00001 0.216987 0.62882
0.119199 0.00001 0.00001 0.399448 0.481333
0.082644 0.00001 0.00001 0.277697 0.639638
0.097805 0.00001 0.00001 0.292855 0.60932
0.00001 0.00001 0.00001 0.258366 0.741604
0.109552 0.00001 0.00001 0.29069 0.599738
0.131999 0.00001 0.00001 0.291915 0.576066
0.00001 0.00001 0.00001 0.00001 0.99996
0.074313 0.00001 0.00001 0.329266 0.596402
0.00001 0.00001 0.00001 0.00001 0.99996
0.00001 0.00001 0.00001 0.00001 0.99996
0.095676 0.00001 0.00001 0.24894 0.655364
0.075509 0.00001 0.00001 0.224128 0.700343
0.076605 0.00001 0.00001 0.281398 0.641977
0.00001 0.00001 0.00001 0.204632 0.795338
0.00001 0.00001 0.00001 0.00001 0.99996
0.00001 0.00001 0.00001 0.00001 0.99996
0.041258 0.00001 0.00001 0.27324 0.685482
0.00001 0.00001 0.00001 0.00001 0.99996
0.00001 0.00001 0.00001 0.348787 0.651183
0.036617 0.00001 0.00001 0.271748 0.691614
0.003457 0.00001 0.00001 0.380655 0.615868
0.00001 0.00001 0.00001 0.00001 0.99996
0.092094 0.00001 0.00001 0.201414 0.706472
0.00001 0.00001 0.00001 0.182461 0.817509
0.00001 0.00001 0.00001 0.196037 0.803933
0.00001 0.00001 0.00001 0.00001 0.99996
0.00001 0.00001 0.00001 0.166029 0.833941
0.00001 0.00001 0.00001 0.00001 0.99996
0.00001 0.00001 0.00001 0.00001 0.99996
0.044964 0.00001 0.00001 0.272024 0.682991
0.05209 0.00001 0.00001 0.338896 0.608994
0.067004 0.00001 0.00001 0.284975 0.648
0.00001 0.00001 0.00001 0.00001 0.99996
0.064979 0.00001 0.00001 0.325783 0.609217
0.152111 0.00001 0.00001 0.328721 0.519148
0.00001 0.00001 0.00001 0.354014 0.645956
0.132228 0.00001 0.00001 0.184922 0.68283
0.00001 0.00001 0.00001 0.212402 0.787568
0.096291 0.00001 0.00001 0.451475 0.452215
0.112811 0.00001 0.00001 0.356612 0.530557
0.070838 0.00001 0.00001 0.350223 0.578919
0.115076 0.00001 0.00001 0.280092 0.604812
0.129832 0.00001 0.00001 0.28003 0.590118
0.103603 0.00001 0.00001 0.256574 0.639804
