0.00001 0.00001 0.00001 0.00001 0.99996
0.00001 0.00001 0.00001 0.00001 0.99996
0.00001 0.00001 0.00001 0.00001 0.99996
0.00001 0.00001 0.00001 0.00001 0.99996
0.00001 0.00001 0.000018 0.00001 0.999952
0.00001 0.00001 0.00001 0.00001 0.99996
0.00001 0.00001 0.00001 0.311237 0.688733
0.00001 0.00001 0.00001 0.00001 0.99996
0.00001 0.00001 0.00001 0.00001 0.99996
0.00001 0.00001 0.00001 0.00001 0.99996
0.00001 0.00001 0.00001 0.00001 0.99996
0.00001 0.00001 0.00001 0.00001 0.99996
0.00001 0.00001 0.00001 0.00001 0.99996
0.00001 0.00001 0.031165 0.457919 0.510896
0.00001 0.00001 0.00001 0.00001 0.99996
0.00001 0.00001 0.00001 0.00001 0.99996
0.00001 0.00001 0.00001 0.00001 0.99996
0.00001 0.00001 0.00001 0.00001 0.99996
0.00001 0.00001 0.00001 0.00001 0.99996
0.00001 0.00001 0.00001 0.43319 0.56678
0.00001 0.00001 0.00001 0.00001 0.99996
0.00001 0.00001 0.00001 0.47848 0.52149
0.00001 0.00001 0.00001 0.99996 0.00001
0.00001 0.025073 0.00001 0.974897 0.00001
0.00001 0.00001 0.00001 0.705801 0.294169
0.00001 0.00001 0.00001 0.785404 0.214566
0.00001 0.026704 0.00001 0.744137 0.229139
0.00001 0.00001 0.00001 0.743137 0.256833
0.00001 0.000584 0.00001 0.734924 0.264472
0.00001 0.00001 0.00001 0.614759 0.385211
0.00001 0.00001 0.00001 0.703187 0.296783
0.00293 0.00001 0.00001 0.699639 0.297411
0.00001 0.023188 0.00001 0.625441 0.351351
0.00001 0.00001 0.00001 0.764231 0.235739
0.00001 0.00001 0.00001 0.897955 0.102015
0.00001 0.00001 0.00001 0.99996 0.00001
0.00001 0.00001 0.00001 0.79434 0.20563
0.00001 0.00001 0.003403 0.726898 0.269679
0.00001 0.00001 0.00001 0.651256 0.348714
0.00001 0.00001 0.000446 0.875373 0.124161
0.00001 0.00001 0.00001 0.860779 0.139191
0.00001 0.00001 0.00001 0.99996 0.00001
0.00001 0.00001 0.016954 0.769529 0.213497
0.00001 0.049403 0.00001 0.693005 0.257571
0.00001 0.00001 0.00001 0.667809 0.332161
0.00001 0.00001 0.00001 0.77664 0.22333
0.00001 0.00001 0.00001 0.879937 0.120033
0.00001 0.00001 0.00001 0.697558 0.302412
0.00001 0.00001 0.00001 0.795999 0.203971
0.00001 0.00001 0.020804 0.615111 0.364064
0.00001 0.00001 0.009287 0.657703 0.332989
0.00001 0.005928 0.00001 0.744755 0.249297
0.00001 0.00001 0.00001 0.99996 0.00001
0.00001 0.00001 0.00001 0.859273 0.140697
0.00001 0.009978 0.00001 0.989992 0.00001
0.00001 0.00001 0.00001 0.803792 0.196178
0.00001 0.017103 0.00001 0.596223 0.386654
0.00001 0.00001 0.001366 0.89512 0.103494
0.00001 0.00001 0.00001 0.730784 0.269186
0.00001 0.025384 0.00001 0.691434 0.283162
0.00001 0.00001 0.00001 0.99996 0.00001
0.00001 0.00001 0.00001 0.750368 0.249602
0.00001 0.00001 0.00001 0.762365 0.237605
0.00001 0.00001 0.015894 0.677223 0.306863
0.00001 0.00001 0.00001 0.511211 0.488759
0.00001 0.00001 0.00001 0.737447 0.262523
0.00001 0.00001 0.00001 0.825855 0.174115
0.00001 0.00001 0.00001 0.719176 0.280794
0.00001 0.00001 0.00757 0.731915 0.260495
0.00001 0.00001 0.00001 0.774954 0.225016
0.00001 0.00001 0.00001 0.687857 0.312113
0.00001 0.00001 0.008356 0.698971 0.292653
0.00001 0.00001 0.00001 0.795387 0.204583
0.00001 0.00001 0.00001 0.742909 0.257061
0.00001 0.00001 0.00001 0.662785 0.337185
0.00001 0.00001 0.012529 0.684796 0.302655
0.00001 0.00001 0.00001 0.75875 0.24122
0.000019 0.000016 0.00001 0.640477 0.359478
0.00001 0.00001 0.013093 0.691029 0.295858
0.00001 0.00001 0.009959 0.743014 0.247007
0.00001 0.00001 0.072047 0.578796 0.349137
0.00001 0.00001 0.00001 0.784968 0.215002
0.00001 0.00001 0.00001 0.99996 0.00001
0.00001 0.00001 0.00001 0.612788 0.387182
0.00001 0.00001 0.00001 0.798832 0.201138
0.00001 0.004329 0.00001 0.714555 0.281096
0.00001 0.00001 0.00001 0.835459 0.164511
0.00001 0.00001 0.00001 0.834987 0.164983
0.003891 0.00001 0.00001 0.70815 0.28794
0.000019 0.00001 0.00001 0.611507 0.388454
0.00001 0.00001 0.00001 0.774787 0.225183
0.00001 0.013752 0.00001 0.767897 0.218331
0.002549 0.00001 0.00001 0.574675 0.422756
0.00001 0.00001 0.00001 0.99996 0.00001
0.00001 0.00001 0.00001 0.611331 0.388639
0.00001 0.00001 0.00001 0.99996 0.00001
0.00001 0.00001 0.006966 0.822119 0.170896
0.00001 0.00001 0.00001 0.847572 0.152398
0.00001 0.00001 0.00001 0.647066 0.352904
0.00001 0.00001 0.00001 0.99996 0.00001
0.00001 0.00001 0.00001 0.712358 0.287612
0.00001 0.00001 0.00001 0.679303 0.320667
0.00001 0.00001 0.00001 0.838856 0.161114
0.00001 0.00001 0.00338 0.713848 0.282751
0.00001 0.00348 0.00001 0.79851 0.197989
0.00001 0.00001 0.00001 0.896617 0.103353
0.00001 0.00001 0.006928 0.807307 0.185745
0.00001 0.00001 0.00001 0.684884 0.315086
0.00001 0.001999 0.00001 0.699254 0.298727
0.00001 0.00001 0.00001 0.99996 0.00001
0.00001 0.00001 0.00001 0.99996 0.00001
0.00001 0.00001 0.00001 0.805214 0.194756
0.00001 0.00001 0.00001 0.671206 0.328764
0.00001 0.00001 0.00001 0.751976 0.247994
0.00001 0.00001 0.00001 0.731323 0.268647
0.00001 0.00001 0.00001 0.903575 0.096395
0.00001 0.00001 0.00001 0.760085 0.239885
0.00001 0.00001 0.00001 0.764192 0.235778
0.00001 0.00001 0.00001 0.606936 0.393034
0.00001 0.004499 0.00001 0.641015 0.354465
0.00001 0.00001 0.00001 0.660662 0.339308
0.00001 0.00001 0.00001 0.859968 0.140002
0.00001 0.00001 0.00001 0.784657 0.215313
0.00001 0.00001 0.00001 0.780784 0.219186
0.00001 0.00001 0.00001 0.728208 0.271762
0.005331 0.00001 0.00001 0.971913 0.022736
0.00001 0.00001 0.00001 0.99996 0.00001
0.00001 0.00001 0.00001 0.867784 0.132186
0.00001 0.000994 0.00001 0.998976 0.00001
0.00001 0.00001 0.00001 0.779272 0.220698
0.00001 0.00001 0.028327 0.74926 0.222393
0.075275 0.370983 0.044482 0.344786 0.164473
0.074403 0.356333 0.041328 0.354346 0.173591
0.158379 0.229822 0.00001 0.551649 0.06014
0.036245 0.131237 0.074085 0.616621 0.141813
0.012695 0.179557 0.040163 0.703372 0.064213
0.023379 0.182346 0.036914 0.595722 0.161639
0.322624 0.477292 0.00001 0.163255 0.036819
0.081719 0.419628 0.032473 0.329916 0.136265
0.172083 0.434168 0.043681 0.194453 0.155615
0.106906 0.157469 0.015718 0.543199 0.176708
0.00001 0.164841 0.035737 0.626734 0.172678
0.22078 0.519714 0.160162 0.099334 0.00001
0.060333 0.598837 0.037567 0.191538 0.111725
0.211739 0.453052 0.116179 0.113181 0.10585
0.122538 0.624732 0.051764 0.141927 0.059039
0.013547 0.158223 0.084138 0.631769 0.112323
0.064905 0.161029 0.00001 0.562194 0.211863
0.099312 0.209147 0.044102 0.546008 0.10143
0.00001 0.274206 0.00001 0.504613 0.22116
0.00001 0.212304 0.008793 0.583524 0.195369
0.015862 0.178616 0.00001 0.620377 0.185135
0.00001 0.113507 0.00001 0.557725 0.328748
0.11555 0.193545 0.055654 0.635241 0.00001
0.006922 0.248002 0.045262 0.590305 0.10951
0.00001 0.318185 0.039472 0.616243 0.026089
0.215422 0.043149 0.009055 0.475453 0.25692
0.038979 0.117008 0.013961 0.654254 0.175799
0.00001 0.170629 0.064657 0.518206 0.246499
0.00001 0.185312 0.00001 0.616788 0.197881
0.072771 0.099363 0.030271 0.589235 0.20836
0.092996 0.225963 0.00001 0.50762 0.17341
0.061052 0.094618 0.015636 0.650346 0.178347
0.086928 0.109187 0.00001 0.630044 0.173831
0.161042 0.035613 0.021573 0.589947 0.191825
0.03109 0.147793 0.034734 0.551407 0.234975
0.06562 0.190733 0.00001 0.558756 0.184881
0.01894 0.185493 0.00001 0.515853 0.279704
0.00001 0.12712 0.07138 0.679951 0.121539
0.00001 0.189669 0.029748 0.583523 0.197049
0.050038 0.126957 0.029248 0.672928 0.120829
0.013855 0.443674 0.00001 0.47404 0.068421
0.069589 0.182086 0.016306 0.595501 0.136519
0.051937 0.104021 0.019335 0.60707 0.217637
0.082918 0.00001 0.00001 0.637564 0.279498
0.179184 0.816684 0.004112 0.00001 0.00001
0.224262 0.75842 0.013162 0.004146 0.00001
0.042919 0.857128 0.099933 0.00001 0.00001
0.01186 0.944538 0.043582 0.00001 0.00001
0.089645 0.83916 0.071175 0.00001 0.00001
0.10066 0.818076 0.081244 0.00001 0.00001
0.12165 0.841674 0.036656 0.00001 0.00001
0.178367 0.810404 0.011209 0.00001 0.00001
0.171081 0.775461 0.053438 0.00001 0.00001
0.179732 0.70035 0.119898 0.00001 0.00001
0.00001 0.982741 0.017229 0.00001 0.00001
0.071884 0.890675 0.037422 0.00001 0.00001
0.148896 0.833031 0.018053 0.00001 0.00001
0.143279 0.856691 0.00001 0.00001 0.00001
0.042682 0.957288 0.00001 0.00001 0.00001
0.039323 0.903596 0.057061 0.00001 0.00001
0.043567 0.831584 0.124829 0.00001 0.00001
0.130056 0.828607 0.041317 0.00001 0.00001
0.220586 0.727381 0.028291 0.00001 0.023732
0.143792 0.766367 0.089821 0.00001 0.00001
0.00001 0.866423 0.133547 0.00001 0.00001
0.051904 0.852435 0.095641 0.00001 0.00001
0.143996 0.755207 0.100777 0.00001 0.00001
0.190397 0.709402 0.100181 0.00001 0.00001
0.016921 0.850117 0.132942 0.00001 0.00001
0.178493 0.821477 0.00001 0.00001 0.00001
0.108208 0.785201 0.106571 0.00001 0.00001
0.171156 0.719035 0.109789 0.00001 0.00001
0.098488 0.836471 0.065021 0.00001 0.00001
0.15828 0.753367 0.088334 0.00001 0.00001
0.065259 0.857494 0.077226 0.00001 0.00001
0.182537 0.812907 0.00001 0.004536 0.00001
0.158908 0.841062 0.00001 0.00001 0.00001
0.134754 0.761377 0.103849 0.00001 0.00001
0.03458 0.890243 0.075157 0.00001 0.00001
0.230648 0.755703 0.013629 0.00001 0.00001
0.00001 0.897539 0.102431 0.00001 0.00001
0.053736 0.924211 0.022034 0.00001 0.00001
0.08802 0.889044 0.022915 0.00001 0.00001
0.028408 0.867417 0.104155 0.00001 0.00001
0.236766 0.711617 0.051597 0.00001 0.00001
0.15792 0.747456 0.094604 0.00001 0.00001
0.00001 0.86 0.099563 0.040417 0.00001
0.00001 0.870622 0.099978 0.02938 0.00001
0.265659 0.650394 0.083927 0.00001 0.00001
0.046984 0.880678 0.072318 0.00001 0.00001
0.148487 0.723735 0.116769 0.010998 0.00001
0.00001 0.868889 0.104308 0.00001 0.026782
0.205201 0.719328 0.075451 0.00001 0.00001
0.24724 0.680264 0.072477 0.00001 0.00001
0.157297 0.81147 0.031214 0.00001 0.00001
0.160311 0.808849 0.03082 0.00001 0.00001
0.027341 0.89881 0.073829 0.00001 0.00001
0.140144 0.859826 0.00001 0.00001 0.00001
0.129817 0.837492 0.032671 0.00001 0.00001
0.071882 0.811989 0.11611 0.00001 0.00001
0.087631 0.866114 0.046236 0.00001 0.00001
0.039084 0.781874 0.179022 0.00001 0.00001
0.188682 0.809045 0.00001 0.002253 0.00001
0.231399 0.706299 0.062282 0.00001 0.00001
0.00001 0.874866 0.102583 0.022531 0.00001
0.00001 0.869991 0.105854 0.024136 0.00001
0.062398 0.864984 0.06513 0.00001 0.007477
0.024789 0.96095 0.013326 0.00001 0.000926
0.00001 0.945246 0.054724 0.00001 0.00001
0.00001 0.99996 0.00001 0.00001 0.00001
0.204796 0.711204 0.08398 0.00001 0.00001
0.098725 0.828983 0.067577 0.00001 0.004704
0.086402 0.802718 0.110859 0.00001 0.00001
0.108261 0.789366 0.102353 0.00001 0.00001
0.147327 0.764961 0.085033 0.002669 0.00001
0.046406 0.916072 0.037503 0.00001 0.00001
0.117125 0.851679 0.031176 0.00001 0.00001
0.1577 0.819012 0.023268 0.00001 0.00001
0.037077 0.923878 0.039025 0.00001 0.00001
0.059268 0.86956 0.069924 0.001237 0.00001
0.147448 0.852522 0.00001 0.00001 0.00001
0.13878 0.824202 0.036998 0.00001 0.00001
0.04686 0.796859 0.156261 0.00001 0.00001
0.00001 0.894335 0.105635 0.00001 0.00001
0.00001 0.90131 0.09866 0.00001 0.00001
0.023723 0.907242 0.069015 0.00001 0.00001
0.118002 0.816663 0.065316 0.00001 0.00001
0.243836 0.729758 0.026385 0.00001 0.00001
0.118127 0.797048 0.084805 0.00001 0.00001
0.09748 0.814461 0.088039 0.00001 0.00001
0.188272 0.811689 0.000019 0.00001 0.00001
0.128457 0.770441 0.101083 0.00001 0.00001
0.182317 0.782116 0.035547 0.00001 0.00001
0.042248 0.889421 0.06831 0.00001 0.00001
0.15123 0.76891 0.079839 0.00001 0.00001
0.228036 0.762174 0.00977 0.00001 0.00001
0.296236 0.646691 0.057053 0.00001 0.00001
0.311057 0.634293 0.05463 0.00001 0.00001
0.305246 0.648425 0.046309 0.00001 0.00001
0.263528 0.689492 0.04696 0.00001 0.00001
0.197966 0.802004 0.00001 0.00001 0.00001
0.162488 0.752614 0.084879 0.00001 0.00001
0.286909 0.624819 0.088251 0.00001 0.00001
0.232547 0.652391 0.115042 0.00001 0.00001
0.285134 0.631759 0.083087 0.00001 0.00001
0.00001 0.99996 0.00001 0.00001 0.00001
0.00001 0.947596 0.052374 0.00001 0.00001
0.078461 0.809579 0.11194 0.00001 0.00001
0.148504 0.750367 0.101109 0.00001 0.00001
0.044107 0.955863 0.00001 0.00001 0.00001
0.132226 0.823778 0.035268 0.00001 0.008717
0.776086 0.223884 0.00001 0.00001 0.00001
0.48189 0.470149 0.047941 0.00001 0.00001
0.420244 0.486601 0.093135 0.00001 0.00001
0.626488 0.243963 0.129529 0.00001 0.00001
0.602044 0.285781 0.112154 0.00001 0.00001
0.423146 0.521326 0.055506 0.000012 0.00001
0.552062 0.447908 0.00001 0.00001 0.00001
0.546891 0.318012 0.135077 0.00001 0.00001
0.783219 0.188228 0.028533 0.00001 0.00001
0.231946 0.63443 0.133604 0.00001 0.00001
0.44716 0.515717 0.037102 0.00001 0.00001
0.603437 0.310995 0.085548 0.00001 0.00001
0.594716 0.286925 0.118339 0.00001 0.00001
0.249723 0.629752 0.120505 0.00001 0.00001
0.48215 0.38817 0.12966 0.00001 0.00001
0.610566 0.389404 0.00001 0.00001 0.00001
0.597208 0.311883 0.090889 0.00001 0.00001
0.6214 0.307569 0.071011 0.00001 0.00001
0.646364 0.310018 0.043598 0.00001 0.00001
0.418431 0.479443 0.102106 0.00001 0.00001
0.274672 0.646646 0.078662 0.00001 0.00001
0.709793 0.265704 0.024484 0.00001 0.00001
0.721796 0.236778 0.041405 0.00001 0.00001
0.706622 0.239446 0.053911 0.00001 0.00001
0.350728 0.536669 0.112584 0.00001 0.00001
0.00001 0.00001 0.99996 0.00001 0.00001
0.425218 0.455735 0.119027 0.00001 0.00001
0.486251 0.423768 0.089961 0.00001 0.00001
0.848739 0.00001 0.151231 0.00001 0.00001
0.972984 0.00001 0.026986 0.00001 0.00001
0.871405 0.00001 0.128565 0.00001 0.00001
0.816028 0.00001 0.183942 0.00001 0.00001
0.909132 0.00001 0.090838 0.00001 0.00001
0.848596 0.00001 0.151374 0.00001 0.00001
0.949227 0.00001 0.050743 0.00001 0.00001
0.99996 0.00001 0.00001 0.00001 0.00001
0.91793 0.00001 0.08204 0.00001 0.00001
0.866205 0.00001 0.133765 0.00001 0.00001
0.877169 0.00001 0.122801 0.00001 0.00001
0.937293 0.00001 0.062677 0.00001 0.00001
0.8399 0.00001 0.16007 0.00001 0.00001
0.892773 0.00001 0.107197 0.00001 0.00001
0.00001 0.00001 0.99996 0.00001 0.00001
0.815817 0.00001 0.184153 0.00001 0.00001
0.839459 0.028494 0.132027 0.00001 0.00001
0.853312 0.005318 0.14135 0.00001 0.00001
0.93092 0.00001 0.06905 0.00001 0.00001
0.852092 0.00001 0.147878 0.00001 0.00001
0.855106 0.00001 0.144864 0.00001 0.00001
0.874369 0.00001 0.125601 0.00001 0.00001
0.774298 0.068539 0.157144 0.00001 0.00001
0.00001 0.00001 0.99996 0.00001 0.00001
0.764249 0.00001 0.235721 0.00001 0.00001
0.75262 0.148298 0.099062 0.00001 0.00001
0.665614 0.231888 0.102477 0.00001 0.00001
0.832196 0.084627 0.083158 0.00001 0.00001
0.879046 0.00001 0.120924 0.00001 0.00001
0.698165 0.188434 0.113381 0.00001 0.00001
0.730246 0.214488 0.055246 0.00001 0.00001
0.780781 0.098821 0.120377 0.00001 0.00001
0.724428 0.198592 0.07696 0.00001 0.00001
0.876179 0.009298 0.114503 0.00001 0.00001
0.825055 0.137524 0.037401 0.00001 0.00001
0.799296 0.1288 0.071884 0.00001 0.00001
0.903172 0.096798 0.00001 0.00001 0.00001
0.853928 0.038202 0.10785 0.00001 0.00001
0.813613 0.125389 0.060977 0.00001 0.00001
0.876515 0.123455 0.00001 0.00001 0.00001
0.686011 0.176172 0.137797 0.00001 0.00001
0.735082 0.113223 0.151676 0.00001 0.00001
0.805583 0.135579 0.058818 0.00001 0.00001
0.915975 0.083995 0.00001 0.00001 0.00001
0.704443 0.202274 0.093264 0.00001 0.00001
0.878021 0.121949 0.00001 0.00001 0.00001
0.786919 0.0974 0.115661 0.00001 0.00001
0.748426 0.137292 0.114262 0.00001 0.00001
0.99996 0.00001 0.00001 0.00001 0.00001
0.781578 0.13384 0.084562 0.00001 0.00001
0.722432 0.155997 0.121551 0.00001 0.00001
0.784563 0.16003 0.055386 0.00001 0.00001
0.746271 0.082294 0.171416 0.00001 0.00001
0.986605 0.013365 0.00001 0.00001 0.00001
0.99996 0.00001 0.00001 0.00001 0.00001
0.818488 0.137105 0.044386 0.00001 0.00001
0.825058 0.115725 0.059197 0.00001 0.00001
0.806737 0.095221 0.098023 0.00001 0.00001
0.887707 0.000013 0.11226 0.00001 0.00001
0.870611 0.093682 0.035686 0.00001 0.00001
0.99996 0.00001 0.00001 0.00001 0.00001
0.879033 0.062911 0.058036 0.00001 0.00001
0.99996 0.00001 0.00001 0.00001 0.00001
0.924798 0.00001 0.075172 0.00001 0.00001
0.984254 0.015716 0.00001 0.00001 0.00001
0.917575 0.00001 0.082395 0.00001 0.00001
0.917941 0.082029 0.00001 0.00001 0.00001
0.868208 0.131762 0.00001 0.00001 0.00001
0.953936 0.00001 0.046034 0.00001 0.00001
0.864597 0.054022 0.081361 0.00001 0.00001
0.966458 0.033512 0.00001 0.00001 0.00001
0.869241 0.00001 0.130729 0.00001 0.00001
0.853008 0.072924 0.074048 0.00001 0.00001
0.850097 0.10906 0.040822 0.00001 0.00001
0.838257 0.070287 0.091436 0.00001 0.00001
0.796196 0.038626 0.165158 0.00001 0.00001
0.924176 0.075794 0.00001 0.00001 0.00001
0.99996 0.00001 0.00001 0.00001 0.00001
0.867266 0.083454 0.04926 0.00001 0.00001
0.726937 0.172333 0.10071 0.00001 0.00001
0.8979 0.00001 0.10207 0.00001 0.00001
0.763783 0.177377 0.05882 0.00001 0.00001
0.847504 0.014707 0.137769 0.00001 0.00001
0.814438 0.086814 0.098727 0.00001 0.00001
0.831697 0.108167 0.060116 0.00001 0.00001
0.812138 0.088676 0.099166 0.00001 0.00001
0.826873 0.122346 0.050761 0.00001 0.00001
0.709357 0.158766 0.131858 0.00001 0.00001
0.776911 0.142905 0.080163 0.00001 0.00001
