0.00001 0.00001 0.00001 0.00001 0.99996
0.00001 0.00001 0.00001 0.00001 0.99996
0.00001 0.00001 0.00001 0.00001 0.99996
0.00001 0.00001 0.00001 0.00001 0.99996
0.00001 0.00001 0.00001 0.00001 0.99996
0.00001 0.00001 0.00001 0.00001 0.99996
0.323603 0.00001 0.00001 0.00001 0.676367
0.00001 0.00001 0.00001 0.00001 0.99996
0.00001 0.00001 0.00001 0.00001 0.99996
0.00001 0.00001 0.00001 0.00001 0.99996
0.00001 0.00001 0.00001 0.00001 0.99996
0.00001 0.00001 0.00001 0.00001 0.99996
0.281276 0.00001 0.00001 0.00001 0.718694
0.477874 0.00001 0.00001 0.027205 0.494901
0.00001 0.00001 0.00001 0.00001 0.99996
0.00001 0.00001 0.00001 0.00001 0.99996
0.00001 0.00001 0.00001 0.00001 0.99996
0.00001 0.00001 0.00001 0.00001 0.99996
0.00001 0.00001 0.00001 0.00001 0.99996
0.444842 0.00001 0.00001 0.00001 0.555128
0.00001 0.00001 0.00001 0.00001 0.99996
0.495471 0.00001 0.00001 0.00001 0.504499
0.99996 0.00001 0.00001 0.00001 0.00001
0.974598 0.025372 0.00001 0.00001 0.00001
0.726806 0.00001 0.00001 0.00001 0.273164
0.81853 0.00001 0.00001 0.00001 0.18144
0.760987 0.00001 0.00001 0.026217 0.212776
0.750573 0.00001 0.00001 0.00001 0.249397
0.752114 0.00001 0.00001 0.00001 0.247856
0.622357 0.00001 0.00001 0.00001 0.377613
0.722966 0.00001 0.00001 0.00001 0.277004
0.723174 0.002727 0.000016 0.00001 0.274073
0.636532 0.02436 0.00001 0.00001 0.339087
0.773175 0.00001 0.00001 0.00001 0.226795
0.922101 0.00001 0.00001 0.00001 0.077869
0.99996 0.00001 0.00001 0.00001 0.00001
0.7979 0.00001 0.00001 0.00001 0.20207
0.744961 0.00001 0.00001 0.00001 0.255009
0.691376 0.00001 0.00001 0.00001 0.308594
0.891763 0.00001 0.00001 0.00001 0.108207
0.881913 0.00001 0.00001 0.00001 0.118057
0.99996 0.00001 0.00001 0.00001 0.00001
0.78707 0.00001 0.00001 0.01786 0.19505
0.697781 0.00001 0.00001 0.048831 0.253368
0.689833 0.00001 0.00001 0.00001 0.310137
0.797989 0.00001 0.00001 0.00001 0.201981
0.88893 0.00001 0.00001 0.00001 0.11104
0.715328 0.00001 0.00001 0.00001 0.284642
0.818006 0.00001 0.00001 0.00001 0.181964
0.641068 0.015948 0.00001 0.00001 0.342964
0.67168 0.00001 0.00001 0.00001 0.32829
0.766918 0.00001 0.00001 0.005859 0.227203
0.99996 0.00001 0.00001 0.00001 0.00001
0.866817 0.00001 0.00001 0.00001 0.133153
0.990198 0.009772 0.00001 0.00001 0.00001
0.80081 0.00001 0.00001 0.00001 0.19916
0.609809 0.018047 0.00001 0.00001 0.372123
0.897697 0.00001 0.00001 0.000248 0.102035
0.752303 0.00001 0.00001 0.00001 0.247667
0.710845 0.00001 0.00001 0.02505 0.264085
0.99996 0.00001 0.00001 0.00001 0.00001
0.766374 0.00001 0.00001 0.00001 0.233596
0.775005 0.00001 0.00001 0.00001 0.224965
0.694317 0.01264 0.00001 0.00001 0.293022
0.527706 0.00001 0.00001 0.00001 0.472264
0.745585 0.00001 0.00001 0.00001 0.254385
0.838768 0.00001 0.00001 0.00001 0.161202
0.722532 0.00001 0.00001 0.00001 0.277438
0.746828 0.00001 0.004254 0.00001 0.248898
0.780954 0.00001 0.00001 0.00001 0.219016
0.686533 0.00001 0.00001 0.00001 0.313437
0.708059 0.00001 0.00001 0.008735 0.283185
0.811609 0.00001 0.00001 0.00001 0.188361
0.75109 0.00001 0.00001 0.00001 0.24888
0.678411 0.00001 0.00001 0.00001 0.321559
0.70733 0.00001 0.00001 0.008183 0.284466
0.768525 0.00001 0.00001 0.00001 0.231445
0.656089 0.00001 0.00001 0.00001 0.343881
0.704785 0.00001 0.00001 0.011977 0.283218
0.766405 0.00001 0.00001 0.00001 0.233565
0.58276 0.079905 0.00001 0.00001 0.337315
0.793122 0.00001 0.00001 0.00001 0.206848
0.99118 0.00001 0.00001 0.00001 0.00879
0.622247 0.00001 0.00001 0.00001 0.377723
0.808184 0.00001 0.00001 0.00001 0.191786
0.728238 0.00001 0.00001 0.004727 0.267015
0.854448 0.00001 0.00001 0.00001 0.145522
0.837122 0.00001 0.00001 0.00001 0.162848
0.719672 0.006021 0.00001 0.00001 0.274287
0.634762 0.00001 0.00001 0.002099 0.363119
0.785833 0.00001 0.00001 0.00001 0.214137
0.775757 0.014425 0.00001 0.00001 0.209799
0.593613 0.00001 0.002123 0.00001 0.404245
0.99996 0.00001 0.00001 0.00001 0.00001
0.622435 0.00001 0.00001 0.00001 0.377535
0.99996 0.00001 0.00001 0.00001 0.00001
0.839884 0.001767 0.00001 0.00001 0.158329
0.856597 0.00001 0.00001 0.00001 0.143373
0.66372 0.00001 0.00001 0.00001 0.33625
0.99996 0.00001 0.00001 0.00001 0.00001
0.720368 0.00001 0.00001 0.00001 0.279602
0.676673 0.00001 0.00001 0.00001 0.323297
0.860023 0.00001 0.00001 0.00001 0.139947
0.728695 0.00001 0.00001 0.00001 0.271275
0.813826 0.003922 0.00001 0.00001 0.182232
0.904288 0.00001 0.00001 0.00001 0.095682
0.824881 0.00001 0.00001 0.000821 0.174278
0.699535 0.00001 0.00001 0.00001 0.300435
0.70876 0.00001 0.00001 0.001691 0.289528
0.99996 0.00001 0.00001 0.00001 0.00001
0.99996 0.00001 0.00001 0.00001 0.00001
0.813114 0.00001 0.00001 0.00001 0.186856
0.678204 0.00001 0.00001 0.00001 0.321766
0.773094 0.00001 0.00001 0.00001 0.226876
0.748636 0.00001 0.00001 0.00001 0.251334
0.929531 0.00001 0.00001 0.00001 0.070439
0.7854 0.00001 0.00001 0.00001 0.21457
0.779415 0.00001 0.00001 0.00001 0.220555
0.626107 0.00001 0.00001 0.00001 0.373863
0.652244 0.00001 0.00001 0.005564 0.342172
0.669573 0.00001 0.00001 0.00001 0.330397
0.880558 0.00001 0.00001 0.00001 0.119412
0.781006 0.00001 0.00001 0.00001 0.218964
0.794756 0.00001 0.00001 0.00001 0.205214
0.740791 0.00001 0.00001 0.00001 0.259179
0.960707 0.00001 0.005247 0.00001 0.034026
0.99996 0.00001 0.00001 0.00001 0.00001
0.858262 0.00001 0.00001 0.00001 0.141708
0.99748 0.00001 0.00001 0.00249 0.00001
0.789531 0.00001 0.00001 0.00001 0.210439
0.757307 0.00001 0.00001 0.031529 0.211144
0.3521 0.499254 0.00001 0.00001 0.148626
0.35637 0.31984 0.04398 0.111495 0.168315
0.558133 0.249861 0.117675 0.024176 0.050155
0.619282 0.227734 0.019008 0.00001 0.133967
0.715326 0.129953 0.019613 0.083058 0.052051
0.610692 0.247853 0.00001 0.00001 0.141435
0.162493 0.376508 0.224597 0.201521 0.034881
0.318382 0.544469 0.00001 0.00001 0.137129
0.176268 0.553907 0.105487 0.00001 0.164328
0.550853 0.059067 0.088639 0.131168 0.170274
0.631045 0.203559 0.00001 0.00001 0.165376
0.082543 0.729207 0.18823 0.00001 0.00001
0.160126 0.707149 0.00001 0.00001 0.132704
0.109734 0.502009 0.22472 0.060588 0.10295
0.122121 0.592485 0.084602 0.129007 0.071785
0.647418 0.161999 0.049181 0.046252 0.095151
0.565848 0.098881 0.04307 0.084155 0.208046
0.549149 0.15626 0.091066 0.106205 0.09732
0.514824 0.142484 0.00001 0.13179 0.210892
0.594351 0.022704 0.00001 0.194194 0.188741
0.616841 0.154839 0.00001 0.041321 0.186989
0.578555 0.00001 0.00001 0.111797 0.309628
0.637157 0.050042 0.132589 0.180202 0.00001
0.604152 0.094437 0.0303 0.173467 0.097645
0.619232 0.362808 0.00001 0.00001 0.017939
0.48142 0.00001 0.153554 0.114519 0.250497
0.665341 0.084526 0.041703 0.043911 0.164518
0.519842 0.237454 0.00001 0.00001 0.242684
0.618857 0.189581 0.00001 0.00001 0.191542
0.594771 0.073689 0.081347 0.047401 0.202792
0.497588 0.325798 0.00001 0.00001 0.176594
0.65534 0.080779 0.061804 0.028733 0.173344
0.643711 0.00001 0.00001 0.194742 0.161527
0.586994 0.163744 0.061783 0.00001 0.187469
0.557966 0.201864 0.014883 0.00001 0.225278
0.568729 0.070899 0.043027 0.141329 0.176016
0.532086 0.057085 0.00001 0.145363 0.265457
0.694064 0.080435 0.034922 0.083984 0.106596
0.588616 0.065274 0.00001 0.153219 0.192882
0.679473 0.211185 0.00001 0.00001 0.109322
0.480304 0.307118 0.00001 0.151836 0.060732
0.595415 0.222942 0.042607 0.004928 0.134108
0.607704 0.158564 0.020475 0.00001 0.213247
0.660505 0.00001 0.083039 0.00001 0.256436
0.00001 0.545131 0.073412 0.381437 0.00001
0.00001 0.543633 0.125883 0.330464 0.00001
0.00001 0.435427 0.057625 0.506928 0.00001
0.00001 0.00001 0.00001 0.99996 0.00001
0.00001 0.621748 0.052179 0.326053 0.00001
0.00001 0.542147 0.090827 0.367006 0.00001
0.00001 0.536216 0.044607 0.419157 0.00001
0.00001 0.397167 0.09991 0.502903 0.00001
0.00001 0.396783 0.131397 0.4718 0.00001
0.00001 0.447697 0.196894 0.355389 0.00001
0.00001 0.00001 0.00001 0.99996 0.00001
0.00001 0.00001 0.00001 0.99996 0.00001
0.00001 0.00001 0.00001 0.99996 0.00001
0.00001 0.00001 0.00001 0.99996 0.00001
0.00001 0.00001 0.00001 0.99996 0.00001
0.00001 0.00001 0.00001 0.99996 0.00001
0.00001 0.99996 0.00001 0.00001 0.00001
0.00001 0.534888 0.056494 0.408599 0.00001
0.00001 0.271728 0.143377 0.562932 0.021952
0.00001 0.667331 0.128184 0.204466 0.00001
0.00001 0.615146 0.025656 0.359179 0.00001
0.00001 0.423664 0.04481 0.531506 0.00001
0.00001 0.502256 0.155036 0.342687 0.00001
0.00001 0.426856 0.195713 0.377411 0.00001
0.00001 0.99996 0.00001 0.00001 0.00001
0.00001 0.622071 0.069508 0.308402 0.00001
0.00001 0.527121 0.108965 0.363893 0.00001
0.00001 0.477835 0.184119 0.338026 0.00001
0.00001 0.49493 0.066749 0.438301 0.00001
0.00001 0.483804 0.12722 0.388956 0.00001
0.00001 0.787163 0.027443 0.185374 0.00001
0.005489 0.441546 0.074857 0.478098 0.00001
0.00001 0.99996 0.00001 0.00001 0.00001
0.00001 0.99996 0.00001 0.00001 0.00001
0.00001 0.585114 0.011517 0.403349 0.00001
0.00001 0.546074 0.124111 0.329795 0.00001
0.00001 0.650469 0.00001 0.349501 0.00001
0.00001 0.415576 0.00001 0.584394 0.00001
0.00001 0.474439 0.019587 0.505953 0.00001
0.00001 0.384744 0.074633 0.540604 0.00001
0.00001 0.624601 0.17889 0.196489 0.00001
0.00001 0.523375 0.130608 0.345997 0.00001
0.006003 0.993967 0.00001 0.00001 0.00001
0.009925 0.786867 0.00001 0.203188 0.00001
0.00001 0.375886 0.249993 0.3741 0.00001
0.00001 0.654635 0.026918 0.318427 0.00001
0.00001 0.895552 0.104418 0.00001 0.00001
0.030833 0.470437 0.000018 0.498702 0.00001
0.00001 0.534191 0.156128 0.309661 0.00001
0.00001 0.493935 0.212729 0.293316 0.00001
0.00001 0.36941 0.090944 0.539626 0.00001
0.00001 0.00001 0.00001 0.99996 0.00001
0.00001 0.00001 0.00001 0.99996 0.00001
0.00001 0.00001 0.00001 0.99996 0.00001
0.00001 0.00001 0.00001 0.99996 0.00001
0.00001 0.414288 0.087784 0.497908 0.00001
0.00001 0.303543 0.057137 0.639301 0.00001
0.00001 0.317205 0.135762 0.547013 0.00001
0.00001 0.553607 0.06524 0.381134 0.00001
0.00001 0.456225 0.197473 0.346282 0.00001
0.00001 0.99996 0.00001 0.00001 0.00001
0.016165 0.68179 0.00001 0.302025 0.00001
0.00001 0.466675 0.04741 0.474625 0.01128
0.00001 0.598841 0.00001 0.401129 0.00001
0.00001 0.00001 0.00001 0.99996 0.00001
0.00001 0.00001 0.00001 0.99996 0.00001
0.00001 0.574728 0.169766 0.255486 0.00001
0.00001 0.758939 0.021706 0.219335 0.00001
0.00001 0.800686 0.044032 0.155261 0.00001
0.00001 0.600505 0.109265 0.29021 0.00001
0.00001 0.961756 0.038214 0.00001 0.00001
0.00001 0.661621 0.00001 0.338349 0.00001
0.00001 0.00001 0.00001 0.99996 0.00001
0.00001 0.341537 0.083361 0.575082 0.00001
0.00001 0.516693 0.00001 0.483277 0.00001
0.00001 0.542236 0.032307 0.425437 0.00001
0.00001 0.391253 0.030605 0.578122 0.00001
0.00001 0.801199 0.035785 0.162996 0.00001
0.00001 0.547825 0.087093 0.365061 0.00001
0.00001 0.594856 0.00001 0.405114 0.00001
0.00001 0.627722 0.00001 0.372248 0.00001
0.00001 0.603681 0.00001 0.396289 0.00001
0.00001 0.505635 0.081686 0.412659 0.00001
0.00001 0.313989 0.184093 0.501898 0.00001
0.00001 0.407956 0.115102 0.476923 0.00001
0.00001 0.43273 0.097831 0.469419 0.00001
0.00001 0.300241 0.099964 0.599775 0.00001
0.00001 0.284716 0.146021 0.569243 0.00001
0.00001 0.531197 0.105458 0.363325 0.00001
0.00001 0.52968 0.018227 0.452073 0.00001
0.00001 0.494017 0.130835 0.375128 0.00001
0.00001 0.551753 0.129707 0.31852 0.00001
0.00001 0.499423 0.239178 0.261379 0.00001
0.00001 0.475869 0.249309 0.274802 0.00001
0.00001 0.469792 0.241488 0.2887 0.00001
0.00001 0.654477 0.188444 0.157059 0.00001
0.00001 0.336488 0.090131 0.57336 0.00001
0.00001 0.500797 0.141485 0.357699 0.00001
0.00001 0.501861 0.265052 0.233067 0.00001
0.00001 0.512432 0.244522 0.243026 0.00001
0.00001 0.75533 0.24464 0.00001 0.00001
0.00001 0.588576 0.00001 0.411394 0.00001
0.00001 0.525795 0.00001 0.474175 0.00001
0.00001 0.579397 0.102224 0.31836 0.00001
0.00001 0.376598 0.164501 0.45888 0.00001
0.00001 0.581216 0.00001 0.418754 0.00001
0.00001 0.99996 0.00001 0.00001 0.00001
0.00001 0.021836 0.675844 0.302301 0.00001
0.00001 0.263446 0.410426 0.326108 0.00001
0.00001 0.271706 0.413556 0.314719 0.00001
0.00001 0.00001 0.61182 0.38815 0.00001
0.00001 0.435334 0.564636 0.00001 0.00001
0.00001 0.258422 0.368827 0.372731 0.00001
0.00001 0.216161 0.43525 0.348569 0.00001
0.00001 0.273388 0.584479 0.142113 0.00001
0.00001 0.00001 0.707436 0.292534 0.00001
0.00001 0.673206 0.218737 0.108037 0.00001
0.000016 0.371404 0.352083 0.276487 0.00001
0.00001 0.028938 0.59567 0.375372 0.00001
0.00001 0.195842 0.58484 0.219298 0.00001
0.00001 0.448311 0.257483 0.294186 0.00001
0.00001 0.335683 0.505288 0.159009 0.00001
0.00001 0.230012 0.484741 0.285226 0.00001
0.00001 0.202746 0.567383 0.229851 0.00001
0.00001 0.246592 0.577541 0.175847 0.00001
0.00001 0.250388 0.586579 0.163013 0.00001
0.00001 0.24278 0.41351 0.34369 0.00001
0.00001 0.26298 0.262599 0.474401 0.00001
0.00001 0.224263 0.613677 0.16204 0.00001
0.00001 0.00001 0.637099 0.362871 0.00001
0.00001 0.00001 0.61255 0.38742 0.00001
0.00001 0.740481 0.259489 0.00001 0.00001
0.00001 0.43544 0.505455 0.059085 0.00001
0.00001 0.5802 0.41977 0.00001 0.00001
0.00001 0.520954 0.425485 0.053541 0.00001
0.00001 0.00001 0.947614 0.052356 0.00001
0.00001 0.070413 0.88089 0.048677 0.00001
0.00001 0.040266 0.959704 0.00001 0.00001
0.00001 0.015012 0.984958 0.00001 0.00001
0.00001 0.00885 0.99112 0.00001 0.00001
0.00001 0.00001 0.88267 0.1173 0.00001
0.00001 0.132666 0.867304 0.00001 0.00001
0.00001 0.00001 0.826467 0.173503 0.00001
0.00001 0.00001 0.99996 0.00001 0.00001
0.00001 0.00001 0.99996 0.00001 0.00001
0.00001 0.00001 0.968881 0.031089 0.00001
0.00001 0.00001 0.944042 0.055928 0.00001
0.00001 0.00001 0.913909 0.086061 0.00001
0.00001 0.00001 0.99996 0.00001 0.00001
0.00001 0.00001 0.99996 0.00001 0.00001
0.00001 0.00001 0.99996 0.00001 0.00001
0.00001 0.124376 0.867211 0.008393 0.00001
0.00001 0.180851 0.819119 0.00001 0.00001
0.00001 0.00001 0.99996 0.00001 0.00001
0.00001 0.00001 0.99996 0.00001 0.00001
0.00001 0.00001 0.99996 0.00001 0.00001
0.00001 0.00001 0.99996 0.00001 0.00001
0.00001 0.00001 0.778594 0.221376 0.00001
0.00001 0.00001 0.99996 0.00001 0.00001
0.00001 0.00001 0.99996 0.00001 0.00001
0.00001 0.068516 0.744502 0.186962 0.00001
0.00001 0.25223 0.63596 0.111791 0.00001
0.00001 0.244639 0.755331 0.00001 0.00001
0.00001 0.00001 0.805233 0.194737 0.00001
0.00001 0.00001 0.719359 0.280611 0.00001
0.00001 0.205499 0.662914 0.131567 0.00001
0.00001 0.225788 0.774182 0.00001 0.00001
0.00001 0.00001 0.692296 0.307674 0.00001
0.00001 0.148057 0.851913 0.00001 0.00001
0.00001 0.00001 0.750863 0.249107 0.00001
0.00001 0.00001 0.737453 0.262517 0.00001
0.00001 0.059611 0.757689 0.182679 0.00001
0.00001 0.00001 0.839047 0.160923 0.00001
0.00001 0.264383 0.735587 0.00001 0.00001
0.00001 0.16646 0.707443 0.126077 0.00001
0.00001 0.143361 0.712122 0.144497 0.00001
0.00001 0.086096 0.764465 0.149419 0.00001
0.00001 0.034535 0.731781 0.233664 0.00001
0.00001 0.00001 0.75785 0.24212 0.00001
0.00001 0.258571 0.677183 0.064226 0.00001
0.00001 0.10939 0.757966 0.132624 0.00001
0.00001 0.005675 0.771307 0.222998 0.00001
0.00001 0.00001 0.725903 0.274067 0.00001
0.00001 0.00001 0.861589 0.138381 0.00001
0.00001 0.066759 0.750887 0.182334 0.00001
0.00001 0.060157 0.724648 0.215174 0.00001
0.00001 0.00001 0.676519 0.323451 0.00001
0.00001 0.14124 0.787812 0.070928 0.00001
0.00001 0.00001 0.805986 0.193984 0.00001
0.00001 0.00001 0.770377 0.229593 0.00001
0.00001 0.00001 0.711977 0.287993 0.00001
0.00001 0.00001 0.720342 0.279628 0.00001
0.00001 0.163021 0.745498 0.091461 0.00001
0.00001 0.00001 0.820495 0.179475 0.00001
0.00001 0.00001 0.742843 0.257127 0.00001
0.00001 0.00001 0.99996 0.00001 0.00001
0.00001 0.171122 0.819396 0.009462 0.00001
0.00001 0.00001 0.99996 0.00001 0.00001
0.00001 0.146545 0.853425 0.00001 0.00001
0.00001 0.00001 0.780396 0.219574 0.00001
0.00001 0.00001 0.861071 0.138899 0.00001
0.00001 0.00001 0.733475 0.266495 0.00001
0.00001 0.00001 0.714884 0.285086 0.00001
0.00001 0.00001 0.865474 0.134496 0.00001
0.00001 0.00001 0.827788 0.172182 0.00001
0.00001 0.00001 0.739037 0.260933 0.00001
0.00001 0.00001 0.847106 0.152864 0.00001
0.00001 0.132731 0.787671 0.079579 0.00001
0.00001 0.194951 0.740417 0.064613 0.00001
0.00001 0.072265 0.78255 0.145164 0.00001
0.00001 0.185524 0.814446 0.00001 0.00001
0.00001 0.00001 0.751486 0.248484 0.00001
0.00001 0.076095 0.826089 0.097796 0.00001
0.00001 0.153118 0.785441 0.06142 0.00001
0.00001 0.00001 0.731033 0.268937 0.00001
0.00001 0.00001 0.884502 0.115468 0.00001
0.00001 0.350097 0.649873 0.00001 0.00001
0.00001 0.00001 0.841019 0.158951 0.00001
0.00001 0.146227 0.779417 0.074336 0.00001
0.00001 0.00001 0.73749 0.26248 0.00001
0.00001 0.00001 0.772268 0.227702 0.00001
0.00001 0.00001 0.733144 0.266826 0.00001
0.00001 0.179117 0.728672 0.092191 0.00001
0.00001 0.00001 0.732632 0.267338 0.00001
