0.00001 0.00001 0.00001 0.99997
0.00001 0.00001 0.00001 0.99997
0.00001 0.00001 0.00001 0.99997
0.00001 0.00001 0.00001 0.99997
0.00001 0.00001 0.00001 0.99997
0.00001 0.00001 0.00001 0.99997
0.00001 0.00001 0.00001 0.99997
0.00001 0.00001 0.00001 0.99997
0.00001 0.00001 0.00001 0.99997
0.00001 0.00001 0.00001 0.99997
0.00001 0.00001 0.00001 0.99997
0.00001 0.00001 0.00001 0.99997
0.00001 0.00001 0.00001 0.99997
0.00001 0.029894 0.00001 0.970086
0.00001 0.00001 0.00001 0.99997
0.00001 0.00001 0.00001 0.99997
0.00001 0.00001 0.00001 0.99997
0.00001 0.00001 0.00001 0.99997
0.00001 0.00001 0.00001 0.99997
0.00001 0.00001 0.00001 0.99997
0.00001 0.00001 0.00001 0.99997
0.00001 0.00001 0.00001 0.99997
0.00001 0.00001 0.00001 0.99997
0.00001 0.033419 0.00001 0.966561
0.00001 0.00001 0.00001 0.99997
0.00001 0.00001 0.00001 0.99997
0.00001 0.028566 0.00001 0.971414
0.00001 0.00001 0.00001 0.99997
0.00001 0.001338 0.00001 0.998642
0.00001 0.00001 0.00001 0.99997
0.00001 0.00001 0.00001 0.99997
0.00001 0.00001 0.003786 0.996194
0.00001 0.023799 0.00001 0.976181
0.00001 0.00001 0.00001 0.99997
0.00001 0.00001 0.00001 0.99997
0.00001 0.00001 0.00001 0.99997
0.00001 0.00001 0.00001 0.99997
0.00001 0.00001 0.00001 0.99997
0.00001 0.00001 0.00001 0.99997
0.00001 0.00001 0.005825 0.994155
0.00001 0.00001 0.00001 0.99997
0.00001 0.00001 0.00001 0.99997
0.00001 0.020931 0.00001 0.979049
0.00001 0.050289 0.00001 0.949691
0.000074 0.00001 0.00001 0.999906
0.00001 0.00001 0.00001 0.99997
0.00001 0.00001 0.00001 0.99997
0.00001 0.00001 0.00001 0.99997
0.00001 0.00001 0.00001 0.99997
0.00001 0.016696 0.00001 0.983284
0.00001 0.00001 0.00001 0.99997
0.00001 0.007441 0.00001 0.992539
0.00001 0.00001 0.00001 0.99997
0.00001 0.00001 0.00001 0.99997
0.016902 0.00001 0.00001 0.983078
0.00001 0.00001 0.00001 0.99997
0.00001 0.019402 0.00001 0.980578
0.00001 0.003132 0.00001 0.996848
0.00001 0.00001 0.00001 0.99997
0.00001 0.026223 0.00001 0.973757
0.00001 0.00001 0.00001 0.99997
0.00001 0.00001 0.00001 0.99997
0.00001 0.00001 0.00001 0.99997
0.00001 0.00001 0.012308 0.987672
0.000011 0.00001 0.00001 0.999969
0.00001 0.00001 0.00001 0.99997
0.00001 0.00001 0.00001 0.99997
0.00001 0.00001 0.00001 0.99997
0.00001 0.00001 0.006568 0.993412
0.00001 0.00001 0.00001 0.99997
0.00001 0.00001 0.00001 0.99997
0.00001 0.007741 0.00001 0.992239
0.00001 0.00001 0.00001 0.99997
0.00001 0.00001 0.00001 0.99997
0.00001 0.00001 0.00001 0.99997
0.00001 0.0055 0.00001 0.99448
0.00001 0.00001 0.00001 0.99997
0.00001 0.00001 0.00001 0.99997
0.00001 0.010311 0.00001 0.989669
0.00001 0.00001 0.00001 0.99997
0.00001 0.03983 0.037154 0.923006
0.00001 0.00001 0.00001 0.99997
0.00001 0.00001 0.00001 0.99997
0.00001 0.00001 0.00001 0.99997
0.00001 0.00001 0.00001 0.99997
0.00001 0.00001 0.005273 0.994707
0.00001 0.00001 0.00001 0.99997
0.00001 0.00001 0.00001 0.99997
0.00001 0.003985 0.00001 0.995995
0.00104 0.00001 0.00001 0.99894
0.00001 0.00001 0.00001 0.99997
0.00001 0.014063 0.00001 0.985917
0.00001 0.00001 0.005298 0.994682
0.00001 0.00001 0.00001 0.99997
0.00001 0.00001 0.00001 0.99997
0.00001 0.00001 0.00001 0.99997
0.00001 0.00001 0.004485 0.995495
0.00001 0.00001 0.00001 0.99997
0.00001 0.00001 0.00001 0.99997
0.00001 0.00001 0.00001 0.99997
0.00001 0.00001 0.00001 0.99997
0.00001 0.00001 0.00001 0.99997
0.00001 0.00001 0.00001 0.99997
0.00001 0.00001 0.001256 0.998724
0.00001 0.006283 0.00001 0.993697
0.00001 0.00001 0.00001 0.99997
0.00001 0.001722 0.00001 0.998258
0.00001 0.00001 0.00001 0.99997
0.00001 0.001748 0.00001 0.998232
0.00001 0.00001 0.00001 0.99997
0.00001 0.00001 0.00001 0.99997
0.00001 0.00001 0.00001 0.99997
0.00001 0.00001 0.00001 0.99997
0.00001 0.00001 0.00001 0.99997
0.00001 0.00001 0.00001 0.99997
0.00001 0.00001 0.00001 0.99997
0.00001 0.00001 0.00001 0.99997
0.00001 0.00001 0.00001 0.99997
0.00001 0.00001 0.00001 0.99997
0.00001 0.005109 0.00001 0.994871
0.00001 0.00001 0.00001 0.99997
0.00001 0.00001 0.00001 0.99997
0.00001 0.00001 0.00001 0.99997
0.00001 0.00001 0.00001 0.99997
0.000012 0.00001 0.00001 0.999968
0.012992 0.00001 0.00001 0.986988
0.00001 0.003686 0.00001 0.996294
0.00001 0.00001 0.00001 0.99997
0.00001 0.003983 0.00001 0.995997
0.00001 0.00001 0.00001 0.99997
0.00001 0.00001 0.03065 0.96933
0.163071 0.325244 0.002151 0.509534
0.00001 0.316558 0.15625 0.527182
0.089993 0.209879 0.089939 0.610189
0.089508 0.129103 0.024329 0.757059
0.00001 0.154246 0.079297 0.766447
0.008009 0.165972 0.0691 0.756919
0.175063 0.432845 0.192136 0.199957
0.14869 0.355971 0.028939 0.4664
0.290941 0.356948 0.000975 0.351136
0.15169 0.129027 0.00001 0.719273
0.00001 0.135347 0.064486 0.800158
0.221459 0.468061 0.209908 0.100573
0.101451 0.521519 0.07393 0.3031
0.348093 0.376014 0.05513 0.220763
0.227061 0.540367 0.031552 0.20102
0.015328 0.142519 0.099249 0.742903
0.00001 0.157613 0.069205 0.773172
0.184685 0.169107 0.00001 0.646198
0.055071 0.219134 0.00001 0.725785
0.035966 0.185617 0.00001 0.778407
0.01573 0.17005 0.00896 0.80526
0.00001 0.085457 0.027889 0.886644
0.130378 0.160655 0.0741 0.634867
0.068572 0.212433 0.019079 0.699915
0.100307 0.256842 0.00001 0.642841
0.108341 0.046291 0.113749 0.731619
0.035104 0.094798 0.040366 0.829732
0.00001 0.171618 0.063862 0.764511
0.012979 0.171529 0.001404 0.814088
0.108713 0.093969 0.00001 0.797308
0.075625 0.200772 0.043101 0.680502
0.031554 0.08263 0.057703 0.828113
0.135357 0.060559 0.00001 0.804074
0.068144 0.045269 0.105655 0.780932
0.019046 0.127468 0.067052 0.786435
0.099259 0.157576 0.00001 0.743155
0.044283 0.160199 0.00001 0.795508
0.086932 0.113249 0.00001 0.79981
0.00001 0.220392 0.00001 0.779588
0.051608 0.12709 0.028587 0.792715
0.00001 0.42226 0.035858 0.541871
0.00001 0.17845 0.091348 0.730192
0.00001 0.059271 0.115322 0.825397
0.00001 0.00001 0.083182 0.916798
0.150965 0.72709 0.121936 0.00001
0.00001 0.712702 0.287278 0.00001
0.00001 0.770382 0.229598 0.00001
0.088943 0.827587 0.083459 0.00001
0.00001 0.768336 0.231644 0.00001
0.00001 0.745802 0.254178 0.00001
0.149955 0.747328 0.102707 0.00001
0.31022 0.68976 0.00001 0.00001
0.06919 0.711968 0.218832 0.00001
0.268951 0.614833 0.116206 0.00001
0.116408 0.883572 0.00001 0.00001
0.00001 0.792608 0.207372 0.00001
0.166111 0.726579 0.1073 0.00001
0.269374 0.730606 0.00001 0.00001
0.025143 0.851613 0.123233 0.00001
0.00001 0.796637 0.203343 0.00001
0.133881 0.730131 0.135978 0.00001
0.159895 0.726729 0.113366 0.00001
0.25929 0.645445 0.077482 0.017783
0.223658 0.672496 0.103837 0.00001
0.00001 0.768773 0.231207 0.00001
0.262052 0.737928 0.00001 0.00001
0.095287 0.665647 0.239056 0.00001
0.346441 0.612377 0.041172 0.00001
0.00001 0.757992 0.241988 0.00001
0.29612 0.70386 0.00001 0.00001
0.300199 0.688586 0.011205 0.00001
0.199559 0.635521 0.16491 0.00001
0.153457 0.729967 0.116566 0.00001
0.343894 0.656086 0.00001 0.00001
0.00001 0.768593 0.231387 0.00001
0.217993 0.715497 0.065423 0.001087
0.314623 0.685357 0.00001 0.00001
0.046508 0.693259 0.260223 0.00001
0.091347 0.777679 0.130964 0.00001
0.256099 0.664851 0.07904 0.00001
0.164347 0.795477 0.040166 0.00001
0.202238 0.791706 0.006045 0.00001
0.148501 0.787827 0.063662 0.00001
0.00001 0.789975 0.210005 0.00001
0.23163 0.623966 0.144394 0.00001
0.29655 0.648596 0.054843 0.00001
0.00001 0.846189 0.116386 0.037414
0.096797 0.803182 0.0712 0.028822
0.207599 0.575655 0.216736 0.00001
0.00001 0.769121 0.230859 0.00001
0.311729 0.631852 0.047605 0.008813
0.174286 0.768553 0.027944 0.029217
0.391403 0.608577 0.00001 0.00001
0.229698 0.604435 0.165857 0.00001
0.006056 0.748275 0.245658 0.00001
0.00001 0.710812 0.289168 0.00001
0.241754 0.758226 0.00001 0.00001
0.219734 0.755673 0.024583 0.00001
0.303986 0.695994 0.00001 0.00001
0.289198 0.69939 0.011402 0.00001
0.18205 0.750735 0.067205 0.00001
0.271132 0.689192 0.039666 0.00001
0.3298 0.666167 0.00001 0.004023
0.00001 0.656042 0.343938 0.00001
0.167133 0.768255 0.043358 0.021254
0.21965 0.755824 0.00001 0.024516
0.165293 0.763678 0.067968 0.003062
0.178832 0.821148 0.00001 0.00001
0.00001 0.885851 0.114129 0.00001
0.065712 0.934268 0.00001 0.00001
0.19376 0.639206 0.167024 0.00001
0.271771 0.726585 0.00001 0.001634
0.062803 0.731736 0.205452 0.00001
0.011016 0.717925 0.271049 0.00001
0.00001 0.71829 0.28169 0.00001
0.030697 0.819589 0.149704 0.00001
0.230991 0.745778 0.02322 0.00001
0.258665 0.725588 0.015737 0.00001
0.155931 0.80151 0.042549 0.00001
0.1918 0.745576 0.062614 0.00001
0.274263 0.725717 0.00001 0.00001
0.00001 0.74631 0.25367 0.00001
0.246907 0.709261 0.043821 0.00001
0.00001 0.819297 0.180683 0.00001
0.093306 0.84021 0.066474 0.00001
0.227559 0.772421 0.00001 0.00001
0.00001 0.727292 0.272688 0.00001
0.238176 0.642786 0.119027 0.00001
0.040484 0.731258 0.228247 0.00001
0.000175 0.746503 0.253313 0.00001
0.184438 0.715854 0.099698 0.00001
0.216506 0.659659 0.123825 0.00001
0.259733 0.672134 0.068124 0.00001
0.061852 0.800222 0.137916 0.00001
0.027762 0.725835 0.246393 0.00001
0.19379 0.668393 0.137808 0.00001
0.468292 0.531688 0.00001 0.00001
0.343005 0.555093 0.101892 0.00001
0.262962 0.575575 0.161453 0.00001
0.230732 0.611846 0.157411 0.00001
0.30964 0.69034 0.00001 0.00001
0.175677 0.666916 0.157397 0.00001
0.184381 0.559536 0.256073 0.00001
0.135947 0.590375 0.273668 0.00001
0.166751 0.569563 0.263677 0.00001
0.113584 0.886396 0.00001 0.00001
0.00001 0.840195 0.159785 0.00001
0.041811 0.733905 0.224274 0.00001
0.159274 0.673635 0.16708 0.00001
0.00001 0.810728 0.189252 0.00001
0.179818 0.72177 0.091592 0.00682
0.57016 0.181701 0.248129 0.00001
0.436079 0.396991 0.16692 0.00001
0.339522 0.412918 0.247551 0.00001
0.508894 0.197695 0.293401 0.00001
0.308867 0.264226 0.426898 0.00001
0.444388 0.430167 0.125435 0.00001
0.362661 0.386395 0.250934 0.00001
0.290212 0.287723 0.422055 0.00001
0.684857 0.121889 0.193244 0.00001
0.238572 0.559245 0.202173 0.00001
0.602187 0.397793 0.00001 0.00001
0.51401 0.251279 0.234701 0.00001
0.53062 0.223799 0.245571 0.00001
0.31946 0.542537 0.137993 0.00001
0.395709 0.326631 0.27765 0.00001
0.432886 0.337694 0.22941 0.00001
0.377943 0.277739 0.344308 0.00001
0.68206 0.216852 0.101078 0.00001
0.367519 0.277315 0.355157 0.00001
0.245169 0.430241 0.32458 0.00001
0.304719 0.54565 0.149621 0.00001
0.455938 0.212831 0.331221 0.00001
0.622871 0.17289 0.20423 0.00001
0.570226 0.187319 0.242444 0.00001
0.626945 0.373035 0.00001 0.00001
0.587265 0.310482 0.102243 0.00001
0.440887 0.382013 0.17709 0.00001
0.419375 0.359983 0.220632 0.00001
0.315155 0.00001 0.684825 0.00001
0.366824 0.021229 0.611938 0.00001
0.00001 0.00001 0.99997 0.00001
0.00001 0.00001 0.99997 0.00001
0.00001 0.00001 0.99997 0.00001
0.00001 0.00001 0.99997 0.00001
0.63504 0.00001 0.36494 0.00001
0.590913 0.001235 0.407842 0.00001
0.426138 0.00001 0.573842 0.00001
0.00001 0.00001 0.99997 0.00001
0.368011 0.00001 0.631969 0.00001
0.00001 0.00001 0.99997 0.00001
0.320053 0.000012 0.679925 0.00001
0.00001 0.00001 0.99997 0.00001
0.00001 0.00001 0.99997 0.00001
0.424091 0.00001 0.575889 0.00001
0.00001 0.00001 0.99997 0.00001
0.469305 0.023238 0.507447 0.00001
0.00001 0.00001 0.99997 0.00001
0.00001 0.00001 0.99997 0.00001
0.00001 0.00001 0.99997 0.00001
0.00001 0.00001 0.99997 0.00001
0.44688 0.055308 0.497801 0.00001
0.00001 0.00001 0.99997 0.00001
0.00001 0.00001 0.99997 0.00001
0.53056 0.121889 0.347541 0.00001
0.327483 0.214429 0.458078 0.00001
0.99997 0.00001 0.00001 0.00001
0.510277 0.00001 0.489703 0.00001
0.312023 0.185784 0.502183 0.00001
0.499005 0.179788 0.321197 0.00001
0.599288 0.047241 0.35346 0.00001
0.401078 0.189652 0.40926 0.00001
0.482193 0.015369 0.502428 0.00001
0.315823 0.145502 0.538665 0.00001
0.617173 0.087935 0.294882 0.00001
0.67005 0.076667 0.253274 0.00001
0.461487 0.029111 0.509392 0.00001
0.548258 0.097022 0.35471 0.00001
0.499665 0.115382 0.384943 0.00001
0.468771 0.150114 0.381105 0.00001
0.597736 0.079849 0.322406 0.00001
0.621298 0.088418 0.290274 0.00001
0.636264 0.040651 0.323075 0.00001
0.523823 0.158905 0.317262 0.00001
0.339315 0.134452 0.526223 0.00001
0.7444 0.03304 0.22255 0.00001
0.587239 0.087809 0.324942 0.00001
0.655131 0.00001 0.344849 0.00001
0.503373 0.112663 0.383954 0.00001
0.544537 0.125645 0.329808 0.00001
0.99997 0.00001 0.00001 0.00001
0.509846 0.073585 0.41656 0.00001
0.99997 0.00001 0.00001 0.00001
0.99997 0.00001 0.00001 0.00001
0.610054 0.092601 0.297335 0.00001
0.99997 0.00001 0.00001 0.00001
0.728441 0.045087 0.226462 0.00001
0.99997 0.00001 0.00001 0.00001
0.99997 0.00001 0.00001 0.00001
0.99997 0.00001 0.00001 0.00001
0.643276 0.036333 0.320381 0.00001
0.99997 0.00001 0.00001 0.00001
0.597537 0.00001 0.402443 0.00001
0.556385 0.043705 0.3999 0.00001
0.468466 0.007876 0.523648 0.00001
0.99997 0.00001 0.00001 0.00001
0.666605 0.086448 0.246936 0.00001
0.75257 0.00001 0.24741 0.00001
0.701668 0.005265 0.293057 0.00001
0.99997 0.00001 0.00001 0.00001
0.99997 0.00001 0.00001 0.00001
0.99997 0.00001 0.00001 0.00001
0.99997 0.00001 0.00001 0.00001
0.577733 0.051885 0.370372 0.00001
0.536526 0.049433 0.414031 0.00001
0.599468 0.057716 0.342806 0.00001
0.741861 0.000014 0.258114 0.00001
0.546908 0.060486 0.392596 0.00001
0.424706 0.157464 0.41782 0.00001
0.546857 0.00001 0.453123 0.00001
0.588487 0.137002 0.274501 0.00001
0.99997 0.00001 0.00001 0.00001
0.331095 0.104585 0.56431 0.00001
0.512994 0.103863 0.383133 0.00001
0.599655 0.0414 0.358935 0.00001
0.566768 0.111966 0.321256 0.00001
0.429861 0.141019 0.429109 0.00001
0.616247 0.09096 0.292783 0.00001
