0.00001 0.00001 0.00001 0.99997
0.00001 0.00001 0.00001 0.99997
0.00001 0.00001 0.00001 0.99997
0.00001 0.00001 0.00001 0.99997
0.00001 0.00001 0.00001 0.99997
0.00001 0.00001 0.00001 0.99997
0.00001 0.00001 0.310298 0.689682
0.00001 0.00001 0.00001 0.99997
0.00001 0.00001 0.00001 0.99997
0.00001 0.00001 0.00001 0.99997
0.00001 0.00001 0.00001 0.99997
0.00001 0.00001 0.00001 0.99997
0.00001 0.00001 0.00001 0.99997
0.00001 0.027197 0.461546 0.511248
0.00001 0.00001 0.00001 0.99997
0.00001 0.00001 0.00001 0.99997
0.00001 0.00001 0.00001 0.99997
0.00001 0.00001 0.00001 0.99997
0.00001 0.00001 0.00001 0.99997
0.00001 0.00001 0.431935 0.568045
0.00001 0.00001 0.00001 0.99997
0.00001 0.00001 0.478807 0.521173
0.00001 0.00001 0.99997 0.00001
0.00001 0.023544 0.976436 0.00001
0.00001 0.00001 0.702022 0.297958
0.00001 0.00001 0.784561 0.215419
0.00001 0.025727 0.744422 0.229841
0.00001 0.00001 0.741317 0.258663
0.00001 0.00001 0.734604 0.265376
0.00001 0.00001 0.615713 0.384267
0.00001 0.00001 0.703908 0.296072
0.001472 0.00001 0.700245 0.298273
0.00001 0.022296 0.624851 0.352843
0.00001 0.00001 0.763209 0.236771
0.00001 0.00001 0.896252 0.103728
0.00001 0.00001 0.99997 0.00001
0.00001 0.00001 0.791953 0.208027
0.00001 0.00001 0.728405 0.271575
0.00001 0.00001 0.652686 0.347294
0.00001 0.00001 0.874968 0.125012
0.00001 0.00001 0.859632 0.140348
0.00001 0.00001 0.99997 0.00001
0.00001 0.016816 0.773432 0.209741
0.00001 0.048368 0.693269 0.258353
0.00001 0.00001 0.666975 0.333005
0.00001 0.00001 0.773924 0.226056
0.00001 0.00001 0.878901 0.121079
0.00001 0.00001 0.69721 0.30277
0.00001 0.00001 0.79404 0.20594
0.00001 0.014883 0.620367 0.36474
0.00001 0.00001 0.656786 0.343194
0.00001 0.004922 0.744826 0.250241
0.00001 0.00001 0.99997 0.00001
0.00001 0.00001 0.85744 0.14254
0.00001 0.00838 0.9916 0.00001
0.00001 0.00001 0.802517 0.197463
0.00001 0.016122 0.595481 0.388387
0.00001 0.00001 0.895738 0.104242
0.00001 0.00001 0.730469 0.269511
0.00001 0.024449 0.690928 0.284613
0.00001 0.00001 0.99997 0.00001
0.00001 0.00001 0.750641 0.249339
0.00001 0.00001 0.760198 0.239782
0.00001 0.010492 0.684843 0.304655
0.00001 0.00001 0.510976 0.489004
0.00001 0.00001 0.737317 0.262663
0.00001 0.00001 0.826392 0.173588
0.00001 0.00001 0.717825 0.282155
0.003987 0.00001 0.734943 0.26106
0.00001 0.00001 0.774683 0.225297
0.00001 0.00001 0.686704 0.313276
0.00001 0.005865 0.702247 0.291878
0.00001 0.00001 0.793726 0.206254
0.00001 0.00001 0.739872 0.260108
0.00001 0.00001 0.662715 0.337265
0.00001 0.004036 0.694307 0.301647
0.00001 0.00001 0.756022 0.243958
0.00001 0.00001 0.637867 0.362113
0.00001 0.008042 0.698035 0.293913
0.00001 0.00001 0.750476 0.249504
0.00001 0.077202 0.581806 0.340981
0.00001 0.00001 0.783723 0.216257
0.00001 0.00001 0.99997 0.00001
0.00001 0.00001 0.612728 0.387252
0.00001 0.00001 0.7981 0.20188
0.00001 0.003303 0.714853 0.281834
0.00001 0.00001 0.833715 0.166265
0.00001 0.00001 0.833204 0.166776
0.00001 0.002554 0.708785 0.288651
0.00001 0.00001 0.611012 0.388968
0.00001 0.00001 0.77434 0.22564
0.00001 0.012616 0.766902 0.220471
0.001426 0.00001 0.574976 0.423588
0.00001 0.00001 0.99997 0.00001
0.00001 0.00001 0.609928 0.390052
0.00001 0.00001 0.99997 0.00001
0.000512 0.00001 0.826488 0.17299
0.00001 0.00001 0.846753 0.153227
0.000013 0.00001 0.64945 0.350527
0.00001 0.00001 0.99997 0.00001
0.00001 0.00001 0.711562 0.288418
0.00001 0.00001 0.677517 0.322463
0.00001 0.00001 0.838367 0.161613
0.00001 0.00001 0.716589 0.283391
0.00001 0.002187 0.798409 0.199394
0.00001 0.00001 0.896453 0.103527
0.00001 0.00001 0.813139 0.186841
0.00001 0.00001 0.683626 0.316354
0.00001 0.000709 0.6993 0.299981
0.00001 0.00001 0.99997 0.00001
0.00001 0.00001 0.99997 0.00001
0.00001 0.00001 0.804636 0.195344
0.00001 0.00001 0.670978 0.329002
0.00001 0.00001 0.750916 0.249064
0.00001 0.00001 0.730461 0.269519
0.00001 0.00001 0.899609 0.100371
0.00001 0.00001 0.75909 0.24089
0.00001 0.00001 0.762826 0.237154
0.00001 0.00001 0.605788 0.394192
0.00001 0.003773 0.64137 0.354847
0.00001 0.00001 0.660387 0.339593
0.00001 0.00001 0.857957 0.142023
0.00001 0.00001 0.784326 0.215654
0.00001 0.00001 0.779652 0.220328
0.00001 0.00001 0.726938 0.273042
0.003874 0.00001 0.971847 0.024269
0.00001 0.00001 0.99997 0.00001
0.00001 0.00001 0.866078 0.133902
0.00001 0.00001 0.99997 0.00001
0.00001 0.00001 0.777633 0.222347
0.00001 0.028249 0.747427 0.224313
0.098792 0.391079 0.343396 0.166732
0.089208 0.382312 0.353889 0.17459
0.138635 0.24937 0.547215 0.06478
0.079623 0.161603 0.617579 0.141194
0.045858 0.18537 0.703279 0.065493
0.045123 0.196697 0.596562 0.161618
0.273737 0.525793 0.160335 0.040135
0.084803 0.448601 0.330065 0.136532
0.170694 0.479275 0.193114 0.156917
0.101569 0.17808 0.543576 0.176775
0.009034 0.190525 0.625769 0.174672
0.324723 0.573687 0.101581 0.00001
0.056077 0.640424 0.191197 0.112302
0.286561 0.493178 0.11697 0.103291
0.129507 0.669258 0.142479 0.058755
0.078793 0.176446 0.63773 0.107031
0.054353 0.170988 0.560611 0.214048
0.115281 0.237051 0.545587 0.10208
0.00001 0.273721 0.503944 0.222326
0.00001 0.220413 0.58418 0.195397
0.00001 0.193721 0.619045 0.187224
0.00001 0.112494 0.557495 0.330001
0.159735 0.203839 0.636416 0.00001
0.037844 0.261187 0.589184 0.111785
0.00001 0.357202 0.614347 0.028441
0.207401 0.060257 0.47325 0.259093
0.050209 0.118829 0.653145 0.177816
0.032287 0.202143 0.516697 0.248873
0.00001 0.18493 0.614323 0.200736
0.094556 0.106978 0.592714 0.205752
0.068651 0.249958 0.504473 0.176918
0.073418 0.097028 0.652109 0.177445
0.064608 0.131168 0.630056 0.174168
0.167266 0.050515 0.588351 0.193868
0.069295 0.143358 0.550942 0.236405
0.039716 0.216723 0.558304 0.185256
0.00001 0.203703 0.514485 0.281802
0.049899 0.148814 0.673913 0.127374
0.00001 0.21913 0.582671 0.198189
0.06068 0.144897 0.674692 0.119732
0.00001 0.456213 0.470284 0.073493
0.06984 0.197578 0.593922 0.13866
0.066103 0.108345 0.608655 0.216897
0.082743 0.00001 0.635412 0.281835
0.130543 0.869437 0.00001 0.00001
0.181208 0.814211 0.004571 0.00001
0.093682 0.906298 0.00001 0.00001
0.00001 0.99997 0.00001 0.00001
0.109003 0.890977 0.00001 0.00001
0.136276 0.863704 0.00001 0.00001
0.09428 0.9057 0.00001 0.00001
0.131101 0.868879 0.00001 0.00001
0.172887 0.827093 0.00001 0.00001
0.244013 0.755967 0.00001 0.00001
0.00001 0.99997 0.00001 0.00001
0.054076 0.945904 0.00001 0.00001
0.114078 0.885898 0.000013 0.00001
0.079585 0.920395 0.00001 0.00001
0.00001 0.99997 0.00001 0.00001
0.040215 0.959765 0.00001 0.00001
0.125116 0.874864 0.00001 0.00001
0.107788 0.892192 0.00001 0.00001
0.190211 0.786203 0.00001 0.023576
0.178838 0.821142 0.00001 0.00001
0.080207 0.919773 0.00001 0.00001
0.087422 0.912558 0.00001 0.00001
0.205341 0.794639 0.00001 0.00001
0.24227 0.75771 0.00001 0.00001
0.125735 0.874245 0.00001 0.00001
0.128464 0.871516 0.00001 0.00001
0.156669 0.843311 0.00001 0.00001
0.226793 0.773187 0.00001 0.00001
0.111721 0.888259 0.00001 0.00001
0.18214 0.817831 0.000019 0.00001
0.087192 0.912788 0.00001 0.00001
0.119338 0.875463 0.005188 0.00001
0.109224 0.890756 0.00001 0.00001
0.186978 0.813002 0.00001 0.00001
0.058163 0.941817 0.00001 0.00001
0.190589 0.809391 0.00001 0.00001
0.023872 0.976108 0.00001 0.00001
0.015373 0.984607 0.00001 0.00001
0.058354 0.941626 0.00001 0.00001
0.102541 0.897439 0.00001 0.00001
0.230401 0.769579 0.00001 0.00001
0.192706 0.807274 0.00001 0.00001
0.00001 0.958909 0.041071 0.00001
0.00001 0.96857 0.03141 0.00001
0.29832 0.70166 0.00001 0.00001
0.081423 0.918557 0.00001 0.00001
0.220762 0.764659 0.014569 0.00001
0.028371 0.94333 0.00001 0.028288
0.228126 0.771854 0.00001 0.00001
0.259077 0.740903 0.00001 0.00001
0.131075 0.868905 0.00001 0.00001
0.13909 0.86089 0.00001 0.00001
0.042544 0.957436 0.00001 0.00001
0.07728 0.9227 0.00001 0.00001
0.094194 0.905786 0.00001 0.00001
0.126847 0.873133 0.00001 0.00001
0.078866 0.921114 0.00001 0.00001
0.165195 0.834785 0.00001 0.00001
0.130906 0.866111 0.002973 0.00001
0.242892 0.757088 0.00001 0.00001
0.034206 0.942368 0.023416 0.00001
0.00001 0.975496 0.024484 0.00001
0.078776 0.911882 0.00001 0.009332
0.00001 0.996771 0.00001 0.003209
0.00001 0.99997 0.00001 0.00001
0.00001 0.99997 0.00001 0.00001
0.23396 0.76602 0.00001 0.00001
0.118028 0.875659 0.00001 0.006303
0.141841 0.858139 0.00001 0.00001
0.170099 0.829881 0.00001 0.00001
0.168276 0.82809 0.003624 0.00001
0.025566 0.974414 0.00001 0.00001
0.075594 0.924386 0.00001 0.00001
0.121551 0.878429 0.00001 0.00001
0.019086 0.980894 0.00001 0.00001
0.076406 0.921231 0.002353 0.00001
0.071629 0.928351 0.00001 0.00001
0.119167 0.880813 0.00001 0.00001
0.141329 0.858649 0.000012 0.00001
0.043806 0.956174 0.00001 0.00001
0.00001 0.99997 0.00001 0.00001
0.025719 0.974261 0.00001 0.00001
0.136127 0.863853 0.00001 0.00001
0.212092 0.787888 0.00001 0.00001
0.153075 0.846905 0.00001 0.00001
0.148799 0.851181 0.00001 0.00001
0.134789 0.865191 0.00001 0.00001
0.175375 0.824605 0.00001 0.00001
0.160839 0.839141 0.00001 0.00001
0.058498 0.941482 0.00001 0.00001
0.175755 0.824225 0.00001 0.00001
0.181247 0.818733 0.00001 0.00001
0.30148 0.6985 0.00001 0.00001
0.314685 0.685295 0.00001 0.00001
0.29835 0.70163 0.00001 0.00001
0.251385 0.748595 0.00001 0.00001
0.132122 0.867858 0.00001 0.00001
0.197641 0.802339 0.00001 0.00001
0.325663 0.674317 0.00001 0.00001
0.303799 0.696181 0.00001 0.00001
0.318536 0.681444 0.00001 0.00001
0.00001 0.99997 0.00001 0.00001
0.00001 0.99997 0.00001 0.00001
0.153743 0.846237 0.00001 0.00001
0.199103 0.800877 0.00001 0.00001
0.00001 0.99997 0.00001 0.00001
0.120046 0.869844 0.00001 0.0101
0.71683 0.28315 0.00001 0.00001
0.466822 0.533158 0.00001 0.00001
0.46861 0.53137 0.00001 0.00001
0.70258 0.2974 0.00001 0.00001
0.665945 0.334027 0.000018 0.00001
0.428786 0.571194 0.00001 0.00001
0.499552 0.500428 0.00001 0.00001
0.636423 0.363557 0.00001 0.00001
0.767712 0.232268 0.00001 0.00001
0.300767 0.699213 0.00001 0.00001
0.420767 0.579213 0.00001 0.00001
0.641393 0.358587 0.00001 0.00001
0.652428 0.347552 0.00001 0.00001
0.317963 0.682017 0.00001 0.00001
0.566175 0.433805 0.00001 0.00001
0.548377 0.451603 0.00001 0.00001
0.636053 0.363927 0.00001 0.00001
0.639891 0.360089 0.00001 0.00001
0.645858 0.354122 0.00001 0.00001
0.475982 0.523998 0.00001 0.00001
0.312537 0.687443 0.00001 0.00001
0.693332 0.306648 0.00001 0.00001
0.710626 0.289354 0.00001 0.00001
0.708942 0.291038 0.00001 0.00001
0.390716 0.609264 0.00001 0.00001
0.583343 0.416637 0.00001 0.00001
0.479063 0.520917 0.00001 0.00001
0.519663 0.480317 0.00001 0.00001
0.99997 0.00001 0.00001 0.00001
0.969442 0.030538 0.00001 0.00001
0.99997 0.00001 0.00001 0.00001
0.99997 0.00001 0.00001 0.00001
0.99997 0.00001 0.00001 0.00001
0.99997 0.00001 0.00001 0.00001
0.971968 0.028012 0.00001 0.00001
0.942843 0.057137 0.00001 0.00001
0.99997 0.00001 0.00001 0.00001
0.99997 0.00001 0.00001 0.00001
0.99997 0.00001 0.00001 0.00001
0.99997 0.00001 0.00001 0.00001
0.99997 0.00001 0.00001 0.00001
0.99997 0.00001 0.00001 0.00001
0.99997 0.00001 0.00001 0.00001
0.99997 0.00001 0.00001 0.00001
0.939224 0.060756 0.00001 0.00001
0.948643 0.051337 0.00001 0.00001
0.99997 0.00001 0.00001 0.00001
0.99997 0.00001 0.00001 0.00001
0.99997 0.00001 0.00001 0.00001
0.99997 0.00001 0.00001 0.00001
0.892243 0.107737 0.00001 0.00001
0.99997 0.00001 0.00001 0.00001
0.99997 0.00001 0.00001 0.00001
0.804505 0.195475 0.00001 0.00001
0.719053 0.280927 0.00001 0.00001
0.850974 0.149006 0.00001 0.00001
0.944241 0.055739 0.00001 0.00001
0.768264 0.231716 0.00001 0.00001
0.730466 0.269514 0.00001 0.00001
0.856645 0.143335 0.00001 0.00001
0.744593 0.255387 0.00001 0.00001
0.952003 0.047977 0.00001 0.00001
0.817904 0.182076 0.00001 0.00001
0.814567 0.185413 0.00001 0.00001
0.835845 0.164135 0.00001 0.00001
0.919863 0.080117 0.00001 0.00001
0.829891 0.170089 0.00001 0.00001
0.795527 0.204453 0.00001 0.00001
0.778743 0.221237 0.00001 0.00001
0.83266 0.16732 0.00001 0.00001
0.80085 0.19913 0.00001 0.00001
0.858892 0.141088 0.00001 0.00001
0.742378 0.257602 0.00001 0.00001
0.825583 0.174397 0.00001 0.00001
0.84267 0.15731 0.00001 0.00001
0.805107 0.194873 0.00001 0.00001
0.944018 0.055962 0.00001 0.00001
0.818254 0.181726 0.00001 0.00001
0.799107 0.200873 0.00001 0.00001
0.776034 0.223946 0.00001 0.00001
0.862401 0.137579 0.00001 0.00001
0.902012 0.097968 0.00001 0.00001
0.932462 0.067518 0.00001 0.00001
0.810643 0.189337 0.00001 0.00001
0.826321 0.173659 0.00001 0.00001
0.846508 0.153472 0.00001 0.00001
0.968018 0.031962 0.00001 0.00001
0.831811 0.168169 0.00001 0.00001
0.99997 0.00001 0.00001 0.00001
0.889608 0.110372 0.00001 0.00001
0.99997 0.00001 0.00001 0.00001
0.991629 0.008351 0.00001 0.00001
0.894861 0.105119 0.00001 0.00001
0.950772 0.049208 0.00001 0.00001
0.838214 0.161766 0.00001 0.00001
0.805663 0.194317 0.00001 0.00001
0.961619 0.038361 0.00001 0.00001
0.904932 0.095048 0.00001 0.00001
0.867049 0.132931 0.00001 0.00001
0.963781 0.036199 0.00001 0.00001
0.868499 0.131481 0.00001 0.00001
0.82903 0.17095 0.00001 0.00001
0.873637 0.126343 0.00001 0.00001
0.897427 0.102553 0.00001 0.00001
0.867642 0.132338 0.00001 0.00001
0.942268 0.057712 0.00001 0.00001
0.866865 0.133115 0.00001 0.00001
0.778314 0.221666 0.00001 0.00001
0.99997 0.00001 0.00001 0.00001
0.760922 0.239058 0.00001 0.00001
0.924781 0.075199 0.00001 0.00001
0.865814 0.134166 0.00001 0.00001
0.827953 0.172027 0.00001 0.00001
0.868814 0.131166 0.00001 0.00001
0.826788 0.173192 0.00001 0.00001
0.793475 0.206505 0.00001 0.00001
0.804437 0.195543 0.00001 0.00001
