0.00001 0.00001 0.99996 0.00001 0.00001
0.00001 0.00001 0.99996 0.00001 0.00001
0.00001 0.00001 0.99996 0.00001 0.00001
0.00001 0.00001 0.99996 0.00001 0.00001
0.00001 0.00001 0.99996 0.00001 0.00001
0.00001 0.00001 0.99996 0.00001 0.00001
0.00001 0.310628 0.689342 0.00001 0.00001
0.00001 0.00001 0.99996 0.00001 0.00001
0.00001 0.00001 0.99996 0.00001 0.00001
0.00001 0.00001 0.99996 0.00001 0.00001
0.00001 0.00001 0.99996 0.00001 0.00001
0.00001 0.00001 0.99996 0.00001 0.00001
0.00001 0.00001 0.99996 0.00001 0.00001
0.00001 0.463479 0.50913 0.027371 0.00001
0.00001 0.00001 0.99996 0.00001 0.00001
0.00001 0.00001 0.99996 0.00001 0.00001
0.00001 0.00001 0.99996 0.00001 0.00001
0.00001 0.00001 0.99996 0.00001 0.00001
0.00001 0.00001 0.99996 0.00001 0.00001
0.00001 0.433429 0.566541 0.00001 0.00001
0.00001 0.00001 0.99996 0.00001 0.00001
0.00001 0.479751 0.520219 0.00001 0.00001
0.00001 0.99996 0.00001 0.00001 0.00001
0.00001 0.973699 0.00001 0.00001 0.026271
0.00001 0.698758 0.301212 0.00001 0.00001
0.00001 0.785326 0.214644 0.00001 0.00001
0.00001 0.745967 0.225282 0.028731 0.00001
0.00001 0.742626 0.257344 0.00001 0.00001
0.00001 0.73557 0.263918 0.00001 0.000492
0.00001 0.615334 0.384636 0.00001 0.00001
0.00001 0.705041 0.294929 0.00001 0.00001
0.00001 0.701618 0.295818 0.00001 0.002544
0.00001 0.629194 0.348244 0.022543 0.00001
0.00001 0.764471 0.235499 0.00001 0.00001
0.00001 0.902359 0.097611 0.00001 0.00001
0.00001 0.99996 0.00001 0.00001 0.00001
0.00001 0.794288 0.205682 0.00001 0.00001
0.00001 0.733101 0.266869 0.00001 0.00001
0.00001 0.660639 0.339331 0.00001 0.00001
0.00001 0.876328 0.123642 0.00001 0.00001
0.00001 0.86193 0.13804 0.00001 0.00001
0.00001 0.99996 0.00001 0.00001 0.00001
0.00001 0.771802 0.210135 0.018043 0.00001
0.00001 0.693011 0.258844 0.048125 0.00001
0.00001 0.674729 0.325085 0.000166 0.00001
0.00001 0.777289 0.222681 0.00001 0.00001
0.00001 0.88009 0.11988 0.00001 0.00001
0.00001 0.694555 0.305415 0.00001 0.00001
0.00001 0.796877 0.203093 0.00001 0.00001
0.00001 0.620057 0.362554 0.00001 0.017369
0.00001 0.659067 0.340903 0.00001 0.00001
0.00001 0.748006 0.243778 0.008196 0.00001
0.00001 0.99996 0.00001 0.00001 0.00001
0.00001 0.859823 0.140147 0.00001 0.00001
0.00001 0.989635 0.00001 0.010335 0.00001
0.00001 0.802568 0.197402 0.00001 0.00001
0.00001 0.597213 0.384998 0.01777 0.00001
0.00001 0.905389 0.094067 0.000525 0.00001
0.00001 0.732749 0.267221 0.00001 0.00001
0.00001 0.691122 0.283035 0.025823 0.00001
0.00001 0.99996 0.00001 0.00001 0.00001
0.00001 0.751854 0.248116 0.00001 0.00001
0.00001 0.758994 0.240976 0.00001 0.00001
0.00001 0.683883 0.304167 0.00001 0.01193
0.00001 0.51305 0.48692 0.00001 0.00001
0.00001 0.737867 0.262103 0.00001 0.00001
0.00001 0.829172 0.170798 0.00001 0.00001
0.00001 0.720906 0.279064 0.00001 0.00001
0.00001 0.736762 0.258418 0.0048 0.00001
0.000018 0.780096 0.219866 0.00001 0.00001
0.00001 0.681201 0.318769 0.00001 0.00001
0.00001 0.701313 0.290666 0.008001 0.00001
0.00001 0.79469 0.20528 0.00001 0.00001
0.00001 0.739427 0.260543 0.00001 0.00001
0.00001 0.662018 0.337952 0.00001 0.00001
0.00001 0.691911 0.299402 0.008667 0.00001
0.00001 0.755446 0.244524 0.00001 0.00001
0.00001 0.630582 0.369388 0.00001 0.00001
0.00001 0.69303 0.293807 0.013143 0.00001
0.00001 0.75184 0.24813 0.00001 0.00001
0.00001 0.579524 0.341703 0.00001 0.078753
0.00001 0.785042 0.214928 0.00001 0.00001
0.00001 0.99996 0.00001 0.00001 0.00001
0.00001 0.615934 0.384036 0.00001 0.00001
0.00001 0.800306 0.199664 0.00001 0.00001
0.00001 0.714708 0.279666 0.005607 0.00001
0.00001 0.835002 0.164968 0.00001 0.00001
0.00001 0.833905 0.166065 0.00001 0.00001
0.00001 0.708207 0.287469 0.00001 0.004304
0.00001 0.61681 0.381835 0.001335 0.00001
0.00001 0.775883 0.224087 0.00001 0.00001
0.00001 0.768305 0.218271 0.00001 0.013403
0.001893 0.57762 0.420467 0.00001 0.00001
0.00001 0.99996 0.00001 0.00001 0.00001
0.00001 0.611603 0.388367 0.00001 0.00001
0.00001 0.99996 0.00001 0.00001 0.00001
0.00001 0.833242 0.165597 0.001141 0.00001
0.00001 0.851342 0.148628 0.00001 0.00001
0.00001 0.651875 0.348095 0.00001 0.00001
0.00001 0.99996 0.00001 0.00001 0.00001
0.00001 0.71505 0.28492 0.00001 0.00001
0.00001 0.679164 0.320806 0.00001 0.00001
0.00001 0.844504 0.155466 0.00001 0.00001
0.00001 0.719648 0.280322 0.00001 0.00001
0.00001 0.796816 0.199843 0.00001 0.003321
0.00001 0.90069 0.09928 0.00001 0.00001
0.00001 0.81621 0.18371 0.00006 0.00001
0.00001 0.6864 0.31356 0.00002 0.00001
0.00001 0.699041 0.297078 0.003862 0.00001
0.00001 0.99996 0.00001 0.00001 0.00001
0.00001 0.99996 0.00001 0.00001 0.00001
0.00001 0.807177 0.192793 0.00001 0.00001
0.00001 0.674342 0.325628 0.00001 0.00001
0.00001 0.752395 0.247575 0.00001 0.00001
0.00001 0.732692 0.267278 0.00001 0.00001
0.00001 0.898748 0.101222 0.00001 0.00001
0.00001 0.762759 0.237211 0.00001 0.00001
0.00001 0.762517 0.237453 0.00001 0.00001
0.00001 0.609556 0.390414 0.00001 0.00001
0.00001 0.641913 0.353955 0.004112 0.00001
0.00001 0.662988 0.336982 0.00001 0.00001
0.00001 0.857765 0.142205 0.00001 0.00001
0.00001 0.783862 0.216108 0.00001 0.00001
0.00001 0.785303 0.214667 0.00001 0.00001
0.00001 0.731811 0.268159 0.00001 0.00001
0.004426 0.975788 0.019766 0.00001 0.00001
0.00001 0.999527 0.00001 0.000443 0.00001
0.00001 0.864854 0.135116 0.00001 0.00001
0.00001 0.996599 0.00001 0.003371 0.00001
0.00001 0.780606 0.219364 0.00001 0.00001
0.00001 0.74722 0.221161 0.031599 0.00001
0.00001 0.340736 0.161221 0.00001 0.498023
0.052691 0.344839 0.179776 0.073284 0.34941
0.114472 0.545972 0.062319 0.00001 0.277227
0.054598 0.615498 0.140496 0.00001 0.189398
0.00193 0.709769 0.055421 0.00001 0.23287
0.00001 0.594648 0.158095 0.00001 0.247237
0.234393 0.160741 0.036575 0.139271 0.42902
0.016385 0.312595 0.14605 0.00001 0.52496
0.115723 0.172447 0.169541 0.00001 0.542279
0.098322 0.556272 0.167079 0.178317 0.00001
0.00001 0.628525 0.169458 0.00001 0.201997
0.21719 0.087632 0.00001 0.00001 0.695158
0.00001 0.169375 0.124661 0.00001 0.705944
0.243334 0.112087 0.105461 0.158739 0.380379
0.08854 0.130212 0.0657 0.129099 0.586448
0.029036 0.634525 0.106634 0.00001 0.229794
0.041969 0.559536 0.213966 0.058025 0.126504
0.105004 0.543963 0.102585 0.074846 0.173602
0.00001 0.503965 0.22193 0.12576 0.148335
0.00001 0.587955 0.191979 0.118844 0.101212
0.00001 0.616498 0.188666 0.062615 0.132211
0.00001 0.557228 0.329831 0.051569 0.061362
0.132697 0.634461 0.00001 0.05554 0.177291
0.049158 0.591869 0.111534 0.19379 0.053649
0.00001 0.619025 0.020693 0.00001 0.360262
0.179093 0.47573 0.256576 0.088591 0.00001
0.04547 0.657083 0.173768 0.071555 0.052123
0.00001 0.513762 0.249707 0.00001 0.236512
0.00001 0.610387 0.20072 0.00001 0.188873
0.087127 0.595857 0.20184 0.031479 0.083697
0.022259 0.496248 0.180429 0.00001 0.301055
0.063229 0.651422 0.177317 0.029675 0.078358
0.00001 0.637575 0.167065 0.19534 0.00001
0.074094 0.584126 0.191207 0.00001 0.150563
0.056226 0.551111 0.23502 0.039312 0.118332
0.036078 0.558858 0.184474 0.096858 0.123732
0.00001 0.523599 0.275715 0.177835 0.022841
0.036301 0.679229 0.122416 0.118537 0.043518
0.00001 0.583998 0.197756 0.151434 0.066802
0.00001 0.671533 0.116809 0.00001 0.211637
0.00001 0.46248 0.07686 0.065143 0.395507
0.051325 0.595688 0.136491 0.113115 0.103382
0.018464 0.60269 0.219004 0.00001 0.159831
0.083206 0.637944 0.27883 0.00001 0.00001
0.082618 0.00001 0.00001 0.361613 0.555749
0.128607 0.00001 0.00001 0.192936 0.678437
0.068796 0.00001 0.00001 0.456642 0.474542
0.00001 0.00001 0.00001 0.427778 0.572192
0.053925 0.00001 0.00001 0.196545 0.749509
0.099406 0.00001 0.00001 0.3558 0.544774
0.069786 0.00001 0.00001 0.418694 0.5115
0.104229 0.00001 0.00001 0.443815 0.451936
0.140436 0.00001 0.00001 0.419169 0.440375
0.213957 0.00001 0.00001 0.341715 0.444308
0.00001 0.00001 0.00001 0.99996 0.00001
0.00001 0.00001 0.00001 0.99996 0.00001
0.00001 0.00001 0.00001 0.99996 0.00001
0.00001 0.00001 0.00001 0.99996 0.00001
0.00001 0.00001 0.00001 0.99996 0.00001
0.00001 0.00001 0.00001 0.99996 0.00001
0.00001 0.00001 0.00001 0.00001 0.99996
0.060877 0.00001 0.00001 0.259458 0.679644
0.145841 0.00001 0.02047 0.484154 0.349524
0.122513 0.00001 0.00001 0.00001 0.877457
0.034358 0.00001 0.00001 0.310099 0.655523
0.00001 0.00001 0.00001 0.99996 0.00001
0.172094 0.00001 0.00001 0.295521 0.532365
0.208075 0.00001 0.00001 0.314072 0.477832
0.068183 0.00001 0.00001 0.24483 0.686967
0.074629 0.00001 0.00001 0.180732 0.74462
0.116452 0.00001 0.00001 0.304995 0.578533
0.190244 0.00001 0.00001 0.307096 0.502641
0.080568 0.00001 0.00001 0.395507 0.523905
0.149476 0.00001 0.00001 0.427735 0.422769
0.00001 0.00001 0.00001 0.00001 0.99996
0.081228 0.002953 0.00001 0.462395 0.453414
0.051891 0.00001 0.00001 0.235512 0.712577
0.047383 0.00001 0.00001 0.00001 0.952587
0.024302 0.00001 0.00001 0.347316 0.628362
0.140481 0.00001 0.00001 0.33004 0.529459
0.00001 0.00001 0.00001 0.378745 0.621225
0.00001 0.00001 0.00001 0.452094 0.547876
0.035966 0.00001 0.00001 0.500768 0.463246
0.094491 0.00001 0.00001 0.512747 0.392743
0.187363 0.00001 0.00001 0.195321 0.617295
0.147933 0.00001 0.00001 0.373505 0.478542
0.00001 0.014233 0.00001 0.00001 0.985737
0.00001 0.020342 0.00001 0.248487 0.731151
0.264853 0.00001 0.00001 0.338469 0.396657
0.00001 0.00001 0.00001 0.00001 0.99996
0.168706 0.003104 0.00001 0.236671 0.591508
0.005754 0.030311 0.00001 0.472336 0.491589
0.184745 0.00001 0.00001 0.325329 0.489906
0.2161 0.00001 0.00001 0.135564 0.648316
0.107448 0.00001 0.00001 0.45296 0.439572
0.110342 0.00001 0.00001 0.340587 0.549051
0.032421 0.00001 0.00001 0.504612 0.462947
0.052448 0.00001 0.00001 0.526661 0.420871
0.00001 0.00001 0.00001 0.99996 0.00001
0.00001 0.00001 0.00001 0.99996 0.00001
0.061998 0.00001 0.00001 0.522244 0.415738
0.142429 0.00001 0.00001 0.515218 0.342333
0.079376 0.00001 0.00001 0.27072 0.649884
0.209927 0.00001 0.00001 0.244831 0.545222
0.00001 0.00001 0.00001 0.00001 0.99996
0.00001 0.021917 0.00001 0.325977 0.652085
0.053998 0.00001 0.009789 0.453589 0.482615
0.00001 0.00001 0.00001 0.00001 0.99996
0.00001 0.00001 0.00001 0.99996 0.00001
0.00001 0.00001 0.00001 0.99996 0.00001
0.17482 0.00001 0.00001 0.181903 0.643257
0.035602 0.00001 0.00001 0.220795 0.743582
0.00001 0.00001 0.00001 0.00001 0.99996
0.115598 0.00001 0.00001 0.234766 0.649615
0.03906 0.00001 0.00001 0.00001 0.96091
0.00001 0.00001 0.00001 0.351824 0.648146
0.064349 0.000012 0.00001 0.583544 0.352085
0.102586 0.00001 0.00001 0.572661 0.324733
0.00001 0.00001 0.00001 0.361158 0.638812
0.048753 0.002303 0.00001 0.493217 0.455717
0.039159 0.00001 0.00001 0.468564 0.492258
0.00001 0.00001 0.00001 0.00001 0.99996
0.101605 0.000015 0.00001 0.408063 0.490307
0.009676 0.00001 0.00001 0.45485 0.535454
0.00001 0.00001 0.00001 0.392871 0.607099
0.00001 0.00001 0.00001 0.336894 0.663076
0.095037 0.00001 0.00001 0.323487 0.581456
0.193695 0.00001 0.00001 0.389983 0.416302
0.116078 0.00001 0.00001 0.321688 0.562215
0.112532 0.00001 0.00001 0.410838 0.47661
0.11757 0.000014 0.00001 0.529674 0.352732
0.146419 0.00001 0.00001 0.47527 0.378291
0.117139 0.00001 0.00001 0.321983 0.560858
0.03489 0.00001 0.00001 0.426699 0.53839
0.149591 0.00001 0.00001 0.310909 0.539479
0.137637 0.00001 0.00001 0.245958 0.616385
0.258105 0.00001 0.00001 0.33862 0.403255
0.263116 0.00001 0.00001 0.195964 0.5409
0.263334 0.00001 0.00001 0.345912 0.390734
0.177554 0.00001 0.00001 0.00001 0.822416
0.09884 0.00001 0.00001 0.467016 0.434124
0.153259 0.00001 0.00001 0.317826 0.528895
0.279422 0.00001 0.00001 0.194722 0.525835
0.260029 0.00001 0.00001 0.235884 0.504067
0.263369 0.00001 0.00001 0.00001 0.736601
0.00001 0.00001 0.00001 0.256337 0.743633
0.00001 0.00001 0.00001 0.416398 0.583572
0.114159 0.00001 0.00001 0.279661 0.606159
0.18191 0.00001 0.00001 0.427315 0.390755
0.00001 0.00001 0.00001 0.238393 0.761577
0.072866 0.00001 0.00001 0.231787 0.695327
0.669997 0.00001 0.00001 0.176109 0.153874
0.425693 0.00001 0.00001 0.186984 0.387303
0.429469 0.00001 0.00001 0.193723 0.376788
0.64717 0.00001 0.00001 0.243484 0.109326
0.599778 0.00001 0.00001 0.091061 0.309142
0.399092 0.00001 0.00001 0.377969 0.222919
0.452389 0.000019 0.00001 0.285722 0.261861
0.605008 0.00001 0.00001 0.024272 0.370701
0.721789 0.00001 0.00001 0.217304 0.060887
0.244131 0.00001 0.00001 0.164368 0.59148
0.377584 0.00001 0.00001 0.301742 0.320654
0.590965 0.00001 0.00001 0.28889 0.120125
0.603848 0.00001 0.00001 0.062927 0.333205
0.272107 0.00001 0.00001 0.2799 0.447973
0.502316 0.00001 0.00001 0.054724 0.44294
0.495901 0.00001 0.00001 0.183862 0.320217
0.581384 0.00001 0.00001 0.151485 0.267111
0.59429 0.00001 0.00001 0.208414 0.197276
0.599319 0.00001 0.00001 0.089142 0.311519
0.420713 0.00001 0.00001 0.189961 0.389306
0.266024 0.00001 0.00001 0.397052 0.336904
0.634569 0.00001 0.00001 0.002177 0.363234
0.681223 0.00001 0.00001 0.290607 0.02815
0.632842 0.00001 0.00001 0.367128 0.00001
0.31903 0.00001 0.00001 0.00001 0.68094
0.53785 0.00001 0.00001 0.198384 0.263745
0.433106 0.00001 0.00001 0.00001 0.566864
0.441366 0.00001 0.00001 0.083077 0.475538
0.99996 0.00001 0.00001 0.00001 0.00001
0.886264 0.00001 0.00001 0.00001 0.113706
0.99996 0.00001 0.00001 0.00001 0.00001
0.969473 0.00001 0.00001 0.00001 0.030497
0.99996 0.00001 0.00001 0.00001 0.00001
0.895064 0.00001 0.00001 0.104906 0.00001
0.912142 0.00001 0.00001 0.025349 0.062489
0.847596 0.00001 0.00001 0.152374 0.00001
0.980192 0.00001 0.00001 0.019778 0.00001
0.99996 0.00001 0.00001 0.00001 0.00001
0.994005 0.00001 0.00001 0.00001 0.005965
0.99996 0.00001 0.00001 0.00001 0.00001
0.967441 0.00001 0.00001 0.032529 0.00001
0.99996 0.00001 0.00001 0.00001 0.00001
0.99996 0.00001 0.00001 0.00001 0.00001
0.988515 0.00001 0.00001 0.011455 0.00001
0.823292 0.00001 0.00001 0.00001 0.176678
0.850762 0.00001 0.00001 0.00001 0.149208
0.99996 0.00001 0.00001 0.00001 0.00001
0.99996 0.00001 0.00001 0.00001 0.00001
0.99996 0.00001 0.00001 0.00001 0.00001
0.99996 0.00001 0.00001 0.00001 0.00001
0.787569 0.00001 0.00001 0.212401 0.00001
0.99996 0.00001 0.00001 0.00001 0.00001
0.99996 0.00001 0.00001 0.00001 0.00001
0.758973 0.00001 0.00001 0.063456 0.17755
0.657491 0.00001 0.00001 0.054837 0.287652
0.793032 0.00001 0.00001 0.018242 0.188705
0.815248 0.00001 0.00001 0.184722 0.00001
0.73208 0.00001 0.00001 0.144633 0.123267
0.680857 0.00001 0.00001 0.047849 0.271274
0.792383 0.00001 0.00001 0.00001 0.207587
0.7048 0.00001 0.00001 0.29517 0.00001
0.871996 0.00001 0.00001 0.00001 0.127974
0.767381 0.00001 0.00001 0.232589 0.00001
0.766544 0.00001 0.00001 0.233426 0.00001
0.772854 0.00001 0.00001 0.12135 0.105776
0.86428 0.00001 0.00001 0.078567 0.057133
0.746317 0.00001 0.00001 0.00001 0.253653
0.732387 0.00001 0.00001 0.031439 0.236154
0.726596 0.00001 0.00001 0.101851 0.171533
0.776494 0.00001 0.00001 0.070292 0.153194
0.735753 0.00001 0.00001 0.181239 0.082988
0.801851 0.00001 0.00001 0.198119 0.00001
0.687387 0.00001 0.00001 0.106653 0.20594
0.761338 0.00001 0.00001 0.091237 0.147405
0.753326 0.00001 0.00001 0.246644 0.00001
0.760983 0.00001 0.00001 0.238987 0.00001
0.893243 0.00001 0.00001 0.084058 0.022679
0.75628 0.00001 0.00001 0.130065 0.113635
0.739127 0.00001 0.00001 0.156965 0.103888
0.696579 0.00001 0.00001 0.303391 0.00001
0.810139 0.00001 0.00001 0.00001 0.189831
0.815269 0.00001 0.00001 0.184701 0.00001
0.791213 0.00001 0.00001 0.208757 0.00001
0.747793 0.00001 0.00001 0.252177 0.00001
0.777239 0.00001 0.00001 0.222731 0.00001
0.780256 0.00001 0.00001 0.00001 0.219714
0.883962 0.00001 0.00001 0.116008 0.00001
0.780342 0.00001 0.00001 0.219628 0.00001
0.99996 0.00001 0.00001 0.00001 0.00001
0.826895 0.00001 0.00001 0.039962 0.133123
0.99996 0.00001 0.00001 0.00001 0.00001
0.898456 0.00001 0.00001 0.00001 0.101514
0.814432 0.00001 0.00001 0.185538 0.00001
0.876542 0.00001 0.00001 0.123428 0.00001
0.742177 0.00001 0.00001 0.257793 0.00001
0.74482 0.00001 0.00001 0.191201 0.063958
0.893707 0.00001 0.00001 0.029788 0.076485
0.837239 0.00001 0.00001 0.162731 0.00001
0.793061 0.00001 0.00001 0.173154 0.033766
0.858085 0.00001 0.00001 0.141885 0.00001
0.807923 0.00001 0.00001 0.064004 0.128053
0.785913 0.00001 0.00001 0.214057 0.00001
0.8008 0.00001 0.00001 0.19917 0.00001
0.820457 0.00001 0.00001 0.103349 0.076174
0.799662 0.00001 0.00001 0.135091 0.065227
0.851496 0.00001 0.00001 0.00001 0.148474
0.805973 0.00001 0.00001 0.002861 0.191146
0.711496 0.00001 0.00001 0.288474 0.00001
0.918134 0.00001 0.00001 0.081836 0.00001
0.691393 0.00001 0.00001 0.014447 0.29414
0.851057 0.00001 0.00001 0.148913 0.00001
0.798766 0.00001 0.00001 0.011339 0.189875
0.777667 0.00001 0.00001 0.222303 0.00001
0.810155 0.00001 0.00001 0.189815 0.00001
0.733591 0.00001 0.00001 0.266379 0.00001
0.744602 0.00001 0.00001 0.00001 0.255368
0.7696 0.00001 0.00001 0.224641 0.005739
