0.00001 0.182654 0.00001 0.00001 0.817316
0.00001 0.137145 0.037057 0.00001 0.825777
0.00001 0.158468 0.00001 0.00001 0.841502
0.00001 0.227346 0.00001 0.00001 0.772624
0.00001 0.99996 0.00001 0.00001 0.00001
0.00001 0.211158 0.00001 0.00001 0.788812
0.00001 0.179512 0.00001 0.00001 0.820458
0.00001 0.148863 0.00001 0.00001 0.851107
0.00001 0.169045 0.00001 0.00001 0.830925
0.00001 0.215811 0.00001 0.00001 0.784159
0.00001 0.99996 0.00001 0.00001 0.00001
0.00001 0.247622 0.00001 0.00001 0.752348
0.00001 0.139797 0.00001 0.00001 0.860173
0.00001 0.114426 0.00001 0.029295 0.856259
0.00001 0.181783 0.00001 0.00001 0.818187
0.00001 0.152315 0.00001 0.00001 0.847655
0.00001 0.16554 0.00001 0.00001 0.83443
0.00001 0.203894 0.00001 0.00001 0.796076
0.000013 0.15116 0.00001 0.00001 0.848807
0.00001 0.151675 0.00001 0.00001 0.848295
0.00001 0.99996 0.00001 0.00001 0.00001
0.00001 0.170259 0.00001 0.00001 0.829711
0.00001 0.024269 0.00001 0.00001 0.975701
0.00001 0.00001 0.00001 0.033795 0.966175
0.00001 0.049714 0.00001 0.00001 0.950256
0.00001 0.001354 0.00001 0.00001 0.998616
0.00001 0.000781 0.084058 0.010702 0.904449
0.00001 0.042035 0.00001 0.00001 0.957935
0.00001 0.056518 0.00001 0.00334 0.940122
0.00001 0.102864 0.00001 0.00001 0.897106
0.00001 0.011599 0.00001 0.00001 0.988371
0.00001 0.04183 0.062743 0.00001 0.895408
0.00001 0.048486 0.168191 0.00001 0.783303
0.00001 0.02781 0.00001 0.00001 0.97216
0.00001 0.00001 0.00001 0.00001 0.99996
0.00001 0.00001 0.00001 0.00001 0.99996
0.00001 0.0614 0.051051 0.00001 0.887529
0.00001 0.068683 0.00001 0.00001 0.931287
0.00001 0.04245 0.063428 0.00001 0.894102
0.002804 0.014311 0.00001 0.00001 0.982864
0.00001 0.016292 0.119857 0.00001 0.863831
0.00001 0.00001 0.00001 0.00001 0.99996
0.00001 0.054235 0.143142 0.00001 0.802603
0.00001 0.037549 0.228089 0.00001 0.734342
0.00001 0.063715 0.00001 0.00001 0.936255
0.00001 0.017415 0.00001 0.00001 0.982555
0.00001 0.00001 0.00001 0.00001 0.99996
0.00001 0.028324 0.00001 0.00001 0.971646
0.00001 0.04331 0.00001 0.00001 0.95666
0.00001 0.09508 0.088609 0.00001 0.816291
0.00001 0.063969 0.026715 0.00001 0.909296
0.00001 0.045886 0.00001 0.009375 0.944719
0.00001 0.00001 0.00001 0.00001 0.99996
0.00001 0.019843 0.00001 0.00001 0.980127
0.00001 0.00886 0.00001 0.016845 0.974275
0.00001 0.074696 0.00001 0.00001 0.925274
0.00001 0.101364 0.114848 0.00001 0.783768
0.00001 0.00001 0.064691 0.00001 0.935279
0.00001 0.040512 0.00001 0.00001 0.959458
0.00001 0.049912 0.116998 0.00001 0.83307
0.00001 0.00001 0.00001 0.00001 0.99996
0.00001 0.032215 0.00001 0.00001 0.967755
0.00001 0.063654 0.00001 0.00001 0.936316
0.00001 0.082246 0.00001 0.012782 0.904952
0.00001 0.123646 0.00001 0.00001 0.876324
0.00001 0.017815 0.00001 0.00001 0.982155
0.00001 0.00001 0.00001 0.00001 0.99996
0.00001 0.058596 0.063052 0.00001 0.878333
0.008311 0.00001 0.00001 0.00001 0.991659
0.00001 0.00001 0.00001 0.00001 0.99996
0.00001 0.036493 0.00001 0.00001 0.963477
0.00001 0.088595 0.053666 0.00001 0.85772
0.00001 0.051238 0.00001 0.00001 0.948732
0.00001 0.074752 0.00001 0.00001 0.925218
0.00001 0.106681 0.00001 0.00001 0.893289
0.00001 0.062157 0.070341 0.00001 0.867482
0.00001 0.006374 0.00001 0.00001 0.993596
0.00001 0.090779 0.00001 0.00001 0.909191
0.00001 0.047956 0.00001 0.011387 0.940637
0.00001 0.049681 0.00001 0.000055 0.950244
0.00001 0.078935 0.341608 0.00001 0.579437
0.00001 0.003907 0.00001 0.00001 0.996063
0.00001 0.019152 0.00001 0.00001 0.980818
0.00001 0.103077 0.00001 0.00001 0.896893
0.00001 0.00001 0.00001 0.00001 0.99996
0.00001 0.035434 0.00001 0.007992 0.956555
0.00001 0.00001 0.00001 0.00001 0.99996
0.00001 0.029172 0.01594 0.00001 0.954869
0.00001 0.051125 0.032232 0.00001 0.916623
0.00001 0.058416 0.07581 0.00001 0.865753
0.00001 0.038205 0.00001 0.00001 0.961765
0.00001 0.043265 0.085667 0.00001 0.871048
0.00001 0.058181 0.113026 0.00001 0.828772
0.00001 0.00001 0.00001 0.00001 0.99996
0.00001 0.072071 0.017641 0.00001 0.910268
0.00001 0.00001 0.00001 0.00001 0.99996
0.00001 0.016785 0.060125 0.00001 0.92307
0.00001 0.029719 0.012854 0.00001 0.957407
0.00001 0.062072 0.00001 0.00001 0.937898
0.00001 0.000177 0.00001 0.00001 0.999793
0.00001 0.062933 0.00001 0.00001 0.937037
0.00001 0.062124 0.010373 0.00001 0.927483
0.000012 0.043419 0.070415 0.00001 0.886145
0.00001 0.026381 0.090213 0.00001 0.883386
0.00001 0.018721 0.078932 0.00001 0.902327
0.00001 0.009796 0.00001 0.00001 0.990174
0.00001 0.073697 0.054335 0.00001 0.871948
0.00001 0.042189 0.02395 0.00001 0.933842
0.00001 0.093558 0.00001 0.003515 0.902907
0.00001 0.012165 0.00001 0.00001 0.987805
0.00001 0.00001 0.00001 0.00001 0.99996
0.00001 0.055932 0.00001 0.00001 0.944038
0.00001 0.042678 0.06388 0.00001 0.893422
0.00001 0.034687 0.00001 0.00001 0.965283
0.00001 0.049907 0.00001 0.00001 0.950063
0.00001 0.03306 0.000888 0.00001 0.966032
0.00001 0.00001 0.00001 0.00001 0.99996
0.00001 0.030291 0.00001 0.00001 0.969679
0.00001 0.055576 0.00001 0.00001 0.944394
0.00001 0.042756 0.00001 0.006253 0.950971
0.00001 0.054375 0.00001 0.00001 0.945595
0.00001 0.004596 0.00001 0.00001 0.995374
0.00001 0.046558 0.00001 0.00001 0.953412
0.00001 0.054032 0.00001 0.00001 0.945938
0.00001 0.003028 0.00001 0.00001 0.996942
0.005708 0.023051 0.030458 0.00001 0.940773
0.00001 0.00001 0.050114 0.00001 0.949856
0.00001 0.036127 0.013319 0.00001 0.950535
0.00001 0.001353 0.00001 0.005335 0.993293
0.00001 0.020332 0.00001 0.00001 0.979638
0.00001 0.056558 0.184803 0.00001 0.758619
0.078303 0.039994 0.166052 0.376789 0.338862
0.061452 0.030829 0.382454 0.324686 0.200579
0.132833 0.00001 0.100765 0.234904 0.531489
0.00001 0.00001 0.99996 0.00001 0.00001
0.00001 0.00001 0.99996 0.00001 0.00001
0.02908 0.00325 0.367528 0.131817 0.468325
0.268376 0.004441 0.050345 0.520373 0.156465
0.075474 0.044692 0.300442 0.388663 0.190729
0.163552 0.0289 0.173343 0.449772 0.184433
0.100353 0.032339 0.223778 0.12962 0.51391
0.003761 0.039573 0.292166 0.131093 0.533408
0.323326 0.00682 0.117857 0.551987 0.00001
0.04767 0.061842 0.041942 0.64002 0.208525
0.279164 0.002565 0.277257 0.441004 0.00001
0.127008 0.00001 0.259325 0.613647 0.00001
0.078841 0.00001 0.413654 0.082485 0.42501
0.00001 0.00001 0.99996 0.00001 0.00001
0.079827 0.016731 0.470953 0.167177 0.265313
0.00001 0.061546 0.210752 0.228516 0.499177
0.00001 0.00001 0.99996 0.00001 0.00001
0.00001 0.00001 0.99996 0.00001 0.00001
0.00001 0.07751 0.327969 0.033989 0.560523
0.15785 0.00001 0.076142 0.191468 0.57453
0.02868 0.00001 0.349274 0.193444 0.428592
0.00001 0.00001 0.846336 0.153634 0.00001
0.190222 0.033177 0.345455 0.00001 0.431136
0.030787 0.00001 0.231888 0.087627 0.649688
0.028487 0.055711 0.005265 0.207391 0.703146
0.00001 0.03442 0.00001 0.187744 0.777816
0.088308 0.057328 0.009633 0.114256 0.730475
0.064918 0.00001 0.213907 0.207242 0.513923
0.062438 0.022166 0.175703 0.071378 0.668315
0.058992 0.021828 0.284047 0.073524 0.561609
0.00001 0.00001 0.99996 0.00001 0.00001
0.00001 0.00001 0.99996 0.00001 0.00001
0.045885 0.008301 0.180118 0.172953 0.592743
0.00001 0.043931 0.201196 0.160617 0.594247
0.021467 0.00001 0.441814 0.076881 0.459829
0.00001 0.00001 0.99996 0.00001 0.00001
0.056326 0.014631 0.070714 0.136653 0.721677
0.00001 0.00001 0.298485 0.390451 0.311044
0.00001 0.00001 0.99996 0.00001 0.00001
0.064041 0.054001 0.020062 0.109009 0.752887
0.057345 0.050243 0.143026 0.00001 0.749376
0.124848 0.00001 0.00001 0.875122 0.00001
0.185755 0.00001 0.00001 0.809102 0.005124
0.088214 0.00001 0.00001 0.911756 0.00001
0.00001 0.00001 0.00001 0.99996 0.00001
0.104022 0.00001 0.00001 0.895948 0.00001
0.124278 0.00001 0.00001 0.875692 0.00001
0.090409 0.00001 0.00001 0.909561 0.00001
0.122401 0.00001 0.00001 0.877569 0.00001
0.169939 0.00001 0.00001 0.830031 0.00001
0.24177 0.00001 0.00001 0.7582 0.00001
0.00001 0.00001 0.00001 0.99996 0.00001
0.047274 0.00001 0.00001 0.952696 0.00001
0.107328 0.00001 0.00001 0.892642 0.00001
0.061867 0.00001 0.00001 0.938103 0.00001
0.00001 0.00001 0.00001 0.99996 0.00001
0.037037 0.00001 0.00001 0.962933 0.00001
0.122188 0.00001 0.00001 0.877782 0.00001
0.104336 0.00001 0.00001 0.895634 0.00001
0.179297 0.021508 0.00001 0.799174 0.00001
0.16644 0.00001 0.00001 0.83353 0.00001
0.07163 0.00001 0.00001 0.92834 0.00001
0.088006 0.00001 0.00001 0.911964 0.00001
0.197888 0.00001 0.00001 0.802082 0.00001
0.233674 0.00001 0.00001 0.766296 0.00001
0.12612 0.00001 0.001673 0.872187 0.00001
0.126291 0.00001 0.00001 0.873679 0.00001
0.149176 0.00001 0.00001 0.850794 0.00001
0.222627 0.00001 0.00001 0.777343 0.00001
0.100185 0.00001 0.00001 0.899785 0.00001
0.179367 0.00001 0.00001 0.820603 0.00001
0.08036 0.00001 0.00001 0.91961 0.00001
0.1401 0.00001 0.024882 0.834998 0.00001
0.101767 0.00001 0.00001 0.898203 0.00001
0.183491 0.00001 0.00001 0.816479 0.00001
0.051671 0.00001 0.00001 0.948299 0.00001
0.186053 0.00001 0.00001 0.813917 0.00001
0.018936 0.00001 0.00001 0.981034 0.00001
0.004241 0.00001 0.00001 0.995729 0.00001
0.051131 0.00001 0.00001 0.948839 0.00001
0.090729 0.00001 0.00001 0.909241 0.00001
0.218055 0.00001 0.00001 0.781915 0.00001
0.19038 0.00001 0.00001 0.80959 0.00001
0.00001 0.00001 0.050456 0.949514 0.00001
0.00001 0.028237 0.00001 0.971733 0.00001
0.29682 0.00001 0.00001 0.70315 0.00001
0.077385 0.00001 0.00001 0.922585 0.00001
0.21384 0.00001 0.00001 0.772139 0.014002
0.031383 0.00001 0.039765 0.928833 0.00001
0.223065 0.00001 0.00001 0.776905 0.00001
0.254861 0.00001 0.00001 0.745109 0.00001
0.126366 0.00001 0.00001 0.873604 0.00001
0.132844 0.00001 0.00001 0.867126 0.00001
0.036225 0.00001 0.00001 0.963745 0.00001
0.071587 0.00001 0.00001 0.928383 0.00001
0.086401 0.00001 0.00001 0.913569 0.00001
0.121203 0.00001 0.00001 0.878767 0.00001
0.078493 0.00001 0.00001 0.921477 0.00001
0.167703 0.00001 0.00001 0.832267 0.00001
0.133426 0.00001 0.012805 0.853749 0.00001
0.237671 0.00001 0.00001 0.762299 0.00001
0.032686 0.00001 0.027723 0.939571 0.00001
0.00001 0.00001 0.00001 0.975078 0.024892
0.085809 0.017896 0.00001 0.896275 0.00001
0.00001 0.00001 0.00001 0.99996 0.00001
0.00001 0.00001 0.00001 0.99996 0.00001
0.00001 0.00001 0.00001 0.99996 0.00001
0.234141 0.00001 0.001055 0.764784 0.00001
0.129196 0.012058 0.00001 0.858725 0.00001
0.143435 0.000459 0.00001 0.856087 0.00001
0.17197 0.00001 0.00001 0.828 0.00001
0.175545 0.00001 0.014511 0.809924 0.00001
0.030142 0.00001 0.00001 0.969828 0.00001
0.072379 0.00001 0.00001 0.927591 0.00001
0.109462 0.00001 0.00001 0.890508 0.00001
0.01847 0.00001 0.00001 0.9815 0.00001
0.066905 0.00001 0.00001 0.931846 0.001229
0.070221 0.00001 0.00001 0.929749 0.00001
0.124695 0.00001 0.00001 0.875275 0.00001
0.134252 0.00001 0.00001 0.865718 0.00001
0.042072 0.00001 0.00001 0.957898 0.00001
0.00001 0.00001 0.00001 0.99996 0.00001
0.021266 0.00001 0.00001 0.978704 0.00001
0.13334 0.00001 0.00001 0.86663 0.00001
0.204231 0.00001 0.00001 0.795739 0.00001
0.14415 0.00001 0.00001 0.85582 0.00001
0.143328 0.00001 0.00001 0.856642 0.00001
0.129579 0.00001 0.00001 0.870391 0.00001
0.17166 0.00001 0.00001 0.82831 0.00001
0.157753 0.00001 0.00001 0.842217 0.00001
0.049961 0.00001 0.00001 0.950009 0.00001
0.186672 0.000011 0.012997 0.800311 0.00001
0.17568 0.00001 0.00001 0.82429 0.00001
0.302036 0.00001 0.00001 0.697934 0.00001
0.316381 0.00001 0.00001 0.683589 0.00001
0.288169 0.00001 0.00001 0.711801 0.00001
0.248179 0.00001 0.00001 0.751791 0.00001
0.124108 0.00001 0.00001 0.875862 0.00001
0.199581 0.00001 0.00001 0.800389 0.00001
0.319232 0.00001 0.00001 0.680738 0.00001
0.301222 0.00001 0.00001 0.698748 0.00001
0.307946 0.00001 0.00001 0.692024 0.00001
0.00001 0.00001 0.00001 0.99996 0.00001
0.00001 0.00001 0.00001 0.99996 0.00001
0.147883 0.00001 0.00001 0.852087 0.00001
0.190865 0.00001 0.00001 0.809105 0.00001
0.00001 0.00001 0.00001 0.99996 0.00001
0.120335 0.00001 0.016627 0.863018 0.00001
0.710865 0.00001 0.00001 0.289105 0.00001
0.467373 0.00001 0.00001 0.532597 0.00001
0.464386 0.00001 0.00001 0.535584 0.00001
0.704058 0.00001 0.00001 0.295912 0.00001
0.661186 0.00001 0.00001 0.338784 0.00001
0.42691 0.00001 0.00001 0.57306 0.00001
0.495642 0.00001 0.00001 0.504328 0.00001
0.631578 0.00001 0.00001 0.368392 0.00001
0.757702 0.00001 0.00001 0.242268 0.00001
0.29284 0.00001 0.00001 0.70713 0.00001
0.420623 0.00001 0.00001 0.579347 0.00001
0.637409 0.00001 0.00001 0.362561 0.00001
0.640971 0.00001 0.00001 0.358999 0.00001
0.309716 0.00001 0.00001 0.690254 0.00001
0.565704 0.00001 0.00001 0.434266 0.00001
0.546872 0.00001 0.00001 0.453098 0.00001
0.633661 0.00001 0.00001 0.366309 0.00001
0.639242 0.00001 0.00001 0.360728 0.00001
0.636967 0.00001 0.00001 0.363003 0.00001
0.476371 0.00001 0.00001 0.523599 0.00001
0.300161 0.00001 0.00001 0.699809 0.00001
0.690498 0.00001 0.00001 0.309472 0.00001
0.710822 0.00001 0.00001 0.289148 0.00001
0.709808 0.00001 0.00001 0.290162 0.00001
0.384896 0.00001 0.00001 0.615074 0.00001
0.581171 0.00001 0.00001 0.418799 0.00001
0.481907 0.00001 0.00001 0.518063 0.00001
0.516155 0.000017 0.00001 0.483808 0.00001
0.99996 0.00001 0.00001 0.00001 0.00001
0.960177 0.00001 0.00001 0.039793 0.00001
0.99996 0.00001 0.00001 0.00001 0.00001
0.99996 0.00001 0.00001 0.00001 0.00001
0.99996 0.00001 0.00001 0.00001 0.00001
0.99996 0.00001 0.00001 0.00001 0.00001
0.980633 0.00001 0.00001 0.019337 0.00001
0.942199 0.00001 0.00001 0.057771 0.00001
0.99996 0.00001 0.00001 0.00001 0.00001
0.99996 0.00001 0.00001 0.00001 0.00001
0.99996 0.00001 0.00001 0.00001 0.00001
0.99996 0.00001 0.00001 0.00001 0.00001
0.99996 0.00001 0.00001 0.00001 0.00001
0.99996 0.00001 0.00001 0.00001 0.00001
0.99996 0.00001 0.00001 0.00001 0.00001
0.99996 0.00001 0.00001 0.00001 0.00001
0.939296 0.00001 0.00001 0.060674 0.00001
0.948053 0.00001 0.00001 0.051917 0.00001
0.99996 0.00001 0.00001 0.00001 0.00001
0.99996 0.00001 0.00001 0.00001 0.00001
0.99996 0.00001 0.00001 0.00001 0.00001
0.99996 0.00001 0.00001 0.00001 0.00001
0.887478 0.00001 0.00001 0.112492 0.00001
0.99996 0.00001 0.00001 0.00001 0.00001
0.99996 0.00001 0.00001 0.00001 0.00001
0.795523 0.00001 0.00001 0.204447 0.00001
0.70954 0.00001 0.00001 0.29043 0.00001
0.840911 0.00001 0.00001 0.159059 0.00001
0.933436 0.00001 0.00001 0.066534 0.00001
0.764269 0.00001 0.00001 0.235701 0.00001
0.728174 0.00001 0.00001 0.271796 0.00001
0.846385 0.00001 0.00001 0.153585 0.00001
0.736673 0.00001 0.00001 0.263297 0.00001
0.937532 0.00001 0.00001 0.062438 0.00001
0.817249 0.00001 0.00001 0.182721 0.00001
0.815018 0.00001 0.00001 0.184952 0.00001
0.829225 0.00001 0.00001 0.170745 0.00001
0.914324 0.00001 0.00001 0.085646 0.00001
0.831239 0.00001 0.00001 0.168731 0.00001
0.796265 0.00001 0.00001 0.203705 0.00001
0.767969 0.00001 0.00001 0.232001 0.00001
0.830619 0.00001 0.00001 0.169351 0.00001
0.787871 0.00001 0.00001 0.212099 0.00001
0.845805 0.00001 0.00001 0.154165 0.00001
0.731434 0.00001 0.00001 0.268536 0.00001
0.819736 0.00001 0.00001 0.180234 0.00001
0.827414 0.00001 0.00001 0.172556 0.00001
0.796571 0.00001 0.00001 0.203399 0.00001
0.93743 0.00001 0.00001 0.06254 0.00001
0.817888 0.00001 0.00001 0.182082 0.00001
0.790348 0.00001 0.00001 0.209622 0.00001
0.773109 0.00001 0.00001 0.226861 0.00001
0.855306 0.00001 0.00001 0.144664 0.00001
0.897822 0.00001 0.00001 0.102148 0.00001
0.928332 0.00001 0.00001 0.071638 0.00001
0.809821 0.00001 0.00001 0.190149 0.00001
0.819634 0.00001 0.00001 0.180336 0.00001
0.842818 0.00001 0.00001 0.157152 0.00001
0.95651 0.00001 0.00001 0.04346 0.00001
0.821251 0.00001 0.00001 0.178719 0.00001
0.99996 0.00001 0.00001 0.00001 0.00001
0.891151 0.00001 0.00001 0.108819 0.00001
0.99996 0.00001 0.00001 0.00001 0.00001
0.981408 0.00001 0.00001 0.018562 0.00001
0.884799 0.00001 0.00001 0.115171 0.00001
0.945946 0.00001 0.00001 0.054024 0.00001
0.82889 0.00001 0.00001 0.17108 0.00001
0.798047 0.00001 0.00001 0.201923 0.00001
0.947672 0.00001 0.00001 0.052298 0.00001
0.898634 0.00001 0.00001 0.101336 0.00001
0.857178 0.00001 0.00001 0.142792 0.00001
0.953536 0.00001 0.00001 0.046434 0.00001
0.86041 0.00001 0.00001 0.13956 0.00001
0.824588 0.00001 0.00001 0.175382 0.00001
0.866839 0.00001 0.00001 0.133131 0.00001
0.892908 0.00001 0.00001 0.107062 0.00001
0.867713 0.00001 0.00001 0.132257 0.00001
0.938916 0.00001 0.00001 0.061054 0.00001
0.86272 0.00001 0.00001 0.13725 0.00001
0.772354 0.00001 0.00001 0.227616 0.00001
0.99996 0.00001 0.00001 0.00001 0.00001
0.762872 0.00001 0.00001 0.237098 0.00001
0.918781 0.00001 0.00001 0.081189 0.00001
0.868333 0.00001 0.00001 0.131637 0.00001
0.817115 0.00001 0.00001 0.182855 0.00001
0.871744 0.00001 0.00001 0.128226 0.00001
0.824266 0.00001 0.00001 0.175704 0.00001
0.786004 0.00001 0.00001 0.213966 0.00001
0.797713 0.00001 0.00001 0.202257 0.00001
