0.99996 0.00001 0.00001 0.00001 0.00001
0.99996 0.00001 0.00001 0.00001 0.00001
0.99996 0.00001 0.00001 0.00001 0.00001
0.99996 0.00001 0.00001 0.00001 0.00001
0.99996 0.00001 0.00001 0.00001 0.00001
0.99996 0.00001 0.00001 0.00001 0.00001
0.688412 0.00001 0.00001 0.311558 0.00001
0.99996 0.00001 0.00001 0.00001 0.00001
0.99996 0.00001 0.00001 0.00001 0.00001
0.99996 0.00001 0.00001 0.00001 0.00001
0.99996 0.00001 0.00001 0.00001 0.00001
0.99996 0.00001 0.00001 0.00001 0.00001
0.99996 0.00001 0.00001 0.00001 0.00001
0.510103 0.00001 0.00001 0.462328 0.027549
0.99996 0.00001 0.00001 0.00001 0.00001
0.99996 0.00001 0.00001 0.00001 0.00001
0.99996 0.00001 0.00001 0.00001 0.00001
0.99996 0.00001 0.00001 0.00001 0.00001
0.99996 0.00001 0.00001 0.00001 0.00001
0.566233 0.00001 0.00001 0.433737 0.00001
0.99996 0.00001 0.00001 0.00001 0.00001
0.520368 0.00001 0.00001 0.479602 0.00001
0.00001 0.00001 0.00001 0.99996 0.00001
0.00001 0.00001 0.00001 0.973673 0.026297
0.297489 0.00001 0.00001 0.702481 0.00001
0.210577 0.00001 0.00001 0.789393 0.00001
0.222874 0.00001 0.026083 0.751024 0.00001
0.255063 0.00001 0.00001 0.744907 0.00001
0.262676 0.00001 0.000354 0.736951 0.00001
0.38349 0.00001 0.00001 0.61648 0.00001
0.29457 0.00001 0.00001 0.7054 0.00001
0.294816 0.00001 0.00001 0.702134 0.00303
0.34982 0.00001 0.021918 0.628242 0.00001
0.234808 0.00001 0.00001 0.765162 0.00001
0.094782 0.00001 0.00001 0.905188 0.00001
0.00001 0.00001 0.00001 0.99996 0.00001
0.205855 0.00001 0.00001 0.794115 0.00001
0.267055 0.00001 0.00001 0.732915 0.00001
0.338994 0.00001 0.00001 0.660976 0.00001
0.122562 0.00001 0.00001 0.877408 0.00001
0.138578 0.00001 0.00001 0.861392 0.00001
0.00001 0.00001 0.00001 0.99996 0.00001
0.208062 0.00001 0.00001 0.773998 0.01792
0.257771 0.00001 0.049019 0.69319 0.00001
0.32356 0.00001 0.00001 0.67641 0.00001
0.220808 0.00001 0.00001 0.779162 0.00001
0.120076 0.00001 0.00001 0.879894 0.00001
0.30212 0.00001 0.00001 0.69785 0.00001
0.20084 0.00001 0.00001 0.79913 0.00001
0.363115 0.00001 0.00001 0.621537 0.015328
0.338884 0.00001 0.00001 0.661086 0.00001
0.2438 0.00001 0.005461 0.75072 0.00001
0.00001 0.00001 0.00001 0.99996 0.00001
0.137871 0.00001 0.00001 0.862099 0.00001
0.00001 0.00001 0.00001 0.988389 0.011581
0.199012 0.00001 0.00001 0.800958 0.00001
0.386946 0.00001 0.01744 0.595595 0.00001
0.095997 0.00001 0.000097 0.903886 0.00001
0.26683 0.00001 0.00001 0.73314 0.00001
0.28081 0.00001 0.025037 0.694132 0.00001
0.00001 0.00001 0.00001 0.99996 0.00001
0.246732 0.00001 0.00001 0.753238 0.00001
0.239003 0.00001 0.00001 0.760967 0.00001
0.303983 0.00001 0.00001 0.683077 0.012919
0.486662 0.00001 0.00001 0.513308 0.00001
0.260658 0.00001 0.00001 0.739312 0.00001
0.169144 0.00001 0.00001 0.830826 0.00001
0.27883 0.00001 0.00001 0.72114 0.00001
0.257721 0.004193 0.00001 0.738066 0.00001
0.219417 0.00001 0.00001 0.780553 0.00001
0.31442 0.00001 0.00001 0.68555 0.00001
0.290698 0.00001 0.006514 0.702768 0.00001
0.203529 0.00001 0.00001 0.796441 0.00001
0.259435 0.00001 0.00001 0.740535 0.00001
0.33749 0.00001 0.00001 0.66248 0.00001
0.296256 0.00001 0.007434 0.69629 0.00001
0.242214 0.00001 0.00001 0.757756 0.00001
0.366374 0.00001 0.00001 0.633596 0.00001
0.292868 0.00001 0.011587 0.695525 0.00001
0.247812 0.00001 0.00001 0.752158 0.00001
0.344685 0.00001 0.00001 0.574588 0.080707
0.212983 0.00001 0.00001 0.786987 0.00001
0.00001 0.00001 0.00001 0.99996 0.00001
0.382277 0.00001 0.00001 0.617693 0.00001
0.199179 0.00001 0.00001 0.800791 0.00001
0.277704 0.00001 0.005308 0.716968 0.00001
0.162029 0.00001 0.00001 0.837941 0.00001
0.164874 0.00001 0.00001 0.835096 0.00001
0.287008 0.00001 0.00001 0.706326 0.006646
0.381713 0.00001 0.000579 0.617688 0.00001
0.223266 0.00001 0.00001 0.776704 0.00001
0.21865 0.00001 0.00001 0.767536 0.013794
0.421127 0.001688 0.00001 0.577166 0.00001
0.00001 0.00001 0.00001 0.99996 0.00001
0.387493 0.00001 0.00001 0.612477 0.00001
0.00001 0.00001 0.00001 0.99996 0.00001
0.166369 0.00001 0.00001 0.831707 0.001904
0.146793 0.00001 0.00001 0.853177 0.00001
0.346285 0.00001 0.00001 0.653685 0.00001
0.00001 0.00001 0.00001 0.99996 0.00001
0.284616 0.00001 0.00001 0.715354 0.00001
0.320363 0.00001 0.00001 0.679607 0.00001
0.154892 0.00001 0.00001 0.845078 0.00001
0.279414 0.00001 0.00001 0.719847 0.000719
0.197175 0.00001 0.00001 0.799911 0.002894
0.095718 0.00001 0.00001 0.904252 0.00001
0.184257 0.00001 0.000617 0.815106 0.00001
0.311523 0.00001 0.000407 0.68805 0.00001
0.296218 0.00001 0.001578 0.702183 0.00001
0.00001 0.00001 0.00001 0.99996 0.00001
0.00001 0.00001 0.00001 0.99996 0.00001
0.191913 0.00001 0.00001 0.808057 0.00001
0.323503 0.00001 0.00001 0.676467 0.00001
0.245418 0.00001 0.00001 0.754552 0.00001
0.265611 0.00001 0.00001 0.734359 0.00001
0.097094 0.00001 0.00001 0.902876 0.00001
0.237003 0.00001 0.00001 0.762967 0.00001
0.237338 0.00001 0.00001 0.762632 0.00001
0.389713 0.00001 0.00001 0.610257 0.00001
0.351378 0.00001 0.005267 0.643335 0.00001
0.334953 0.00001 0.00001 0.665017 0.00001
0.139152 0.00001 0.00001 0.860818 0.00001
0.215755 0.00001 0.00001 0.784215 0.00001
0.213225 0.00001 0.00001 0.786745 0.00001
0.267384 0.00001 0.00001 0.732586 0.00001
0.015816 0.004362 0.00001 0.979802 0.00001
0.00001 0.00001 0.00001 0.99996 0.00001
0.136082 0.00001 0.00001 0.863888 0.00001
0.00001 0.00001 0.002278 0.997692 0.00001
0.21755 0.00001 0.00001 0.78242 0.00001
0.22169 0.00001 0.029538 0.748752 0.00001
0.164091 0.00001 0.00001 0.333375 0.502514
0.181529 0.041288 0.116341 0.341577 0.319264
0.06269 0.111087 0.068715 0.545855 0.211654
0.146806 0.00001 0.00001 0.605052 0.248122
0.054886 0.025689 0.00001 0.709954 0.209461
0.158575 0.00001 0.00001 0.591758 0.249647
0.035852 0.226702 0.256847 0.161358 0.319241
0.149586 0.00001 0.00001 0.304589 0.545805
0.181134 0.047042 0.00001 0.153978 0.617836
0.172447 0.090499 0.134455 0.548631 0.053968
0.169312 0.00001 0.00001 0.626693 0.203975
0.00001 0.00001 0.00001 0.059373 0.940597
0.13471 0.00001 0.00001 0.154441 0.710829
0.10903 0.225033 0.139085 0.103254 0.423598
0.071988 0.078544 0.240273 0.122042 0.487153
0.107864 0.042415 0.048988 0.633569 0.167164
0.212941 0.05748 0.10911 0.561907 0.058562
0.101962 0.095774 0.097907 0.543894 0.160463
0.224349 0.00001 0.115902 0.500203 0.159536
0.19323 0.00001 0.145957 0.587091 0.073713
0.193837 0.00001 0.049749 0.609839 0.146565
0.326707 0.00001 0.110797 0.562476 0.00001
0.00001 0.128438 0.117902 0.634942 0.118708
0.107378 0.037236 0.256479 0.598108 0.000798
0.021805 0.00001 0.021095 0.615369 0.34172
0.257541 0.189019 0.044643 0.474366 0.034432
0.176226 0.040586 0.017096 0.652595 0.113498
0.248393 0.00001 0.00001 0.51349 0.238097
0.197569 0.00001 0.00001 0.610562 0.191849
0.199628 0.092361 0.07267 0.598875 0.036467
0.186708 0.008701 0.00001 0.487473 0.317108
0.176815 0.074171 0.00001 0.65166 0.097344
0.167241 0.00001 0.195626 0.637113 0.00001
0.192868 0.103171 0.00001 0.583813 0.120139
0.233365 0.056301 0.054836 0.552658 0.10284
0.182395 0.059865 0.166282 0.563834 0.027624
0.276681 0.00001 0.14791 0.520821 0.054578
0.122799 0.038258 0.11248 0.678622 0.047842
0.197322 0.00001 0.122786 0.583305 0.096577
0.114214 0.00001 0.00001 0.674923 0.210843
0.077878 0.00001 0.183294 0.462693 0.276125
0.139185 0.048317 0.068938 0.591113 0.152447
0.217772 0.000017 0.00001 0.601534 0.180667
0.277492 0.083139 0.00001 0.639349 0.00001
0.00001 0.064208 0.462285 0.00001 0.473486
0.00001 0.131336 0.358987 0.00001 0.509658
0.00001 0.066922 0.587859 0.00001 0.345199
0.00001 0.00001 0.582449 0.00001 0.417521
0.00001 0.059956 0.444273 0.00001 0.495751
0.00001 0.08974 0.469299 0.00001 0.440941
0.00001 0.039897 0.471132 0.00001 0.488951
0.00001 0.108368 0.530772 0.00001 0.36084
0.00001 0.152232 0.600221 0.00001 0.247527
0.00001 0.210765 0.370715 0.00001 0.418499
0.00001 0.00001 0.99996 0.00001 0.00001
0.00001 0.00001 0.99996 0.00001 0.00001
0.00001 0.00001 0.99996 0.00001 0.00001
0.00001 0.00001 0.99996 0.00001 0.00001
0.00001 0.00001 0.99996 0.00001 0.00001
0.00001 0.00001 0.99996 0.00001 0.00001
0.00001 0.064275 0.338101 0.00001 0.597604
0.00001 0.054437 0.46129 0.00001 0.484253
0.02235 0.145538 0.587323 0.00001 0.244779
0.00001 0.126879 0.262681 0.00001 0.61042
0.00001 0.026549 0.451832 0.00001 0.521599
0.00001 0.032689 0.477051 0.00001 0.49024
0.00001 0.164847 0.410073 0.00001 0.425061
0.00001 0.204453 0.472673 0.00001 0.322854
0.00001 0.05419 0.35945 0.00001 0.58634
0.00001 0.074903 0.446091 0.00001 0.478986
0.00001 0.117529 0.488199 0.00001 0.394252
0.00001 0.192505 0.479717 0.00001 0.327757
0.00001 0.082005 0.526454 0.00001 0.391521
0.00001 0.131963 0.402506 0.00001 0.46551
0.00001 0.021054 0.304715 0.00001 0.674211
0.00001 0.060162 0.431895 0.00001 0.507923
0.00001 0.001378 0.25936 0.00001 0.739242
0.00001 0.00001 0.00001 0.00001 0.99996
0.00001 0.018245 0.494985 0.00001 0.48675
0.00001 0.128305 0.359727 0.00001 0.511948
0.00001 0.00001 0.420342 0.00001 0.579628
0.00001 0.00001 0.99996 0.00001 0.00001
0.00001 0.022089 0.59455 0.00001 0.383342
0.00001 0.00001 0.99996 0.00001 0.00001
0.00001 0.181988 0.314469 0.00001 0.503523
0.00001 0.132845 0.382917 0.00001 0.484218
0.00001 0.00001 0.00001 0.00001 0.99996
0.00001 0.00001 0.323912 0.010954 0.665113
0.00001 0.262765 0.456141 0.00001 0.281074
0.00001 0.026929 0.38434 0.00001 0.588711
0.00001 0.00001 0.00001 0.00001 0.99996
0.00001 0.000478 0.503952 0.028646 0.466915
0.00001 0.18348 0.514521 0.00001 0.301979
0.00001 0.219604 0.345407 0.00001 0.43497
0.00001 0.10033 0.540971 0.00001 0.358679
0.00001 0.111764 0.56894 0.00001 0.319275
0.00001 0.00001 0.99996 0.00001 0.00001
0.00001 0.00001 0.99996 0.00001 0.00001
0.00001 0.00001 0.99996 0.00001 0.00001
0.00001 0.09165 0.561617 0.00001 0.346713
0.00001 0.068405 0.639256 0.00001 0.292319
0.00001 0.132918 0.503359 0.00001 0.363703
0.00001 0.058965 0.390518 0.00001 0.550496
0.00001 0.20327 0.359271 0.00001 0.437439
0.00001 0.00001 0.00001 0.00001 0.99996
0.00001 0.00001 0.352373 0.011731 0.635876
0.002774 0.017889 0.48559 0.00001 0.493737
0.00001 0.00001 0.439336 0.00001 0.560634
0.00001 0.00001 0.99996 0.00001 0.00001
0.00001 0.00001 0.99996 0.00001 0.00001
0.00001 0.163215 0.277681 0.00001 0.559084
0.00001 0.030163 0.347592 0.00001 0.622225
0.00001 0.062151 0.268607 0.00001 0.669221
0.00001 0.10499 0.325144 0.00001 0.569847
0.00001 0.00001 0.00001 0.00001 0.99996
0.00001 0.00001 0.421005 0.00001 0.578965
0.00001 0.071247 0.744067 0.00001 0.184666
0.00001 0.00001 0.99996 0.00001 0.00001
0.00001 0.00001 0.578435 0.00001 0.421535
0.00001 0.029191 0.481948 0.00001 0.488841
0.00001 0.039968 0.625095 0.00001 0.334918
0.00001 0.06435 0.310905 0.00001 0.624725
0.00001 0.089683 0.432339 0.00001 0.477957
0.00001 0.00001 0.35 0.00001 0.64997
0.00001 0.00001 0.431667 0.00001 0.568303
0.00001 0.00001 0.3555 0.00001 0.64447
0.00001 0.082899 0.483908 0.00001 0.433173
0.00001 0.18709 0.501998 0.00001 0.310892
0.00001 0.127885 0.504694 0.00001 0.367401
0.00001 0.114955 0.537983 0.00001 0.347043
0.00001 0.099351 0.586171 0.00001 0.314458
0.00001 0.142876 0.531495 0.00001 0.325609
0.00001 0.106096 0.39957 0.00001 0.494313
0.00001 0.034654 0.57273 0.00001 0.392596
0.00001 0.144073 0.425811 0.00001 0.430096
0.00001 0.128678 0.374279 0.00001 0.497024
0.00001 0.242135 0.381854 0.00001 0.375991
0.00001 0.249406 0.35681 0.00001 0.393763
0.00001 0.256635 0.420433 0.00001 0.322912
0.00001 0.198128 0.300028 0.00001 0.501824
0.00001 0.093176 0.576112 0.00001 0.330692
0.00001 0.159657 0.514728 0.00001 0.325594
0.00001 0.27277 0.299212 0.00001 0.427998
0.00001 0.257078 0.325428 0.00001 0.417473
0.00001 0.257545 0.202353 0.00001 0.540081
0.00001 0.00001 0.44634 0.00001 0.55363
0.00001 0.00001 0.489482 0.00001 0.510488
0.00001 0.107008 0.409941 0.00001 0.483032
0.00001 0.175107 0.511303 0.00001 0.31357
0.00001 0.00001 0.500391 0.00001 0.499579
0.00001 0.049145 0.406842 0.00001 0.543992
0.00001 0.694651 0.281088 0.00001 0.024241
0.00001 0.419293 0.314919 0.00001 0.265768
0.00001 0.428273 0.345704 0.00001 0.226003
0.00001 0.620305 0.379665 0.00001 0.00001
0.00001 0.612035 0.026865 0.00001 0.361079
0.00001 0.381993 0.414309 0.00001 0.203678
0.00001 0.448233 0.346821 0.00001 0.204926
0.00001 0.597321 0.195677 0.00001 0.206982
0.00001 0.733705 0.263036 0.00001 0.003239
0.00001 0.229179 0.156515 0.00001 0.614286
0.00001 0.354192 0.244837 0.00001 0.400951
0.00001 0.612058 0.348427 0.00001 0.039496
0.00001 0.596733 0.196682 0.00001 0.206565
0.00001 0.260291 0.386169 0.00001 0.35352
0.00001 0.507892 0.210701 0.00001 0.281387
0.00001 0.503073 0.308297 0.00001 0.188609
0.00001 0.589974 0.256185 0.00001 0.15382
0.00001 0.59176 0.215198 0.00001 0.193022
0.00001 0.592623 0.180585 0.00001 0.226772
0.00001 0.42542 0.309449 0.00001 0.265111
0.00001 0.293251 0.706719 0.00001 0.00001
0.00001 0.626264 0.150007 0.00001 0.223708
0.00001 0.677866 0.322104 0.00001 0.00001
0.00001 0.628676 0.371294 0.00001 0.00001
0.00001 0.267468 0.00001 0.00001 0.732502
0.00001 0.516219 0.103991 0.00001 0.37977
0.00001 0.432426 0.000013 0.00001 0.567541
0.00001 0.428179 0.1306 0.00001 0.4412
0.00001 0.987878 0.012092 0.00001 0.00001
0.00001 0.898066 0.00001 0.00001 0.101904
0.00001 0.99996 0.00001 0.00001 0.00001
0.00001 0.978375 0.00001 0.00001 0.021595
0.00001 0.99996 0.00001 0.00001 0.00001
0.00001 0.91225 0.08772 0.00001 0.00001
0.00001 0.909529 0.00001 0.00001 0.090441
0.00001 0.856709 0.143261 0.00001 0.00001
0.00001 0.99996 0.00001 0.00001 0.00001
0.00001 0.99996 0.00001 0.00001 0.00001
0.00001 0.957994 0.041976 0.00001 0.00001
0.00001 0.975948 0.024022 0.00001 0.00001
0.00001 0.999683 0.000287 0.00001 0.00001
0.00001 0.99996 0.00001 0.00001 0.00001
0.00001 0.99996 0.00001 0.00001 0.00001
0.00001 0.984486 0.015484 0.00001 0.00001
0.00001 0.863183 0.00001 0.00001 0.136787
0.00001 0.86331 0.00001 0.00001 0.13666
0.00001 0.99996 0.00001 0.00001 0.00001
0.00001 0.99996 0.00001 0.00001 0.00001
0.000012 0.999958 0.00001 0.00001 0.00001
0.00001 0.99996 0.00001 0.00001 0.00001
0.00001 0.782792 0.217178 0.00001 0.00001
0.00001 0.99996 0.00001 0.00001 0.00001
0.00001 0.99996 0.00001 0.00001 0.00001
0.00001 0.770967 0.229003 0.00001 0.00001
0.00001 0.660059 0.107196 0.00001 0.232724
0.00001 0.773468 0.00001 0.00001 0.226502
0.00001 0.845332 0.154638 0.00001 0.00001
0.00001 0.754812 0.239891 0.00001 0.005277
0.00001 0.682721 0.085738 0.00001 0.231521
0.00001 0.807628 0.00001 0.00001 0.192342
0.00001 0.706543 0.278439 0.00001 0.014998
0.00001 0.889561 0.048632 0.00001 0.061786
0.00001 0.749771 0.250199 0.00001 0.00001
0.00001 0.743994 0.255976 0.00001 0.00001
0.00001 0.776495 0.15158 0.00001 0.071905
0.00001 0.871283 0.087625 0.00001 0.041072
0.00001 0.768749 0.00001 0.00001 0.231221
0.00001 0.726717 0.044072 0.00001 0.229191
0.00001 0.745282 0.19072 0.00001 0.063978
0.00001 0.808051 0.185513 0.00001 0.006416
0.00001 0.728524 0.154286 0.00001 0.11717
0.00001 0.782861 0.217109 0.00001 0.00001
0.00001 0.685779 0.102515 0.00001 0.211686
0.00001 0.774465 0.127125 0.00001 0.09839
0.00001 0.754544 0.245426 0.00001 0.00001
0.00001 0.762936 0.231169 0.00001 0.005875
0.00001 0.890072 0.08585 0.00001 0.024058
0.00001 0.782845 0.208128 0.00001 0.009006
0.00001 0.745307 0.22566 0.00001 0.029012
0.00001 0.704028 0.295942 0.00001 0.00001
0.00001 0.813435 0.181129 0.00001 0.005416
0.00001 0.826098 0.118741 0.00001 0.055141
0.00001 0.78919 0.21078 0.00001 0.00001
0.00001 0.721784 0.278186 0.00001 0.00001
0.00001 0.728329 0.271641 0.00001 0.00001
0.00001 0.779135 0.00001 0.00001 0.220835
0.00001 0.830369 0.169601 0.00001 0.00001
0.00001 0.757911 0.242059 0.00001 0.00001
0.00001 0.99996 0.00001 0.00001 0.00001
0.00001 0.831983 0.042968 0.00001 0.125029
0.00001 0.99996 0.00001 0.00001 0.00001
0.00001 0.87132 0.00001 0.00001 0.12865
0.00001 0.832815 0.167155 0.00001 0.00001
0.00001 0.870904 0.129066 0.00001 0.00001
0.00001 0.761565 0.238405 0.00001 0.00001
0.00001 0.740067 0.259903 0.00001 0.00001
0.00001 0.855557 0.144413 0.00001 0.00001
0.00001 0.837587 0.162383 0.00001 0.00001
0.00001 0.803369 0.184796 0.00001 0.011816
0.00001 0.860441 0.139529 0.00001 0.00001
0.00001 0.82128 0.166274 0.00001 0.012426
0.00001 0.772273 0.157972 0.00001 0.069735
0.00001 0.831741 0.163493 0.00001 0.004746
0.00001 0.831246 0.006262 0.00001 0.162472
0.00001 0.807277 0.192693 0.00001 0.00001
0.00001 0.874918 0.121879 0.00001 0.003184
0.00001 0.816644 0.009889 0.00001 0.173447
0.00001 0.745807 0.254163 0.00001 0.00001
0.00001 0.931874 0.068096 0.00001 0.00001
0.00001 0.692362 0.043051 0.00001 0.264568
0.00001 0.855483 0.144487 0.00001 0.00001
0.00001 0.800076 0.00001 0.00001 0.199894
0.00001 0.796312 0.201364 0.00001 0.002304
0.00001 0.811657 0.188313 0.00001 0.00001
0.00001 0.747198 0.252772 0.00001 0.00001
0.00001 0.747135 0.068951 0.00001 0.183895
0.00001 0.754675 0.245295 0.00001 0.00001
