0.00001 0.00001 0.00001 0.99997
0.00001 0.00001 0.00001 0.99997
0.00001 0.00001 0.00001 0.99997
0.00001 0.00001 0.00001 0.99997
0.00001 0.00001 0.00001 0.99997
0.00001 0.00001 0.00001 0.99997
0.00001 0.00001 0.310319 0.689661
0.00001 0.00001 0.00001 0.99997
0.00001 0.00001 0.00001 0.99997
0.00001 0.00001 0.00001 0.99997
0.00001 0.00001 0.00001 0.99997
0.00001 0.00001 0.00001 0.99997
0.00001 0.00001 0.00001 0.99997
0.027197 0.00001 0.46153 0.511263
0.00001 0.00001 0.00001 0.99997
0.00001 0.00001 0.00001 0.99997
0.00001 0.00001 0.00001 0.99997
0.00001 0.00001 0.00001 0.99997
0.00001 0.00001 0.00001 0.99997
0.00001 0.00001 0.431928 0.568052
0.00001 0.00001 0.00001 0.99997
0.00001 0.00001 0.478798 0.521182
0.00001 0.00001 0.99997 0.00001
0.023541 0.00001 0.976439 0.00001
0.00001 0.00001 0.702036 0.297944
0.00001 0.00001 0.784523 0.215457
0.025728 0.00001 0.74438 0.229882
0.00001 0.00001 0.741283 0.258697
0.00001 0.00001 0.734588 0.265392
0.00001 0.00001 0.615683 0.384297
0.00001 0.00001 0.703864 0.296116
0.00001 0.001472 0.700215 0.298304
0.022296 0.00001 0.624819 0.352874
0.00001 0.00001 0.763166 0.236814
0.00001 0.00001 0.896204 0.103776
0.00001 0.00001 0.99997 0.00001
0.00001 0.00001 0.791916 0.208064
0.00001 0.00001 0.728366 0.271614
0.00001 0.00001 0.652644 0.347336
0.00001 0.00001 0.874914 0.125066
0.00001 0.00001 0.859594 0.140386
0.00001 0.00001 0.99997 0.00001
0.016817 0.00001 0.773385 0.209788
0.048367 0.00001 0.693233 0.258391
0.00001 0.00001 0.666949 0.333031
0.00001 0.00001 0.773892 0.226088
0.00001 0.00001 0.878873 0.121107
0.00001 0.00001 0.697149 0.302831
0.00001 0.00001 0.794016 0.205964
0.014883 0.00001 0.620342 0.364765
0.00001 0.00001 0.656783 0.343197
0.004923 0.00001 0.744804 0.250263
0.00001 0.00001 0.99997 0.00001
0.00001 0.00001 0.857396 0.142584
0.008376 0.00001 0.991604 0.00001
0.00001 0.00001 0.802492 0.197488
0.016121 0.00001 0.595458 0.388411
0.00001 0.00001 0.895699 0.104281
0.00001 0.00001 0.730439 0.269541
0.024448 0.00001 0.6909 0.284642
0.00001 0.00001 0.99997 0.00001
0.00001 0.00001 0.750602 0.249378
0.00001 0.00001 0.760159 0.239821
0.010493 0.00001 0.6848 0.304698
0.00001 0.00001 0.510948 0.489032
0.00001 0.00001 0.737289 0.262691
0.00001 0.00001 0.826362 0.173618
0.00001 0.00001 0.717787 0.282193
0.00001 0.003985 0.734922 0.261084
0.00001 0.00001 0.774639 0.225341
0.00001 0.00001 0.686684 0.313296
0.005865 0.00001 0.702221 0.291904
0.00001 0.00001 0.793689 0.206291
0.00001 0.00001 0.739848 0.260132
0.00001 0.00001 0.66268 0.3373
0.004036 0.00001 0.694297 0.301656
0.00001 0.00001 0.756005 0.243975
0.00001 0.00001 0.63786 0.36212
0.008041 0.00001 0.698004 0.293945
0.00001 0.00001 0.750445 0.249535
0.077202 0.00001 0.581776 0.341012
0.00001 0.00001 0.783678 0.216302
0.00001 0.00001 0.99997 0.00001
0.00001 0.00001 0.612703 0.387277
0.00001 0.00001 0.798068 0.201912
0.003304 0.00001 0.714826 0.28186
0.00001 0.00001 0.833694 0.166286
0.00001 0.00001 0.833155 0.166825
0.002554 0.00001 0.708737 0.288699
0.00001 0.00001 0.610972 0.389008
0.00001 0.00001 0.774298 0.225682
0.012616 0.00001 0.766875 0.220499
0.00001 0.001424 0.574935 0.423631
0.00001 0.00001 0.99997 0.00001
0.00001 0.00001 0.609929 0.390051
0.00001 0.00001 0.99997 0.00001
0.00001 0.000513 0.82645 0.173028
0.00001 0.00001 0.846713 0.153267
0.00001 0.00001 0.649412 0.350568
0.00001 0.00001 0.99997 0.00001
0.00001 0.00001 0.711524 0.288456
0.00001 0.00001 0.677495 0.322485
0.00001 0.00001 0.838309 0.161671
0.00001 0.00001 0.716556 0.283424
0.002188 0.00001 0.798368 0.199434
0.00001 0.00001 0.896436 0.103544
0.00001 0.00001 0.813082 0.186898
0.00001 0.00001 0.683598 0.316382
0.000708 0.00001 0.699269 0.300012
0.00001 0.00001 0.99997 0.00001
0.00001 0.00001 0.99997 0.00001
0.00001 0.00001 0.804611 0.195369
0.00001 0.00001 0.670959 0.329021
0.00001 0.00001 0.750889 0.249091
0.00001 0.00001 0.730425 0.269555
0.00001 0.00001 0.899579 0.100401
0.00001 0.00001 0.759065 0.240915
0.000013 0.00001 0.762789 0.237187
0.00001 0.00001 0.605753 0.394227
0.003773 0.00001 0.641341 0.354875
0.00001 0.00001 0.660362 0.339618
0.00001 0.00001 0.85791 0.14207
0.00001 0.00001 0.784303 0.215677
0.00001 0.00001 0.779617 0.220363
0.00001 0.00001 0.726907 0.273073
0.00001 0.003876 0.971768 0.024347
0.00001 0.00001 0.99997 0.00001
0.00001 0.00001 0.866049 0.133931
0.00001 0.00001 0.99997 0.00001
0.00001 0.00001 0.777603 0.222377
0.02825 0.00001 0.747395 0.224346
0.391072 0.098799 0.343387 0.166742
0.382304 0.089216 0.35387 0.17461
0.249364 0.138641 0.547188 0.064807
0.161601 0.079626 0.617545 0.141228
0.18537 0.045858 0.703168 0.065604
0.19669 0.04513 0.596524 0.161655
0.525779 0.273751 0.160322 0.040148
0.448593 0.08481 0.330061 0.136536
0.479264 0.170705 0.193109 0.156922
0.178077 0.101573 0.543553 0.176797
0.190527 0.009032 0.625743 0.174698
0.573676 0.324733 0.101581 0.00001
0.640416 0.056086 0.191185 0.112313
0.493165 0.286574 0.116974 0.103288
0.669247 0.129519 0.142468 0.058766
0.176444 0.078795 0.637705 0.107057
0.170989 0.054353 0.560578 0.214081
0.237046 0.115286 0.545562 0.102106
0.273721 0.00001 0.503909 0.22236
0.220413 0.00001 0.584146 0.195431
0.193721 0.00001 0.619016 0.187253
0.112494 0.00001 0.557469 0.330027
0.203838 0.159736 0.636416 0.00001
0.261181 0.037851 0.589155 0.111814
0.357202 0.00001 0.614315 0.028473
0.060255 0.207402 0.473232 0.25911
0.118831 0.050208 0.653118 0.177843
0.20214 0.03229 0.516674 0.248896
0.18493 0.00001 0.614301 0.200759
0.106977 0.094557 0.592671 0.205796
0.249951 0.068658 0.504459 0.176932
0.097025 0.073421 0.652084 0.17747
0.131163 0.064613 0.630032 0.174191
0.050509 0.167273 0.588312 0.193906
0.143353 0.0693 0.550916 0.236432
0.216724 0.039716 0.558283 0.185278
0.203703 0.00001 0.514451 0.281836
0.148811 0.049902 0.673862 0.127425
0.21913 0.00001 0.582647 0.198213
0.144896 0.060681 0.674662 0.119762
0.456213 0.00001 0.470263 0.073514
0.197581 0.069837 0.593892 0.13869
0.108341 0.066107 0.608627 0.216925
0.00001 0.082743 0.635393 0.281854
0.869423 0.130557 0.00001 0.00001
0.814198 0.181221 0.004571 0.00001
0.90628 0.0937 0.00001 0.00001
0.99997 0.00001 0.00001 0.00001
0.890961 0.109019 0.00001 0.00001
0.86369 0.13629 0.00001 0.00001
0.905684 0.094296 0.00001 0.00001
0.868864 0.131116 0.00001 0.00001
0.82708 0.1729 0.00001 0.00001
0.755952 0.244028 0.00001 0.00001
0.99997 0.00001 0.00001 0.00001
0.945889 0.054091 0.00001 0.00001
0.885887 0.114093 0.00001 0.00001
0.920376 0.079604 0.00001 0.00001
0.99997 0.00001 0.00001 0.00001
0.95975 0.04023 0.00001 0.00001
0.874849 0.125131 0.00001 0.00001
0.892169 0.107808 0.000013 0.00001
0.786191 0.190225 0.00001 0.023574
0.821127 0.178853 0.00001 0.00001
0.919756 0.080224 0.00001 0.00001
0.912546 0.087434 0.00001 0.00001
0.794622 0.205358 0.00001 0.00001
0.757695 0.242285 0.00001 0.00001
0.87423 0.12575 0.00001 0.00001
0.871498 0.128482 0.00001 0.00001
0.843296 0.156684 0.00001 0.00001
0.77317 0.22681 0.00001 0.00001
0.888238 0.111742 0.00001 0.00001
0.817828 0.182152 0.00001 0.00001
0.912772 0.087208 0.00001 0.00001
0.875444 0.119358 0.005188 0.00001
0.890739 0.109241 0.00001 0.00001
0.812986 0.186994 0.00001 0.00001
0.941803 0.058177 0.00001 0.00001
0.809375 0.190605 0.00001 0.00001
0.976091 0.023889 0.00001 0.00001
0.984588 0.015392 0.00001 0.00001
0.941607 0.058373 0.00001 0.00001
0.897418 0.102562 0.00001 0.00001
0.769562 0.230418 0.00001 0.00001
0.807258 0.192722 0.00001 0.00001
0.95891 0.00001 0.04107 0.00001
0.968563 0.000017 0.03141 0.00001
0.701642 0.298338 0.00001 0.00001
0.918541 0.081439 0.00001 0.00001
0.764645 0.220777 0.014569 0.00001
0.94332 0.028383 0.00001 0.028287
0.771835 0.228145 0.00001 0.00001
0.740883 0.259097 0.00001 0.00001
0.868884 0.131096 0.00001 0.00001
0.860873 0.139107 0.00001 0.00001
0.957419 0.042561 0.00001 0.00001
0.92268 0.0773 0.00001 0.00001
0.905768 0.094212 0.00001 0.00001
0.873111 0.126869 0.00001 0.00001
0.921099 0.078881 0.00001 0.00001
0.83477 0.16521 0.00001 0.00001
0.866095 0.130921 0.002974 0.00001
0.757071 0.242909 0.00001 0.00001
0.942353 0.034221 0.023416 0.00001
0.975497 0.00001 0.024483 0.00001
0.911867 0.078792 0.00001 0.009331
0.996772 0.00001 0.00001 0.003208
0.99997 0.00001 0.00001 0.00001
0.99997 0.00001 0.00001 0.00001
0.766008 0.233972 0.00001 0.00001
0.87564 0.118048 0.00001 0.006302
0.858123 0.141857 0.00001 0.00001
0.829866 0.170114 0.00001 0.00001
0.828076 0.16829 0.003624 0.00001
0.974396 0.025584 0.00001 0.00001
0.924368 0.075612 0.00001 0.00001
0.878412 0.121568 0.00001 0.00001
0.980877 0.019103 0.00001 0.00001
0.921214 0.076423 0.002353 0.00001
0.928334 0.071646 0.00001 0.00001
0.880798 0.119182 0.00001 0.00001
0.858635 0.141345 0.00001 0.00001
0.956158 0.043822 0.00001 0.00001
0.99997 0.00001 0.00001 0.00001
0.974246 0.025734 0.00001 0.00001
0.863837 0.136143 0.00001 0.00001
0.787872 0.212108 0.00001 0.00001
0.846892 0.153088 0.00001 0.00001
0.851165 0.148815 0.00001 0.00001
0.865173 0.134807 0.00001 0.00001
0.824589 0.175391 0.00001 0.00001
0.839123 0.160857 0.00001 0.00001
0.941463 0.058517 0.00001 0.00001
0.824207 0.175773 0.00001 0.00001
0.818719 0.181261 0.00001 0.00001
0.698481 0.301499 0.00001 0.00001
0.685277 0.314703 0.00001 0.00001
0.701612 0.298368 0.00001 0.00001
0.748579 0.251401 0.00001 0.00001
0.867843 0.132137 0.00001 0.00001
0.802323 0.197657 0.00001 0.00001
0.674292 0.32568 0.000018 0.00001
0.696162 0.303818 0.00001 0.00001
0.681432 0.318548 0.00001 0.00001
0.99997 0.00001 0.00001 0.00001
0.99997 0.00001 0.00001 0.00001
0.846219 0.153761 0.00001 0.00001
0.80086 0.19912 0.00001 0.00001
0.99997 0.00001 0.00001 0.00001
0.869827 0.120063 0.00001 0.0101
0.283133 0.716847 0.00001 0.00001
0.533142 0.466838 0.00001 0.00001
0.531353 0.468627 0.00001 0.00001
0.297383 0.702597 0.00001 0.00001
0.334015 0.665965 0.00001 0.00001
0.571176 0.428804 0.00001 0.00001
0.500411 0.499569 0.00001 0.00001
0.36354 0.63644 0.00001 0.00001
0.232254 0.767726 0.00001 0.00001
0.699198 0.300782 0.00001 0.00001
0.579199 0.420781 0.00001 0.00001
0.358572 0.641408 0.00001 0.00001
0.347532 0.652448 0.00001 0.00001
0.682002 0.317978 0.00001 0.00001
0.433792 0.566188 0.00001 0.00001
0.451586 0.548394 0.00001 0.00001
0.363912 0.636068 0.00001 0.00001
0.360073 0.639907 0.00001 0.00001
0.354104 0.645874 0.000012 0.00001
0.523982 0.475998 0.00001 0.00001
0.687428 0.312552 0.00001 0.00001
0.306631 0.693349 0.00001 0.00001
0.289336 0.710644 0.00001 0.00001
0.291021 0.708959 0.00001 0.00001
0.609247 0.390733 0.00001 0.00001
0.416625 0.583355 0.00001 0.00001
0.520884 0.479096 0.00001 0.00001
0.4803 0.51968 0.00001 0.00001
0.00001 0.99997 0.00001 0.00001
0.030523 0.969457 0.00001 0.00001
0.00001 0.99997 0.00001 0.00001
0.00001 0.99997 0.00001 0.00001
0.00001 0.99997 0.00001 0.00001
0.00001 0.99997 0.00001 0.00001
0.027995 0.971985 0.00001 0.00001
0.057119 0.942861 0.00001 0.00001
0.00001 0.99997 0.00001 0.00001
0.00001 0.99997 0.00001 0.00001
0.00001 0.99997 0.00001 0.00001
0.00001 0.99997 0.00001 0.00001
0.00001 0.99997 0.00001 0.00001
0.00001 0.99997 0.00001 0.00001
0.00001 0.99997 0.00001 0.00001
0.00001 0.99997 0.00001 0.00001
0.060743 0.939237 0.00001 0.00001
0.051321 0.948659 0.00001 0.00001
0.00001 0.99997 0.00001 0.00001
0.00001 0.99997 0.00001 0.00001
0.00001 0.999965 0.000015 0.00001
0.00001 0.99997 0.00001 0.00001
0.107721 0.892259 0.00001 0.00001
0.00001 0.99997 0.00001 0.00001
0.00001 0.99997 0.00001 0.00001
0.195462 0.804518 0.00001 0.00001
0.280911 0.719069 0.00001 0.00001
0.148986 0.850994 0.00001 0.00001
0.055721 0.944259 0.00001 0.00001
0.231701 0.768279 0.00001 0.00001
0.269498 0.730482 0.00001 0.00001
0.143315 0.856665 0.00001 0.00001
0.255369 0.744611 0.00001 0.00001
0.04796 0.95202 0.00001 0.00001
0.182063 0.817917 0.00001 0.00001
0.1854 0.81458 0.00001 0.00001
0.164119 0.835861 0.00001 0.00001
0.080102 0.919878 0.00001 0.00001
0.170071 0.829909 0.00001 0.00001
0.204439 0.795541 0.00001 0.00001
0.221218 0.778762 0.00001 0.00001
0.167306 0.832674 0.00001 0.00001
0.199108 0.800872 0.00001 0.00001
0.141073 0.858907 0.00001 0.00001
0.257585 0.742395 0.00001 0.00001
0.174381 0.825599 0.00001 0.00001
0.157289 0.842691 0.00001 0.00001
0.194853 0.805127 0.00001 0.00001
0.055941 0.944039 0.00001 0.00001
0.18171 0.81827 0.00001 0.00001
0.200845 0.799126 0.00002 0.00001
0.223929 0.776051 0.00001 0.00001
0.13756 0.86242 0.00001 0.00001
0.097947 0.902033 0.00001 0.00001
0.067498 0.932482 0.00001 0.00001
0.189321 0.810659 0.00001 0.00001
0.173645 0.826335 0.00001 0.00001
0.15345 0.84653 0.00001 0.00001
0.031941 0.968039 0.00001 0.00001
0.168153 0.831827 0.00001 0.00001
0.00001 0.99997 0.00001 0.00001
0.110357 0.889623 0.00001 0.00001
0.00001 0.999965 0.000015 0.00001
0.00833 0.99165 0.00001 0.00001
0.105099 0.894881 0.00001 0.00001
0.049191 0.950789 0.00001 0.00001
0.161749 0.838231 0.00001 0.00001
0.194296 0.805684 0.00001 0.00001
0.038343 0.961637 0.00001 0.00001
0.095033 0.904947 0.00001 0.00001
0.132909 0.867071 0.00001 0.00001
0.036177 0.963803 0.00001 0.00001
0.131462 0.868518 0.00001 0.00001
0.170934 0.829046 0.00001 0.00001
0.126327 0.873653 0.00001 0.00001
0.102536 0.897444 0.00001 0.00001
0.132323 0.867657 0.00001 0.00001
0.057697 0.942283 0.00001 0.00001
0.133097 0.866883 0.00001 0.00001
0.221651 0.778329 0.00001 0.00001
0.00001 0.99997 0.00001 0.00001
0.239042 0.760938 0.00001 0.00001
0.075182 0.924798 0.00001 0.00001
0.134151 0.865829 0.00001 0.00001
0.172007 0.827972 0.000012 0.00001
0.131138 0.868834 0.000018 0.00001
0.173175 0.826805 0.00001 0.00001
0.206492 0.793488 0.00001 0.00001
0.195529 0.804451 0.00001 0.00001
