0.00001 0.99997 0.00001 0.00001
0.00001 0.99997 0.00001 0.00001
0.00001 0.99997 0.00001 0.00001
0.00001 0.99997 0.00001 0.00001
0.00001 0.99997 0.00001 0.00001
0.00001 0.99997 0.00001 0.00001
0.00001 0.99997 0.00001 0.00001
0.00001 0.99997 0.00001 0.00001
0.00001 0.999961 0.000019 0.00001
0.00001 0.99996 0.00002 0.00001
0.00001 0.99997 0.00001 0.00001
0.00001 0.99997 0.00001 0.00001
0.00001 0.99997 0.00001 0.00001
0.00001 0.970056 0.029924 0.00001
0.00001 0.999967 0.000013 0.00001
0.00001 0.99997 0.00001 0.00001
0.00001 0.99997 0.00001 0.00001
0.00001 0.99997 0.00001 0.00001
0.00001 0.99997 0.00001 0.00001
0.00001 0.99997 0.00001 0.00001
0.00001 0.99997 0.00001 0.00001
0.00001 0.99997 0.00001 0.00001
0.00001 0.99997 0.00001 0.00001
0.00001 0.966811 0.00001 0.033169
0.00001 0.99997 0.00001 0.00001
0.00001 0.99997 0.00001 0.00001
0.00001 0.970421 0.029559 0.00001
0.00001 0.99997 0.00001 0.00001
0.00001 0.998763 0.00001 0.001217
0.00001 0.99997 0.00001 0.00001
0.000011 0.999969 0.00001 0.00001
0.00001 0.995563 0.00001 0.004417
0.00001 0.977257 0.022723 0.00001
0.00001 0.99997 0.00001 0.00001
0.00001 0.99997 0.00001 0.00001
0.00001 0.99997 0.00001 0.00001
0.00001 0.99997 0.00001 0.00001
0.00001 0.99997 0.00001 0.00001
0.00001 0.99997 0.00001 0.00001
0.002917 0.997063 0.00001 0.00001
0.00001 0.99997 0.00001 0.00001
0.00001 0.99997 0.00001 0.00001
0.00001 0.978119 0.021861 0.00001
0.00001 0.951178 0.048802 0.00001
0.00001 0.999518 0.000462 0.00001
0.00001 0.99997 0.00001 0.00001
0.00001 0.99997 0.00001 0.00001
0.00001 0.99997 0.00001 0.00001
0.00001 0.99997 0.00001 0.00001
0.00001 0.983154 0.00001 0.016826
0.00001 0.99997 0.00001 0.00001
0.00001 0.992383 0.007597 0.00001
0.00001 0.99997 0.00001 0.00001
0.00001 0.99997 0.00001 0.00001
0.00001 0.980839 0.00001 0.019141
0.00001 0.99997 0.00001 0.00001
0.00001 0.979737 0.020243 0.00001
0.00001 0.996807 0.003173 0.00001
0.00001 0.99997 0.00001 0.00001
0.00001 0.972966 0.027014 0.00001
0.00001 0.99997 0.00001 0.00001
0.00001 0.99997 0.00001 0.00001
0.00001 0.99997 0.00001 0.00001
0.00001 0.985972 0.00001 0.014008
0.00001 0.99997 0.00001 0.00001
0.00001 0.99997 0.00001 0.00001
0.00001 0.99997 0.00001 0.00001
0.00001 0.99997 0.00001 0.00001
0.006179 0.993801 0.00001 0.00001
0.00001 0.99997 0.00001 0.00001
0.00001 0.99997 0.00001 0.00001
0.00001 0.992554 0.007426 0.00001
0.00001 0.99997 0.00001 0.00001
0.00001 0.99997 0.00001 0.00001
0.00001 0.99997 0.00001 0.00001
0.00001 0.99325 0.00001 0.00673
0.00001 0.99997 0.00001 0.00001
0.00001 0.99997 0.00001 0.00001
0.00001 0.987634 0.012346 0.00001
0.00001 0.99997 0.00001 0.00001
0.00001 0.921925 0.03774 0.040325
0.00001 0.99997 0.00001 0.00001
0.00001 0.99997 0.00001 0.00001
0.00001 0.99997 0.00001 0.00001
0.00001 0.999944 0.000036 0.00001
0.00001 0.993546 0.006434 0.00001
0.00001 0.99997 0.00001 0.00001
0.00001 0.99997 0.00001 0.00001
0.00001 0.994068 0.00001 0.005912
0.00001 0.996644 0.003336 0.00001
0.00001 0.99997 0.00001 0.00001
0.00001 0.983805 0.00001 0.016175
0.004019 0.995961 0.00001 0.00001
0.00001 0.99997 0.00001 0.00001
0.00001 0.99997 0.00001 0.00001
0.00001 0.99997 0.00001 0.00001
0.00001 0.997105 0.002875 0.00001
0.00001 0.99997 0.00001 0.00001
0.00001 0.99997 0.00001 0.00001
0.00001 0.999965 0.000015 0.00001
0.00001 0.99997 0.00001 0.00001
0.00001 0.99997 0.00001 0.00001
0.00001 0.99997 0.00001 0.00001
0.00001 0.998465 0.00001 0.001515
0.00001 0.992445 0.00001 0.007535
0.00001 0.99997 0.00001 0.00001
0.00001 0.996664 0.003316 0.00001
0.00001 0.999946 0.000034 0.00001
0.00001 0.99763 0.00001 0.00235
0.00001 0.99997 0.00001 0.00001
0.00001 0.99997 0.00001 0.00001
0.00001 0.99997 0.00001 0.00001
0.00001 0.99997 0.00001 0.00001
0.00001 0.99997 0.00001 0.00001
0.00001 0.99997 0.00001 0.00001
0.00001 0.99997 0.00001 0.00001
0.00001 0.99997 0.00001 0.00001
0.00001 0.99997 0.00001 0.00001
0.00001 0.99997 0.00001 0.00001
0.00001 0.993535 0.006445 0.00001
0.00001 0.99997 0.00001 0.00001
0.000011 0.999969 0.00001 0.00001
0.00001 0.99997 0.00001 0.00001
0.00001 0.99997 0.00001 0.00001
0.000013 0.999967 0.00001 0.00001
0.01039 0.98959 0.00001 0.00001
0.00001 0.992916 0.007064 0.00001
0.00001 0.99997 0.00001 0.00001
0.00001 0.992922 0.007058 0.00001
0.00001 0.99997 0.00001 0.00001
0.00001 0.966988 0.032992 0.00001
0.00001 0.501619 0.00001 0.498361
0.046453 0.527135 0.20364 0.222773
0.094246 0.606741 0.00001 0.299003
0.047537 0.755939 0.073741 0.122784
0.00001 0.763502 0.00001 0.236478
0.00001 0.751435 0.00001 0.248545
0.22014 0.199002 0.260475 0.320384
0.028809 0.460123 0.084328 0.42674
0.093515 0.343003 0.085219 0.478262
0.077453 0.719975 0.135354 0.067217
0.00001 0.796072 0.00001 0.203908
0.00001 0.069855 0.00001 0.930125
0.00001 0.29282 0.00001 0.70716
0.205297 0.214099 0.117115 0.463489
0.065304 0.197528 0.276317 0.46085
0.043942 0.741542 0.037939 0.176577
0.064437 0.775706 0.159846 0.00001
0.099437 0.646681 0.140296 0.113585
0.00001 0.72613 0.156136 0.117724
0.00001 0.779719 0.136772 0.0835
0.00001 0.804522 0.065456 0.130012
0.00001 0.886345 0.045989 0.067655
0.124894 0.633579 0.093627 0.1479
0.039825 0.701271 0.17487 0.084034
0.00001 0.641263 0.143709 0.215018
0.181504 0.731091 0.036866 0.050538
0.043031 0.829394 0.055299 0.072276
0.00001 0.762423 0.00001 0.237557
0.00001 0.80912 0.00001 0.19086
0.074958 0.795951 0.005358 0.123734
0.055077 0.678817 0.0639 0.202206
0.059554 0.828037 0.051254 0.061155
0.00001 0.803592 0.196388 0.00001
0.049624 0.773889 0.00001 0.176477
0.052203 0.785231 0.046627 0.115939
0.058125 0.745127 0.146489 0.050258
0.00001 0.799898 0.200082 0.00001
0.031856 0.799321 0.066433 0.102391
0.00001 0.783103 0.216877 0.00001
0.00001 0.788773 0.00001 0.211207
0.00001 0.541137 0.173946 0.284907
0.057314 0.730852 0.098788 0.113046
0.00001 0.81988 0.00001 0.1801
0.083665 0.916315 0.00001 0.00001
0.076485 0.00001 0.530963 0.392542
0.099072 0.00001 0.228739 0.672179
0.00001 0.00001 0.99997 0.00001
0.00001 0.00001 0.51132 0.48866
0.025097 0.00001 0.380745 0.594148
0.07817 0.00001 0.465208 0.456611
0.060756 0.00001 0.558543 0.380691
0.096497 0.00001 0.496811 0.406682
0.118561 0.00001 0.501599 0.37983
0.19044 0.00001 0.324941 0.484608
0.00001 0.00001 0.99997 0.00001
0.00001 0.00001 0.99997 0.00001
0.00001 0.00001 0.99997 0.00001
0.00001 0.00001 0.99997 0.00001
0.00001 0.00001 0.99997 0.00001
0.000012 0.00001 0.999968 0.00001
0.025717 0.00001 0.283063 0.69121
0.033916 0.00001 0.433813 0.532261
0.14153 0.017256 0.546889 0.294325
0.10946 0.00001 0.279091 0.611439
0.007767 0.00001 0.438414 0.55381
0.043949 0.00001 0.53717 0.418872
0.142031 0.00001 0.371498 0.486462
0.177225 0.00001 0.375157 0.447608
0.017216 0.00001 0.317758 0.665016
0.050684 0.00001 0.374729 0.574577
0.084497 0.00001 0.396503 0.51899
0.187158 0.00001 0.444549 0.368283
0.043999 0.00001 0.408243 0.547749
0.126278 0.00001 0.475905 0.397807
0.010893 0.00001 0.307901 0.681196
0.022318 0.00001 0.365603 0.612069
0.00001 0.00001 0.365431 0.634549
0.00001 0.00001 0.00001 0.99997
0.00001 0.00001 0.342725 0.657255
0.110564 0.00001 0.367462 0.521964
0.00001 0.00001 0.454705 0.545275
0.00001 0.00001 0.55748 0.4425
0.003775 0.00001 0.560934 0.435281
0.06493 0.00001 0.619073 0.315987
0.151888 0.00001 0.280785 0.567317
0.111072 0.00001 0.366892 0.522026
0.00001 0.03633 0.360549 0.603111
0.00001 0.032068 0.481286 0.486636
0.249603 0.00001 0.415086 0.335301
0.004912 0.00001 0.37078 0.624298
0.00001 0.00001 0.00001 0.99997
0.00001 0.031082 0.524163 0.444745
0.159006 0.00001 0.463099 0.377885
0.185353 0.00001 0.273822 0.540815
0.0841 0.00001 0.49908 0.416809
0.098894 0.00001 0.468086 0.43301
0.019231 0.00001 0.561474 0.419285
0.038269 0.00001 0.659699 0.302021
0.053035 0.00001 0.587471 0.359484
0.069157 0.00001 0.529085 0.401748
0.045074 0.00001 0.635507 0.319409
0.117544 0.00001 0.505108 0.377338
0.03074 0.00001 0.371867 0.597384
0.189289 0.00001 0.373867 0.436834
0.00001 0.00001 0.00001 0.99997
0.00001 0.023001 0.429893 0.547095
0.00001 0.00001 0.99997 0.00001
0.00001 0.00001 0.406774 0.593206
0.00001 0.00001 0.99997 0.00001
0.00001 0.00001 0.99997 0.00001
0.135219 0.00001 0.24528 0.619491
0.00001 0.00001 0.00001 0.99997
0.044289 0.00001 0.307133 0.648568
0.079569 0.00001 0.320823 0.599597
0.00001 0.00001 0.00001 0.99997
0.00001 0.00001 0.332708 0.667272
0.00001 0.00001 0.99997 0.00001
0.00001 0.00001 0.99997 0.00001
0.00001 0.00001 0.528597 0.471383
0.035755 0.002077 0.56404 0.398128
0.024603 0.00001 0.575244 0.400144
0.038035 0.00001 0.343701 0.618254
0.062119 0.00001 0.372369 0.565502
0.00001 0.00001 0.441658 0.558322
0.00001 0.00001 0.432705 0.567275
0.00001 0.00001 0.256915 0.743065
0.044146 0.00001 0.333683 0.622161
0.165369 0.00001 0.455838 0.378783
0.093025 0.00001 0.424529 0.482437
0.086318 0.00001 0.46199 0.451682
0.09396 0.00001 0.552285 0.353745
0.137548 0.00001 0.529339 0.333103
0.094365 0.00001 0.408421 0.497204
0.021424 0.00001 0.54182 0.436746
0.116714 0.00001 0.367163 0.516113
0.091203 0.00001 0.305004 0.603783
0.233084 0.00001 0.392328 0.374577
0.224039 0.00001 0.240595 0.535355
0.224285 0.00001 0.251358 0.524347
0.180895 0.00001 0.294309 0.524786
0.086032 0.00001 0.514601 0.399357
0.13211 0.00001 0.442728 0.425152
0.252904 0.00001 0.237622 0.509464
0.236177 0.00001 0.290189 0.473623
0.233604 0.00001 0.16365 0.602737
0.00001 0.00001 0.471681 0.528299
0.00001 0.00001 0.410183 0.589797
0.089742 0.00001 0.347114 0.563134
0.155167 0.00001 0.441779 0.403045
0.00001 0.00001 0.420699 0.579281
0.026272 0.00001 0.349307 0.624411
0.663422 0.00001 0.185883 0.150685
0.395523 0.00001 0.21523 0.389237
0.416745 0.00001 0.326002 0.257244
0.645977 0.00001 0.354003 0.00001
0.591497 0.00001 0.13495 0.273544
0.382135 0.00001 0.392421 0.225435
0.43408 0.00001 0.266302 0.299608
0.584433 0.00001 0.14189 0.273667
0.71325 0.00001 0.181106 0.105634
0.00001 0.00001 0.00001 0.99997
0.342023 0.00001 0.182835 0.475132
0.592296 0.00001 0.307373 0.100321
0.580611 0.00001 0.122778 0.296601
0.247327 0.00001 0.348525 0.404138
0.501805 0.00001 0.185211 0.312975
0.500008 0.00001 0.283428 0.216555
0.581557 0.00001 0.251089 0.167343
0.580098 0.00001 0.215488 0.204404
0.594558 0.00001 0.137138 0.268294
0.423535 0.00001 0.279001 0.297455
0.263026 0.00001 0.478072 0.258892
0.617919 0.00001 0.145254 0.236817
0.683089 0.00001 0.316891 0.00001
0.671108 0.00001 0.328872 0.00001
0.00001 0.00001 0.00001 0.99997
0.498095 0.00001 0.135171 0.366724
0.386335 0.00001 0.00001 0.613645
0.407304 0.00001 0.117426 0.475259
0.954137 0.00001 0.045843 0.00001
0.882401 0.00001 0.00001 0.117579
0.966339 0.00001 0.033641 0.00001
0.99997 0.00001 0.00001 0.00001
0.990901 0.00001 0.00001 0.009079
0.920608 0.00001 0.079372 0.00001
0.909169 0.00001 0.00001 0.090811
0.841886 0.00001 0.158094 0.00001
0.99997 0.00001 0.00001 0.00001
0.99997 0.00001 0.00001 0.00001
0.9934 0.00001 0.00658 0.00001
0.99997 0.00001 0.00001 0.00001
0.953759 0.00001 0.046221 0.00001
0.99997 0.00001 0.00001 0.00001
0.99997 0.00001 0.00001 0.00001
0.99997 0.00001 0.00001 0.00001
0.893823 0.00001 0.106157 0.00001
0.81846 0.00001 0.00001 0.18152
0.99997 0.00001 0.00001 0.00001
0.99997 0.00001 0.00001 0.00001
0.99997 0.00001 0.00001 0.00001
0.99997 0.00001 0.00001 0.00001
0.832813 0.00001 0.167167 0.00001
0.99997 0.00001 0.00001 0.00001
0.99997 0.00001 0.00001 0.00001
0.770688 0.00001 0.175399 0.053903
0.654142 0.00001 0.149182 0.196665
0.717338 0.00001 0.00001 0.282642
0.845788 0.00001 0.154192 0.00001
0.73089 0.00001 0.196733 0.072368
0.670883 0.00001 0.123601 0.205506
0.788701 0.00001 0.00001 0.211279
0.683057 0.00001 0.218195 0.098737
0.861658 0.00001 0.00001 0.138322
0.758354 0.00001 0.241626 0.00001
0.778603 0.00001 0.221377 0.00001
0.776877 0.00001 0.145081 0.078032
0.857796 0.00001 0.086406 0.055788
0.776955 0.00001 0.098323 0.124712
0.726285 0.00001 0.022324 0.251382
0.729753 0.00001 0.131435 0.138802
0.768844 0.00001 0.116668 0.114478
0.720043 0.00001 0.119791 0.160156
0.786528 0.00001 0.213452 0.00001
0.66927 0.00001 0.090349 0.240372
0.7621 0.00001 0.23788 0.00001
0.784226 0.00001 0.1779 0.037864
0.743616 0.00001 0.180453 0.075921
0.845253 0.00001 0.00001 0.154727
0.786547 0.00001 0.197601 0.015842
0.73807 0.00001 0.157073 0.104846
0.70535 0.00001 0.29463 0.00001
0.807515 0.00001 0.123133 0.069343
0.835671 0.00001 0.146935 0.017384
0.823625 0.00001 0.176355 0.00001
0.746519 0.00001 0.253461 0.00001
0.752364 0.00001 0.247616 0.00001
0.772297 0.00001 0.071955 0.155738
0.863155 0.00001 0.136825 0.00001
0.76882 0.00001 0.23116 0.00001
0.99997 0.00001 0.00001 0.00001
0.825461 0.00001 0.043032 0.131497
0.99997 0.00001 0.00001 0.00001
0.856816 0.00001 0.00001 0.143164
0.820319 0.00001 0.102817 0.076854
0.854393 0.00001 0.145587 0.00001
0.77726 0.00001 0.22272 0.00001
0.750256 0.00001 0.209762 0.039972
0.877139 0.00001 0.00001 0.122841
0.845646 0.00001 0.153384 0.000961
0.792702 0.00001 0.176551 0.030737
0.889098 0.00001 0.110882 0.00001
0.805246 0.00001 0.065878 0.128866
0.79279 0.00001 0.20719 0.00001
0.811279 0.00001 0.096271 0.092441
0.827888 0.00001 0.068329 0.103773
0.804711 0.00001 0.161619 0.03366
0.851613 0.00001 0.032311 0.116066
0.804619 0.00001 0.068036 0.127334
0.746174 0.00001 0.253806 0.00001
0.946132 0.00001 0.053848 0.00001
0.673269 0.00001 0.090665 0.236055
0.809169 0.00001 0.190811 0.00001
0.785231 0.00001 0.00001 0.214749
0.779229 0.00001 0.091187 0.129573
0.81512 0.00001 0.18486 0.00001
0.75307 0.00001 0.24691 0.00001
0.715377 0.00001 0.00001 0.284603
0.776084 0.00001 0.223896 0.00001
