0.00001 0.99997 0.00001 0.00001
0.00001 0.99997 0.00001 0.00001
0.00001 0.99997 0.00001 0.00001
0.00001 0.99997 0.00001 0.00001
0.00001 0.99997 0.00001 0.00001
0.00001 0.99997 0.00001 0.00001
0.00001 0.649365 0.350615 0.00001
0.00001 0.673485 0.326495 0.00001
0.00001 0.99997 0.00001 0.00001
0.00001 0.99997 0.00001 0.00001
0.00001 0.99997 0.00001 0.00001
0.00001 0.99997 0.00001 0.00001
0.00001 0.717934 0.282046 0.00001
0.027068 0.484846 0.488077 0.00001
0.00001 0.99997 0.00001 0.00001
0.00001 0.99997 0.00001 0.00001
0.00001 0.99997 0.00001 0.00001
0.00001 0.99997 0.00001 0.00001
0.00001 0.99997 0.00001 0.00001
0.00001 0.537468 0.462512 0.00001
0.00001 0.99997 0.00001 0.00001
0.00001 0.503522 0.496458 0.00001
0.00001 0.00001 0.99997 0.00001
0.02391 0.00001 0.97607 0.00001
0.00001 0.271538 0.728442 0.00001
0.00001 0.181528 0.818452 0.00001
0.025612 0.207119 0.767259 0.00001
0.00001 0.246642 0.753338 0.00001
0.00001 0.232764 0.767216 0.00001
0.00001 0.371077 0.628903 0.00001
0.00001 0.273412 0.726568 0.00001
0.00001 0.269262 0.729351 0.001378
0.022412 0.319509 0.658069 0.00001
0.00001 0.215768 0.784212 0.00001
0.00001 0.080636 0.919344 0.00001
0.00001 0.00001 0.99997 0.00001
0.00001 0.190118 0.809862 0.00001
0.00001 0.259504 0.740476 0.00001
0.00001 0.298476 0.701504 0.00001
0.00001 0.104415 0.895565 0.00001
0.00001 0.114885 0.885095 0.00001
0.00001 0.00001 0.99997 0.00001
0.016948 0.194219 0.788823 0.00001
0.048395 0.240547 0.711049 0.00001
0.00001 0.307118 0.692862 0.00001
0.00001 0.201461 0.798519 0.00001
0.00001 0.119242 0.880738 0.00001
0.00001 0.273099 0.726881 0.00001
0.00001 0.178912 0.821068 0.00001
0.014855 0.338488 0.646647 0.00001
0.00001 0.311065 0.688915 0.00001
0.004861 0.220776 0.774353 0.00001
0.00001 0.00001 0.99997 0.00001
0.00001 0.143579 0.856401 0.00001
0.008485 0.00001 0.991495 0.00001
0.00001 0.196219 0.803761 0.00001
0.01585 0.379916 0.604224 0.00001
0.00001 0.072762 0.927218 0.00001
0.00001 0.236908 0.763072 0.00001
0.024205 0.253848 0.721937 0.00001
0.00001 0.00001 0.99997 0.00001
0.00001 0.235229 0.764751 0.00001
0.00001 0.217891 0.782089 0.00001
0.010452 0.281922 0.707615 0.00001
0.00001 0.469734 0.530246 0.00001
0.00001 0.245902 0.754078 0.00001
0.00001 0.163089 0.836891 0.00001
0.00001 0.260505 0.739475 0.00001
0.00001 0.247254 0.74872 0.004017
0.00001 0.197167 0.802813 0.00001
0.00001 0.307365 0.692615 0.00001
0.005908 0.271356 0.722725 0.00001
0.00001 0.186459 0.813521 0.00001
0.00001 0.24732 0.75266 0.00001
0.00001 0.323566 0.676414 0.00001
0.00405 0.284101 0.711839 0.00001
0.00001 0.22692 0.77306 0.00001
0.00001 0.344378 0.655602 0.00001
0.007945 0.272268 0.719776 0.00001
0.00001 0.229874 0.770106 0.00001
0.077206 0.322213 0.600571 0.00001
0.00001 0.20247 0.79751 0.00001
0.00001 0.035028 0.964952 0.00001
0.00001 0.371686 0.628294 0.00001
0.00001 0.184686 0.815294 0.00001
0.003374 0.264412 0.732203 0.00001
0.00001 0.138799 0.861181 0.00001
0.00001 0.150179 0.849801 0.00001
0.002538 0.269618 0.727834 0.00001
0.00001 0.360817 0.639163 0.00001
0.00001 0.211366 0.788614 0.00001
0.012666 0.204429 0.782895 0.00001
0.00001 0.392848 0.605469 0.001672
0.00001 0.00001 0.99997 0.00001
0.00001 0.372589 0.627391 0.00001
0.00001 0.00001 0.99997 0.00001
0.00001 0.155866 0.843533 0.000591
0.00001 0.141985 0.857995 0.00001
0.00001 0.330454 0.669526 0.00001
0.00001 0.00001 0.99997 0.00001
0.00001 0.269778 0.730202 0.00001
0.00001 0.31143 0.68855 0.00001
0.00001 0.137807 0.862173 0.00001
0.00001 0.255166 0.744814 0.00001
0.002175 0.17723 0.820586 0.00001
0.00001 0.104378 0.895602 0.00001
0.00001 0.167213 0.832767 0.00001
0.00001 0.304189 0.695791 0.00001
0.000752 0.285364 0.713873 0.00001
0.00001 0.00001 0.99997 0.00001
0.00001 0.00001 0.99997 0.00001
0.00001 0.184415 0.815565 0.00001
0.00001 0.306891 0.693089 0.00001
0.00001 0.23074 0.76924 0.00001
0.00001 0.242968 0.757012 0.00001
0.00001 0.085134 0.914846 0.00001
0.00001 0.206558 0.793422 0.00001
0.00001 0.212932 0.787048 0.00001
0.00001 0.362312 0.637668 0.00001
0.003708 0.327624 0.668658 0.00001
0.00001 0.326888 0.673092 0.00001
0.00001 0.119996 0.879984 0.00001
0.00001 0.204402 0.795578 0.00001
0.00001 0.201392 0.798588 0.00001
0.00001 0.247392 0.752588 0.00001
0.00001 0.038798 0.956645 0.004547
0.00001 0.00001 0.99997 0.00001
0.00001 0.129862 0.870118 0.00001
0.00001 0.00001 0.99997 0.00001
0.00001 0.210561 0.789419 0.00001
0.028269 0.199892 0.771829 0.00001
0.390824 0.146427 0.363725 0.099023
0.382543 0.157529 0.370977 0.088951
0.250115 0.059286 0.552664 0.137935
0.161833 0.133102 0.625576 0.07949
0.185954 0.05354 0.715308 0.045198
0.197472 0.13459 0.623684 0.044253
0.526009 0.035991 0.16446 0.273541
0.448616 0.121411 0.345229 0.084743
0.478779 0.149031 0.201027 0.171163
0.178012 0.160347 0.560048 0.101593
0.191586 0.161873 0.63858 0.007962
0.573498 0.00001 0.101533 0.324959
0.640611 0.119715 0.183811 0.055864
0.493247 0.101616 0.118663 0.286473
0.669265 0.050558 0.15074 0.129436
0.177136 0.092809 0.651896 0.078159
0.17105 0.203532 0.571134 0.054285
0.237953 0.105941 0.541666 0.11444
0.273674 0.202259 0.524057 0.00001
0.220451 0.193412 0.586127 0.00001
0.193696 0.179367 0.626927 0.00001
0.112515 0.305842 0.581633 0.00001
0.203757 0.00001 0.636375 0.159858
0.260988 0.102677 0.598267 0.038068
0.357081 0.029963 0.612947 0.00001
0.060301 0.24326 0.489074 0.207365
0.11884 0.16004 0.670903 0.050217
0.202169 0.233669 0.531903 0.032259
0.184902 0.185088 0.63 0.00001
0.108111 0.20557 0.592802 0.093516
0.249736 0.156132 0.525364 0.068768
0.097799 0.167818 0.661729 0.072655
0.13149 0.158351 0.645889 0.06427
0.050863 0.177614 0.604588 0.166936
0.143586 0.228198 0.559125 0.069091
0.216823 0.170515 0.573015 0.039646
0.203735 0.257754 0.538501 0.00001
0.148383 0.094303 0.707097 0.050217
0.219122 0.182196 0.598673 0.00001
0.145044 0.110488 0.683939 0.060529
0.45614 0.064512 0.479338 0.00001
0.19731 0.128305 0.604304 0.070081
0.108341 0.215285 0.610184 0.066191
0.00001 0.253055 0.664234 0.082701
0.869409 0.00001 0.00001 0.130571
0.814454 0.00001 0.00451 0.181026
0.906181 0.00001 0.00001 0.093799
0.99997 0.00001 0.00001 0.00001
0.890872 0.00001 0.00001 0.109108
0.86351 0.00001 0.00001 0.13647
0.905538 0.00001 0.00001 0.094442
0.86883 0.00001 0.00001 0.13115
0.827099 0.00001 0.00001 0.172881
0.756186 0.00001 0.00001 0.243794
0.99997 0.00001 0.00001 0.00001
0.945672 0.00001 0.00001 0.054308
0.886042 0.00001 0.00001 0.113938
0.920354 0.00001 0.00001 0.079626
0.99997 0.00001 0.00001 0.00001
0.95989 0.00001 0.00001 0.04009
0.874882 0.00001 0.00001 0.125098
0.891998 0.00001 0.00001 0.107982
0.78586 0.023929 0.00001 0.1902
0.821519 0.00001 0.00001 0.178461
0.919866 0.00001 0.00001 0.080114
0.912338 0.00001 0.00001 0.087642
0.794317 0.00001 0.00001 0.205663
0.757774 0.00001 0.00001 0.242206
0.874305 0.00001 0.00001 0.125675
0.871486 0.00001 0.00001 0.128494
0.843269 0.00001 0.00001 0.156711
0.773205 0.00001 0.00001 0.226775
0.887726 0.00001 0.00001 0.112254
0.817664 0.00001 0.00001 0.182316
0.912518 0.00001 0.00001 0.087462
0.875688 0.00001 0.005158 0.119144
0.890892 0.00001 0.00001 0.109088
0.813461 0.00001 0.00001 0.186519
0.941721 0.00001 0.00001 0.058259
0.809604 0.00001 0.00001 0.190376
0.976186 0.00001 0.00001 0.023794
0.984682 0.00001 0.00001 0.015298
0.941794 0.00001 0.00001 0.058186
0.897463 0.00001 0.00001 0.102517
0.76965 0.00001 0.00001 0.23033
0.807381 0.00001 0.00001 0.192599
0.958992 0.00001 0.040988 0.00001
0.968527 0.00001 0.031453 0.00001
0.701889 0.00001 0.00001 0.298091
0.918712 0.00001 0.00001 0.081268
0.765466 0.00001 0.014222 0.220301
0.93385 0.00001 0.030684 0.035457
0.771861 0.00001 0.00001 0.228119
0.741065 0.00001 0.00001 0.258915
0.868934 0.00001 0.00001 0.131046
0.860685 0.00001 0.00001 0.139295
0.956754 0.00001 0.00001 0.043226
0.922785 0.00001 0.00001 0.077195
0.90561 0.00001 0.00001 0.09437
0.874237 0.00001 0.00001 0.125743
0.920964 0.00001 0.00001 0.079016
0.835006 0.00001 0.00001 0.164974
0.867091 0.00001 0.002623 0.130276
0.757364 0.00001 0.00001 0.242616
0.942828 0.00001 0.023284 0.033878
0.97536 0.00001 0.02462 0.00001
0.910671 0.010054 0.00001 0.079264
0.996612 0.003368 0.00001 0.00001
0.99997 0.00001 0.00001 0.00001
0.99997 0.00001 0.00001 0.00001
0.766117 0.00001 0.00001 0.233863
0.876103 0.006098 0.00001 0.11779
0.858337 0.00001 0.00001 0.141643
0.830069 0.00001 0.00001 0.169911
0.828355 0.00001 0.003595 0.16804
0.974191 0.00001 0.00001 0.025789
0.924435 0.00001 0.00001 0.075545
0.878572 0.00001 0.00001 0.121408
0.980879 0.00001 0.00001 0.019101
0.921736 0.00001 0.00212 0.076134
0.928071 0.00001 0.00001 0.071909
0.880758 0.00001 0.00001 0.119222
0.858816 0.00001 0.00001 0.141164
0.955911 0.00001 0.00001 0.044069
0.99997 0.00001 0.00001 0.00001
0.974509 0.00001 0.00001 0.025471
0.864025 0.00001 0.00001 0.135955
0.787807 0.00001 0.00001 0.212173
0.846977 0.00001 0.00001 0.153003
0.850705 0.00001 0.00001 0.149275
0.865076 0.00001 0.00001 0.134904
0.82514 0.00001 0.00001 0.17484
0.839148 0.00001 0.00001 0.160832
0.941274 0.00001 0.00001 0.058706
0.824266 0.00001 0.00001 0.175714
0.818312 0.00001 0.00001 0.181668
0.698544 0.00001 0.00001 0.301436
0.685085 0.00001 0.00001 0.314895
0.701769 0.00001 0.00001 0.298211
0.748768 0.00001 0.00001 0.251212
0.868001 0.00001 0.00001 0.131979
0.802469 0.00001 0.00001 0.197511
0.674365 0.00001 0.00001 0.325615
0.696247 0.00001 0.00001 0.303733
0.681555 0.00001 0.00001 0.318425
0.99997 0.00001 0.00001 0.00001
0.99997 0.00001 0.00001 0.00001
0.846162 0.00001 0.00001 0.153818
0.801033 0.00001 0.00001 0.198947
0.99997 0.00001 0.00001 0.00001
0.867434 0.011084 0.00001 0.121471
0.283509 0.00001 0.00001 0.716471
0.533652 0.00001 0.00001 0.466328
0.531562 0.00001 0.00001 0.468418
0.297576 0.00001 0.00001 0.702404
0.334434 0.00001 0.00001 0.665546
0.571486 0.00001 0.00001 0.428494
0.500754 0.00001 0.00001 0.499226
0.363919 0.00001 0.00001 0.636061
0.232645 0.00001 0.00001 0.767335
0.699671 0.00001 0.00001 0.300309
0.579612 0.00001 0.00001 0.420368
0.35881 0.00001 0.00001 0.64117
0.347952 0.00001 0.00001 0.652028
0.68238 0.00001 0.00001 0.3176
0.434081 0.00001 0.00001 0.565899
0.451692 0.00001 0.00001 0.548288
0.364279 0.00001 0.00001 0.635701
0.360412 0.00001 0.00001 0.639568
0.354445 0.00001 0.00001 0.645535
0.524488 0.00001 0.00001 0.475492
0.68769 0.00001 0.00001 0.31229
0.307095 0.00001 0.00001 0.692885
0.289808 0.00001 0.00001 0.710172
0.291356 0.00001 0.00001 0.708624
0.60904 0.00001 0.00001 0.39094
0.416718 0.00001 0.00001 0.583262
0.52115 0.00001 0.00001 0.47883
0.480641 0.00001 0.00001 0.519339
0.00001 0.00001 0.00001 0.99997
0.031083 0.00001 0.00001 0.968897
0.00001 0.00001 0.00001 0.99997
0.00001 0.00001 0.00001 0.99997
0.00001 0.00001 0.00001 0.99997
0.00001 0.00001 0.00001 0.99997
0.028049 0.00001 0.00001 0.971931
0.057429 0.00001 0.00001 0.942551
0.00001 0.00001 0.00001 0.99997
0.00001 0.00001 0.00001 0.99997
0.00001 0.00001 0.00001 0.99997
0.00001 0.00001 0.00001 0.99997
0.00001 0.00001 0.00001 0.99997
0.00001 0.00001 0.00001 0.99997
0.00001 0.00001 0.00001 0.99997
0.00001 0.00001 0.00001 0.99997
0.061453 0.00001 0.00001 0.938527
0.05165 0.00001 0.00001 0.94833
0.00001 0.00001 0.00001 0.99997
0.00001 0.00001 0.00001 0.99997
0.00001 0.00001 0.00001 0.99997
0.00001 0.00001 0.00001 0.99997
0.108196 0.00001 0.00001 0.891784
0.00001 0.00001 0.00001 0.99997
0.00001 0.00001 0.00001 0.99997
0.195708 0.00001 0.00001 0.804272
0.281531 0.00001 0.00001 0.718449
0.149602 0.00001 0.00001 0.850378
0.056266 0.00001 0.00001 0.943714
0.231958 0.00001 0.00001 0.768022
0.270079 0.00001 0.00001 0.729901
0.143782 0.00001 0.00001 0.856198
0.255968 0.00001 0.00001 0.744012
0.048646 0.00001 0.00001 0.951334
0.182347 0.00001 0.00001 0.817633
0.185716 0.00001 0.00001 0.814264
0.164329 0.00001 0.00001 0.835651
0.080565 0.00001 0.00001 0.919415
0.17059 0.00001 0.00001 0.82939
0.20496 0.00001 0.00001 0.79502
0.221846 0.00001 0.00001 0.778134
0.167762 0.00001 0.00001 0.832218
0.199254 0.00001 0.00001 0.800726
0.141948 0.00001 0.00001 0.858032
0.257994 0.00001 0.00001 0.741986
0.174745 0.00001 0.00001 0.825235
0.157827 0.00001 0.00001 0.842153
0.196057 0.00001 0.00001 0.803923
0.056807 0.00001 0.00001 0.943173
0.182407 0.00001 0.00001 0.817573
0.201354 0.00001 0.00001 0.798626
0.224381 0.00001 0.00001 0.775599
0.137971 0.00001 0.00001 0.862009
0.098588 0.00001 0.00001 0.901392
0.068207 0.00001 0.00001 0.931773
0.189611 0.00001 0.00001 0.810369
0.173643 0.00001 0.00001 0.826337
0.154094 0.00001 0.00001 0.845886
0.0324 0.00001 0.00001 0.96758
0.168424 0.00001 0.00001 0.831556
0.00001 0.00001 0.00001 0.99997
0.110679 0.00001 0.00001 0.889301
0.00001 0.00001 0.00001 0.99997
0.008418 0.00001 0.00001 0.991562
0.105397 0.00001 0.00001 0.894583
0.049524 0.00001 0.00001 0.950456
0.162245 0.00001 0.00001 0.837735
0.195094 0.00001 0.00001 0.804886
0.038546 0.00001 0.00001 0.961434
0.095565 0.00001 0.00001 0.904415
0.13343 0.00001 0.00001 0.86655
0.036961 0.00001 0.00001 0.963019
0.131666 0.00001 0.00001 0.868314
0.171445 0.00001 0.00001 0.828535
0.12682 0.00001 0.00001 0.87316
0.103011 0.00001 0.00001 0.896969
0.133048 0.00001 0.00001 0.866932
0.058314 0.00001 0.00001 0.941666
0.13382 0.00001 0.00001 0.86616
0.222 0.00001 0.00001 0.77798
0.00001 0.00001 0.00001 0.99997
0.239411 0.00001 0.00001 0.760569
0.075596 0.00001 0.00001 0.924384
0.13446 0.00001 0.00001 0.86552
0.172631 0.00001 0.00001 0.827349
0.131407 0.00001 0.00001 0.868573
0.173669 0.00001 0.00001 0.826311
0.206805 0.00001 0.00001 0.793175
0.19601 0.00001 0.00001 0.80397
