0.99996 0.00001 0.00001 0.00001 0.00001
0.713406 0.274814 0.00001 0.00001 0.011759
0.742916 0.257054 0.00001 0.00001 0.00001
0.99996 0.00001 0.00001 0.00001 0.00001
0.999954 0.000016 0.00001 0.00001 0.00001
0.99996 0.00001 0.00001 0.00001 0.00001
0.60288 0.39709 0.00001 0.00001 0.00001
0.62942 0.37055 0.00001 0.00001 0.00001
0.710468 0.289502 0.00001 0.00001 0.00001
0.99996 0.00001 0.00001 0.00001 0.00001
0.99996 0.00001 0.00001 0.00001 0.00001
0.773012 0.226958 0.00001 0.00001 0.00001
0.689195 0.310775 0.00001 0.00001 0.00001
0.44507 0.526466 0.00001 0.028444 0.00001
0.99996 0.00001 0.00001 0.00001 0.00001
0.99996 0.00001 0.00001 0.00001 0.00001
0.99996 0.00001 0.00001 0.00001 0.00001
0.662836 0.337134 0.00001 0.00001 0.00001
0.99996 0.00001 0.00001 0.00001 0.00001
0.479277 0.520693 0.00001 0.00001 0.00001
0.99996 0.00001 0.00001 0.00001 0.00001
0.472628 0.527342 0.00001 0.00001 0.00001
0.00001 0.99996 0.00001 0.00001 0.00001
0.00001 0.973422 0.00001 0.026548 0.00001
0.241823 0.758147 0.00001 0.00001 0.00001
0.164995 0.834975 0.00001 0.00001 0.00001
0.192294 0.779483 0.00001 0.028204 0.00001
0.215161 0.784809 0.00001 0.00001 0.00001
0.203572 0.795158 0.00001 0.001249 0.00001
0.359892 0.640078 0.00001 0.00001 0.00001
0.250283 0.749687 0.00001 0.00001 0.00001
0.235203 0.741756 0.000012 0.00001 0.02302
0.268408 0.575269 0.00001 0.00001 0.156303
0.178249 0.821721 0.00001 0.00001 0.00001
0.062265 0.937705 0.00001 0.00001 0.00001
0.00001 0.99996 0.00001 0.00001 0.00001
0.1851 0.794783 0.00001 0.00001 0.020097
0.239283 0.760687 0.00001 0.00001 0.00001
0.276206 0.653976 0.00001 0.00001 0.069798
0.079011 0.920959 0.00001 0.00001 0.00001
0.09718 0.819916 0.00001 0.00001 0.082884
0.00001 0.99996 0.00001 0.00001 0.00001
0.19304 0.663775 0.00001 0.00001 0.143165
0.178223 0.59528 0.00001 0.00001 0.226477
0.281561 0.718409 0.00001 0.00001 0.00001
0.197465 0.802505 0.00001 0.00001 0.00001
0.091234 0.908736 0.00001 0.00001 0.00001
0.234936 0.765034 0.00001 0.00001 0.00001
0.176624 0.823346 0.00001 0.00001 0.00001
0.309693 0.589629 0.00001 0.00001 0.100659
0.289101 0.665777 0.00001 0.00001 0.045102
0.206896 0.785899 0.00001 0.007185 0.00001
0.00001 0.99996 0.00001 0.00001 0.00001
0.12199 0.87798 0.00001 0.00001 0.00001
0.00001 0.989434 0.00001 0.010536 0.00001
0.185451 0.814519 0.00001 0.00001 0.00001
0.333482 0.557025 0.00001 0.00001 0.109473
0.094175 0.8538 0.00001 0.00001 0.052005
0.237831 0.762139 0.00001 0.00001 0.00001
0.235736 0.663843 0.00001 0.002879 0.097532
0.00001 0.99996 0.00001 0.00001 0.00001
0.206764 0.793206 0.00001 0.00001 0.00001
0.213641 0.786329 0.00001 0.00001 0.00001
0.267522 0.720922 0.00001 0.011536 0.00001
0.424191 0.575779 0.00001 0.00001 0.00001
0.217757 0.782213 0.00001 0.00001 0.00001
0.128627 0.871343 0.00001 0.00001 0.00001
0.233222 0.723698 0.00001 0.00001 0.04306
0.219641 0.774007 0.006332 0.00001 0.00001
0.149445 0.850525 0.00001 0.00001 0.00001
0.283598 0.716372 0.00001 0.00001 0.00001
0.256424 0.735323 0.00001 0.008233 0.00001
0.187484 0.812486 0.00001 0.00001 0.00001
0.246111 0.753859 0.00001 0.00001 0.00001
0.303348 0.696622 0.00001 0.00001 0.00001
0.237152 0.700072 0.00001 0.00001 0.062756
0.196486 0.803484 0.00001 0.00001 0.00001
0.324961 0.675009 0.00001 0.00001 0.00001
0.25283 0.73718 0.00001 0.00997 0.00001
0.211816 0.788154 0.00001 0.00001 0.00001
0.256014 0.37537 0.00001 0.00001 0.368596
0.183856 0.816114 0.00001 0.00001 0.00001
0.003999 0.995971 0.00001 0.00001 0.00001
0.324632 0.675338 0.00001 0.00001 0.00001
0.146364 0.853606 0.00001 0.00001 0.00001
0.242528 0.751701 0.00001 0.005751 0.00001
0.121526 0.878444 0.00001 0.00001 0.00001
0.137625 0.862345 0.00001 0.00001 0.00001
0.243005 0.712322 0.00001 0.00001 0.044653
0.295872 0.628105 0.00001 0.00001 0.076003
0.173668 0.826302 0.00001 0.00001 0.00001
0.178578 0.743659 0.00001 0.00001 0.077743
0.342333 0.553506 0.00001 0.00001 0.104141
0.00001 0.99996 0.00001 0.00001 0.00001
0.348396 0.651574 0.00001 0.00001 0.00001
0.00001 0.99996 0.00001 0.00001 0.00001
0.123922 0.820506 0.00001 0.00001 0.055551
0.129304 0.870666 0.00001 0.00001 0.00001
0.333265 0.666705 0.00001 0.00001 0.00001
0.00001 0.99996 0.00001 0.00001 0.00001
0.258282 0.741688 0.00001 0.00001 0.00001
0.283804 0.716166 0.00001 0.00001 0.00001
0.124949 0.834852 0.00001 0.00001 0.040178
0.227282 0.697076 0.00001 0.00001 0.075622
0.151682 0.773431 0.00001 0.00001 0.074867
0.08798 0.91199 0.00001 0.00001 0.00001
0.154666 0.791695 0.00001 0.00001 0.053618
0.294689 0.698694 0.00001 0.00001 0.006597
0.262854 0.734385 0.00001 0.002741 0.00001
0.00001 0.99996 0.00001 0.00001 0.00001
0.00001 0.99996 0.00001 0.00001 0.00001
0.17533 0.818759 0.00001 0.00001 0.005891
0.267258 0.673453 0.00001 0.00001 0.059269
0.221834 0.778136 0.00001 0.00001 0.00001
0.227038 0.772932 0.00001 0.00001 0.00001
0.075242 0.924728 0.00001 0.00001 0.00001
0.203241 0.796729 0.00001 0.00001 0.00001
0.185319 0.814651 0.00001 0.00001 0.00001
0.346171 0.653799 0.00001 0.00001 0.00001
0.284702 0.71005 0.00001 0.005228 0.00001
0.280377 0.719593 0.00001 0.00001 0.00001
0.109424 0.890546 0.00001 0.00001 0.00001
0.181733 0.818237 0.00001 0.00001 0.00001
0.190158 0.809812 0.00001 0.00001 0.00001
0.248259 0.751711 0.00001 0.00001 0.00001
0.00001 0.994922 0.005048 0.00001 0.00001
0.00001 0.995624 0.00001 0.00001 0.004346
0.13977 0.8602 0.00001 0.00001 0.00001
0.00001 0.997596 0.00001 0.002374 0.00001
0.184894 0.815076 0.00001 0.00001 0.00001
0.186531 0.645964 0.00001 0.00001 0.167485
0.111948 0.227239 0.075612 0.367513 0.217688
0.130008 0.00001 0.055632 0.300661 0.513689
0.023059 0.459989 0.126448 0.224771 0.165733
0.00001 0.00001 0.00001 0.00001 0.99996
0.00001 0.00001 0.00001 0.00001 0.99996
0.082493 0.342838 0.021045 0.123935 0.429689
0.037645 0.120791 0.268689 0.518944 0.053931
0.00001 0.00001 0.060249 0.340044 0.599687
0.115033 0.015021 0.155691 0.433872 0.280383
0.106351 0.433099 0.099092 0.128054 0.233404
0.095461 0.436929 0.00001 0.121125 0.346475
0.00001 0.00001 0.327628 0.542841 0.129511
0.110297 0.147698 0.046172 0.637944 0.05789
0.00001 0.00001 0.279622 0.436147 0.284211
0.00001 0.00001 0.125453 0.610993 0.263534
0.00001 0.00001 0.006379 0.00001 0.993591
0.00001 0.00001 0.00001 0.00001 0.99996
0.00001 0.00001 0.022946 0.132085 0.844949
0.155472 0.324059 0.00001 0.203347 0.317112
0.00001 0.00001 0.00001 0.00001 0.99996
0.00001 0.00001 0.00001 0.00001 0.99996
0.220002 0.37245 0.00001 0.018234 0.389304
0.00001 0.501566 0.148275 0.176565 0.173584
0.0155 0.404537 0.021187 0.196389 0.362388
0.00001 0.00001 0.00001 0.158754 0.841216
0.00001 0.00001 0.039639 0.00001 0.960331
0.111327 0.498025 0.021712 0.082284 0.286653
0.215434 0.54204 0.03024 0.203926 0.00836
0.164439 0.576323 0.00001 0.165296 0.093932
0.204347 0.592064 0.089722 0.113857 0.00001
0.00001 0.00001 0.00001 0.112726 0.887244
0.110126 0.584509 0.05498 0.07842 0.171965
0.082603 0.429876 0.038458 0.069968 0.379094
0.00001 0.00001 0.00001 0.00001 0.99996
0.00001 0.00001 0.00001 0.00001 0.99996
0.129637 0.487429 0.036796 0.185042 0.161095
0.210898 0.382867 0.00001 0.146264 0.25996
0.00001 0.42981 0.007683 0.079947 0.482551
0.00001 0.00001 0.00001 0.00001 0.99996
0.084575 0.65796 0.058945 0.133459 0.065061
0.012618 0.246528 0.00001 0.373367 0.367476
0.00001 0.00001 0.013384 0.00001 0.986586
0.206069 0.601576 0.061061 0.110766 0.020529
0.21447 0.542874 0.041414 0.00001 0.201232
0.00001 0.00001 0.126229 0.873741 0.00001
0.00001 0.00001 0.192814 0.795348 0.011818
0.00001 0.00001 0.086762 0.913208 0.00001
0.00001 0.00001 0.00001 0.99996 0.00001
0.00001 0.00001 0.104005 0.895965 0.00001
0.00001 0.00001 0.124056 0.875914 0.00001
0.00001 0.00001 0.092134 0.907836 0.00001
0.00001 0.00001 0.119686 0.880284 0.00001
0.00001 0.00001 0.169967 0.830003 0.00001
0.00001 0.00001 0.239576 0.760394 0.00001
0.00001 0.00001 0.00001 0.99996 0.00001
0.00001 0.00001 0.046047 0.953923 0.00001
0.00001 0.00001 0.107299 0.892671 0.00001
0.00001 0.00001 0.060837 0.939133 0.00001
0.00001 0.00001 0.00001 0.99996 0.00001
0.00001 0.00001 0.036021 0.963949 0.00001
0.00001 0.00001 0.124039 0.875931 0.00001
0.00001 0.00001 0.104205 0.895765 0.00001
0.024716 0.00001 0.1839 0.791363 0.00001
0.00001 0.00001 0.163754 0.836216 0.00001
0.00001 0.00001 0.070015 0.929955 0.00001
0.00001 0.00001 0.087029 0.912941 0.00001
0.00001 0.00001 0.197947 0.802023 0.00001
0.00001 0.00001 0.231984 0.767986 0.00001
0.00001 0.00001 0.127927 0.87091 0.001143
0.00001 0.00001 0.12541 0.87456 0.00001
0.00001 0.00001 0.146545 0.853425 0.00001
0.00001 0.00001 0.222256 0.777714 0.00001
0.00001 0.00001 0.099437 0.900533 0.00001
0.00001 0.00001 0.179904 0.820066 0.00001
0.00001 0.00001 0.078699 0.921271 0.00001
0.00001 0.00001 0.138183 0.837996 0.023801
0.00001 0.00001 0.101691 0.898279 0.00001
0.00001 0.00001 0.184364 0.815606 0.00001
0.00001 0.00001 0.049381 0.950589 0.00001
0.00001 0.00001 0.186891 0.813079 0.00001
0.00001 0.00001 0.015994 0.983976 0.00001
0.00001 0.00001 0.006136 0.993834 0.00001
0.00001 0.00001 0.048811 0.951159 0.00001
0.00001 0.00001 0.087706 0.912264 0.00001
0.00001 0.00001 0.216673 0.783297 0.00001
0.00001 0.00001 0.188792 0.811178 0.00001
0.00001 0.00001 0.00001 0.946442 0.053528
0.00001 0.032605 0.00001 0.967365 0.00001
0.00001 0.00001 0.297098 0.702872 0.00001
0.00001 0.00001 0.078724 0.921246 0.00001
0.00001 0.014849 0.213774 0.771357 0.00001
0.00001 0.00001 0.030858 0.929728 0.039394
0.00001 0.00001 0.224432 0.775538 0.00001
0.00001 0.00001 0.253975 0.745995 0.00001
0.00001 0.00001 0.123833 0.876137 0.00001
0.00001 0.00001 0.131114 0.868856 0.00001
0.00001 0.00001 0.034251 0.965719 0.00001
0.00001 0.00001 0.07086 0.92911 0.00001
0.00001 0.00001 0.084462 0.915508 0.00001
0.00001 0.00001 0.119784 0.880186 0.00001
0.00001 0.00001 0.075332 0.924638 0.00001
0.00001 0.00001 0.166738 0.833232 0.00001
0.00001 0.00001 0.130927 0.856896 0.012156
0.00001 0.00001 0.237369 0.762601 0.00001
0.00001 0.024344 0.034516 0.941119 0.00001
0.00001 0.025407 0.00001 0.974563 0.00001
0.011425 0.00001 0.07707 0.911484 0.00001
0.003619 0.00001 0.00001 0.996351 0.00001
0.00001 0.00001 0.00001 0.99996 0.00001
0.00001 0.00001 0.00001 0.99996 0.00001
0.00001 0.00001 0.233433 0.765893 0.000655
0.00724 0.00001 0.12181 0.87093 0.00001
0.00001 0.00001 0.14328 0.85669 0.00001
0.00001 0.00001 0.172478 0.827492 0.00001
0.00001 0.00001 0.174334 0.811223 0.014423
0.00001 0.00001 0.028432 0.971538 0.00001
0.00001 0.00001 0.070384 0.929586 0.00001
0.00001 0.00001 0.109764 0.890206 0.00001
0.00001 0.00001 0.016481 0.983489 0.00001
0.00001 0.00327 0.069252 0.927458 0.00001
0.00001 0.00001 0.065625 0.934345 0.00001
0.00001 0.00001 0.12425 0.87572 0.00001
0.00001 0.00001 0.133319 0.866651 0.00001
0.00001 0.00001 0.039871 0.960099 0.00001
0.00001 0.00001 0.00001 0.99996 0.00001
0.00001 0.00001 0.018294 0.981676 0.00001
0.00001 0.00001 0.132477 0.867493 0.00001
0.00001 0.00001 0.20377 0.7962 0.00001
0.00001 0.00001 0.144119 0.855851 0.00001
0.00001 0.00001 0.138766 0.861204 0.00001
0.00001 0.00001 0.131391 0.868579 0.00001
0.00001 0.00001 0.17079 0.82918 0.00001
0.00001 0.00001 0.156645 0.843325 0.00001
0.00001 0.00001 0.04683 0.95314 0.00001
0.00001 0.00001 0.186682 0.801178 0.012119
0.00001 0.00001 0.17509 0.82488 0.00001
0.00001 0.00001 0.301743 0.698227 0.00001
0.00001 0.00001 0.318084 0.681886 0.00001
0.00001 0.00001 0.287538 0.712432 0.00001
0.00001 0.00001 0.249608 0.750362 0.00001
0.00001 0.00001 0.124192 0.875778 0.00001
0.00001 0.00001 0.198651 0.801319 0.00001
0.00001 0.00001 0.318323 0.681647 0.00001
0.00001 0.00001 0.300742 0.699228 0.00001
0.00001 0.00001 0.307203 0.692767 0.00001
0.00001 0.00001 0.00001 0.99996 0.00001
0.00001 0.00001 0.00001 0.99996 0.00001
0.00001 0.00001 0.147159 0.852811 0.00001
0.00001 0.00001 0.190451 0.809519 0.00001
0.00001 0.00001 0.00001 0.99996 0.00001
0.00001 0.00001 0.121087 0.861119 0.017774
0.00001 0.00001 0.709814 0.290156 0.00001
0.00001 0.00001 0.467003 0.532967 0.00001
0.00001 0.00001 0.463104 0.536866 0.00001
0.00001 0.00001 0.704538 0.295432 0.00001
0.00001 0.00001 0.661194 0.338776 0.00001
0.00001 0.00001 0.426493 0.573477 0.00001
0.00001 0.00001 0.496163 0.503807 0.00001
0.00001 0.00001 0.632126 0.367844 0.00001
0.00001 0.00001 0.758637 0.241333 0.00001
0.00001 0.00001 0.290725 0.709245 0.00001
0.00001 0.00001 0.420856 0.579114 0.00001
0.00001 0.00001 0.636253 0.363717 0.00001
0.00001 0.00001 0.641109 0.358861 0.00001
0.00001 0.00001 0.30914 0.69083 0.00001
0.00001 0.00001 0.565354 0.434616 0.00001
0.00001 0.00001 0.546288 0.453682 0.00001
0.00001 0.00001 0.633971 0.365999 0.00001
0.00001 0.00001 0.640515 0.359455 0.00001
0.00001 0.00001 0.637728 0.362242 0.00001
0.00001 0.00001 0.476497 0.523473 0.00001
0.00001 0.00001 0.299108 0.700862 0.00001
0.00001 0.00001 0.688512 0.311458 0.00001
0.00001 0.00001 0.710714 0.289256 0.00001
0.00001 0.00001 0.707149 0.292821 0.00001
0.00001 0.00001 0.384462 0.615508 0.00001
0.00001 0.00001 0.580637 0.419333 0.00001
0.00001 0.00001 0.485695 0.514275 0.00001
0.00001 0.00001 0.516412 0.483558 0.00001
0.00001 0.00001 0.99996 0.00001 0.00001
0.00001 0.00001 0.962366 0.037604 0.00001
0.00001 0.00001 0.99996 0.00001 0.00001
0.00001 0.00001 0.99996 0.00001 0.00001
0.00001 0.00001 0.99996 0.00001 0.00001
0.00001 0.00001 0.99996 0.00001 0.00001
0.00001 0.00001 0.981053 0.018917 0.00001
0.00001 0.00001 0.940652 0.059318 0.00001
0.00001 0.00001 0.99996 0.00001 0.00001
0.00001 0.00001 0.99996 0.00001 0.00001
0.00001 0.00001 0.99996 0.00001 0.00001
0.00001 0.00001 0.99996 0.00001 0.00001
0.00001 0.00001 0.99996 0.00001 0.00001
0.00001 0.00001 0.99996 0.00001 0.00001
0.00001 0.00001 0.99996 0.00001 0.00001
0.00001 0.00001 0.99996 0.00001 0.00001
0.00001 0.00001 0.939483 0.060487 0.00001
0.00001 0.00001 0.947173 0.052797 0.00001
0.00001 0.00001 0.99996 0.00001 0.00001
0.00001 0.00001 0.99996 0.00001 0.00001
0.00001 0.00001 0.99996 0.00001 0.00001
0.00001 0.00001 0.99996 0.00001 0.00001
0.00001 0.00001 0.888359 0.111611 0.00001
0.00001 0.00001 0.99996 0.00001 0.00001
0.00001 0.00001 0.99996 0.00001 0.00001
0.00001 0.00001 0.796041 0.203929 0.00001
0.00001 0.00001 0.709359 0.290611 0.00001
0.00001 0.00001 0.839411 0.160559 0.00001
0.00001 0.00001 0.93267 0.0673 0.00001
0.00001 0.00001 0.761938 0.238032 0.00001
0.00001 0.00001 0.727215 0.272755 0.00001
0.00001 0.00001 0.846239 0.153731 0.00001
0.00001 0.00001 0.735549 0.264421 0.00001
0.00001 0.00001 0.938335 0.061635 0.00001
0.00001 0.00001 0.815341 0.184629 0.00001
0.00001 0.00001 0.814284 0.185686 0.00001
0.00001 0.00001 0.828454 0.171516 0.00001
0.00001 0.00001 0.911108 0.088862 0.00001
0.00001 0.00001 0.8289 0.17107 0.00001
0.00001 0.00001 0.796034 0.203936 0.00001
0.00001 0.00001 0.765201 0.234769 0.00001
0.00001 0.00001 0.830455 0.169515 0.00001
0.00001 0.00001 0.786318 0.213652 0.00001
0.00001 0.00001 0.844371 0.155599 0.00001
0.00001 0.00001 0.733208 0.266762 0.00001
0.00001 0.00001 0.82021 0.17976 0.00001
0.00001 0.00001 0.827409 0.172561 0.00001
0.00001 0.00001 0.796491 0.203479 0.00001
0.00001 0.00001 0.936524 0.063446 0.00001
0.00001 0.00001 0.816895 0.183075 0.00001
0.00001 0.00001 0.789819 0.210151 0.00001
0.00001 0.00001 0.773139 0.226831 0.00001
0.00001 0.00001 0.853727 0.146243 0.00001
0.00001 0.00001 0.897371 0.102599 0.00001
0.00001 0.00001 0.927837 0.072133 0.00001
0.00001 0.00001 0.810663 0.189307 0.00001
0.00001 0.00001 0.819018 0.180952 0.00001
0.00001 0.00001 0.841456 0.158514 0.00001
0.00001 0.00001 0.956989 0.042981 0.00001
0.00001 0.00001 0.82145 0.17852 0.00001
0.00001 0.00001 0.99996 0.00001 0.00001
0.00001 0.00001 0.892543 0.107427 0.00001
0.00001 0.00001 0.99996 0.00001 0.00001
0.00001 0.00001 0.980945 0.019025 0.00001
0.00001 0.00001 0.88373 0.11624 0.00001
0.00001 0.00001 0.944661 0.055309 0.00001
0.00001 0.00001 0.829277 0.170693 0.00001
0.00001 0.00001 0.797438 0.202532 0.00001
0.00001 0.00001 0.948027 0.051943 0.00001
0.00001 0.00001 0.900644 0.099326 0.00001
0.00001 0.00001 0.857038 0.142932 0.00001
0.00001 0.00001 0.953662 0.046308 0.00001
0.00001 0.00001 0.861989 0.137981 0.00001
0.00001 0.00001 0.824431 0.175539 0.00001
0.00001 0.00001 0.867201 0.132769 0.00001
0.00001 0.00001 0.892607 0.107363 0.00001
0.00001 0.00001 0.866657 0.133313 0.00001
0.00001 0.00001 0.937084 0.062886 0.00001
0.00001 0.00001 0.865095 0.134875 0.00001
0.00001 0.00001 0.772835 0.227135 0.00001
0.00001 0.00001 0.99996 0.00001 0.00001
0.00001 0.00001 0.761105 0.238865 0.00001
0.00001 0.00001 0.916256 0.083714 0.00001
0.00001 0.00001 0.869953 0.130017 0.00001
0.00001 0.00001 0.815796 0.184174 0.00001
0.00001 0.00001 0.871699 0.128271 0.00001
0.00001 0.00001 0.824923 0.175047 0.00001
0.00001 0.00001 0.785982 0.213988 0.00001
0.00001 0.00001 0.799672 0.200298 0.00001
