0.00001 0.00001 0.00001 0.99996 0.00001
0.00001 0.00001 0.00001 0.99996 0.00001
0.00001 0.00001 0.00001 0.99996 0.00001
0.00001 0.00001 0.00001 0.99996 0.00001
0.00001 0.00001 0.00001 0.99996 0.00001
0.00001 0.00001 0.00001 0.99996 0.00001
0.322735 0.00001 0.00001 0.677235 0.00001
0.00001 0.00001 0.00001 0.99996 0.00001
0.00001 0.00001 0.00001 0.99996 0.00001
0.00001 0.00001 0.00001 0.99996 0.00001
0.00001 0.00001 0.00001 0.99996 0.00001
0.00001 0.00001 0.00001 0.99996 0.00001
0.27784 0.00001 0.00001 0.72213 0.00001
0.475453 0.027402 0.00001 0.497125 0.00001
0.00001 0.00001 0.00001 0.99996 0.00001
0.00001 0.00001 0.00001 0.99996 0.00001
0.00001 0.00001 0.00001 0.99996 0.00001
0.00001 0.00001 0.00001 0.99996 0.00001
0.00001 0.00001 0.00001 0.99996 0.00001
0.442705 0.00001 0.00001 0.557265 0.00001
0.00001 0.00001 0.00001 0.99996 0.00001
0.494017 0.00001 0.00001 0.505953 0.00001
0.99996 0.00001 0.00001 0.00001 0.00001
0.975699 0.024271 0.00001 0.00001 0.00001
0.725953 0.00001 0.00001 0.274017 0.00001
0.81404 0.00001 0.00001 0.18593 0.00001
0.755123 0.026504 0.00001 0.218353 0.00001
0.748541 0.00001 0.00001 0.251429 0.00001
0.749753 0.000195 0.00001 0.250032 0.00001
0.620462 0.00001 0.00001 0.379508 0.00001
0.720288 0.00001 0.00001 0.279682 0.00001
0.721761 0.00001 0.001633 0.276586 0.00001
0.634686 0.023034 0.00001 0.34226 0.00001
0.771281 0.00001 0.00001 0.228689 0.00001
0.910259 0.00001 0.00001 0.089711 0.00001
0.99996 0.00001 0.00001 0.00001 0.00001
0.794576 0.00001 0.00001 0.205394 0.00001
0.739888 0.00001 0.00001 0.260082 0.00001
0.688 0.00001 0.00001 0.31197 0.00001
0.889111 0.00001 0.000669 0.1102 0.00001
0.878788 0.00001 0.00001 0.121182 0.00001
0.99996 0.00001 0.00001 0.00001 0.00001
0.784932 0.017692 0.00001 0.197356 0.00001
0.699252 0.049458 0.00001 0.25127 0.00001
0.686677 0.00001 0.00001 0.313293 0.00001
0.794368 0.00001 0.00001 0.205602 0.00001
0.887614 0.00001 0.00001 0.112356 0.00001
0.714839 0.00001 0.00001 0.285131 0.00001
0.812849 0.00001 0.00001 0.187121 0.00001
0.643784 0.015862 0.00001 0.340334 0.00001
0.671818 0.00001 0.00001 0.328152 0.00001
0.762174 0.00594 0.00001 0.231866 0.00001
0.99996 0.00001 0.00001 0.00001 0.00001
0.864446 0.00001 0.00001 0.135524 0.00001
0.990413 0.009557 0.00001 0.00001 0.00001
0.801267 0.00001 0.00001 0.198703 0.00001
0.609243 0.017647 0.00001 0.37309 0.00001
0.893162 0.000218 0.00001 0.1066 0.00001
0.749329 0.00001 0.00001 0.250641 0.00001
0.710205 0.02449 0.00001 0.265285 0.00001
0.99996 0.00001 0.00001 0.00001 0.00001
0.762979 0.00001 0.00001 0.236991 0.00001
0.774429 0.00001 0.00001 0.225541 0.00001
0.694637 0.00001 0.011521 0.293822 0.00001
0.526183 0.00001 0.00001 0.473787 0.00001
0.743167 0.00001 0.00001 0.256803 0.00001
0.835738 0.00001 0.00001 0.164232 0.00001
0.719162 0.00001 0.00001 0.280808 0.00001
0.744194 0.00001 0.00001 0.251632 0.004154
0.77741 0.00001 0.00001 0.22256 0.00001
0.688736 0.00001 0.00001 0.311234 0.00001
0.709196 0.00001 0.006573 0.284211 0.00001
0.809683 0.00001 0.00001 0.190287 0.00001
0.750059 0.00001 0.000012 0.249909 0.00001
0.678704 0.00001 0.00001 0.321266 0.00001
0.704769 0.004356 0.00001 0.290856 0.00001
0.76749 0.00001 0.00001 0.23248 0.00001
0.659061 0.00001 0.00001 0.340909 0.00001
0.708215 0.008522 0.00001 0.283243 0.00001
0.765265 0.00001 0.00001 0.234705 0.00001
0.589075 0.027766 0.048546 0.334603 0.00001
0.789948 0.00001 0.00001 0.210022 0.00001
0.986735 0.00001 0.00001 0.013235 0.00001
0.618338 0.00001 0.00001 0.381632 0.00001
0.807097 0.00001 0.00001 0.192873 0.00001
0.726716 0.00001 0.00457 0.268694 0.00001
0.855252 0.00001 0.00001 0.144718 0.00001
0.836071 0.00001 0.00001 0.163899 0.00001
0.722047 0.00001 0.00001 0.274428 0.003505
0.631424 0.00001 0.00001 0.368546 0.00001
0.783567 0.00001 0.00001 0.216403 0.00001
0.775099 0.013124 0.00001 0.211757 0.00001
0.592062 0.00001 0.004028 0.40389 0.00001
0.99996 0.00001 0.00001 0.00001 0.00001
0.620656 0.00001 0.00001 0.379314 0.00001
0.99996 0.00001 0.00001 0.00001 0.00001
0.834813 0.00001 0.00001 0.164037 0.00113
0.850813 0.00001 0.00001 0.149157 0.00001
0.660525 0.00001 0.00001 0.339445 0.00001
0.99996 0.00001 0.00001 0.00001 0.00001
0.717784 0.00001 0.00001 0.282186 0.00001
0.681252 0.00001 0.00001 0.318718 0.00001
0.85429 0.00001 0.00001 0.14568 0.00001
0.7259 0.00001 0.00001 0.27407 0.00001
0.81321 0.003028 0.00001 0.183743 0.00001
0.8988 0.00001 0.00001 0.10117 0.00001
0.823459 0.000018 0.00001 0.176503 0.00001
0.699945 0.00001 0.00001 0.300025 0.00001
0.708794 0.000742 0.00001 0.290444 0.00001
0.99996 0.00001 0.00001 0.00001 0.00001
0.99996 0.00001 0.00001 0.00001 0.00001
0.810635 0.00001 0.00001 0.189335 0.00001
0.676617 0.00001 0.00001 0.323353 0.00001
0.768894 0.00001 0.00001 0.231076 0.00001
0.746265 0.00001 0.00001 0.253705 0.00001
0.929579 0.00001 0.00001 0.070391 0.00001
0.780345 0.00001 0.00001 0.219625 0.00001
0.778745 0.00001 0.00001 0.221225 0.00001
0.62241 0.00001 0.00001 0.37756 0.00001
0.651826 0.004669 0.00001 0.343485 0.00001
0.666519 0.00001 0.00001 0.333451 0.00001
0.876109 0.00001 0.00001 0.123861 0.00001
0.782232 0.00001 0.00001 0.217738 0.00001
0.789541 0.00001 0.00001 0.210429 0.00001
0.735396 0.00001 0.00001 0.264574 0.00001
0.951733 0.00001 0.00001 0.041482 0.006765
0.99996 0.00001 0.00001 0.00001 0.00001
0.857845 0.00001 0.00001 0.142125 0.00001
0.999434 0.000536 0.00001 0.00001 0.00001
0.785199 0.00001 0.00001 0.214771 0.00001
0.758018 0.004195 0.023965 0.213811 0.00001
0.354289 0.325909 0.065741 0.155168 0.098893
0.361385 0.341926 0.130608 0.166071 0.00001
0.560114 0.173138 0.00001 0.052245 0.214492
0.625705 0.150733 0.091221 0.13233 0.00001
0.713988 0.167448 0.064678 0.053876 0.00001
0.6112 0.152321 0.04825 0.146961 0.041268
0.160635 0.447905 0.209558 0.038944 0.142958
0.342659 0.326915 0.00001 0.124514 0.205902
0.193755 0.306624 0.00001 0.157587 0.342024
0.547452 0.065305 0.00001 0.173816 0.213418
0.630427 0.147797 0.00001 0.169997 0.051769
0.099881 0.504119 0.274012 0.00001 0.121978
0.183226 0.511331 0.019071 0.120206 0.166166
0.119976 0.368054 0.088896 0.100634 0.32244
0.137664 0.560272 0.117511 0.062845 0.121707
0.646337 0.131579 0.066639 0.098351 0.057095
0.567119 0.157859 0.068636 0.206376 0.00001
0.551591 0.190038 0.027994 0.095571 0.134807
0.516807 0.222329 0.00001 0.209349 0.051505
0.584991 0.184315 0.00001 0.194237 0.036448
0.620461 0.159957 0.034518 0.185055 0.00001
0.572584 0.09497 0.017874 0.314563 0.00001
0.636643 0.141049 0.00001 0.00001 0.222287
0.60262 0.215486 0.070942 0.097371 0.013582
0.610416 0.285821 0.00001 0.032181 0.071573
0.480392 0.018316 0.091358 0.252474 0.157459
0.660934 0.099682 0.066731 0.168788 0.003865
0.521823 0.168048 0.032414 0.24341 0.034305
0.622817 0.156846 0.00001 0.192033 0.028294
0.59007 0.080243 0.00001 0.207888 0.121789
0.513111 0.208772 0.068401 0.167918 0.041798
0.655386 0.080702 0.052299 0.173647 0.037966
0.644659 0.00001 0.00001 0.161815 0.193506
0.591197 0.069471 0.150218 0.189104 0.00001
0.555789 0.131919 0.070603 0.231225 0.010465
0.566881 0.148739 0.00001 0.177371 0.106999
0.525941 0.191057 0.013756 0.269236 0.00001
0.695405 0.075867 0.00001 0.10624 0.122478
0.588501 0.219905 0.00001 0.191573 0.00001
0.68113 0.120697 0.048165 0.112998 0.03701
0.484366 0.416606 0.00001 0.058562 0.040456
0.598118 0.181428 0.086952 0.133492 0.00001
0.6097 0.09401 0.080274 0.216006 0.00001
0.65546 0.00001 0.083702 0.260817 0.00001
0.00001 0.719745 0.090428 0.00001 0.189807
0.00187 0.685515 0.158288 0.00001 0.154317
0.00001 0.752431 0.126063 0.00001 0.121486
0.00001 0.816289 0.075643 0.00001 0.108048
0.00001 0.751936 0.248034 0.00001 0.00001
0.00001 0.74849 0.25148 0.00001 0.00001
0.00001 0.745042 0.113226 0.00001 0.141712
0.00001 0.683792 0.077053 0.00001 0.239136
0.00001 0.716568 0.283402 0.00001 0.00001
0.00001 0.565708 0.00001 0.00001 0.434262
0.00001 0.893318 0.00001 0.00001 0.106652
0.00001 0.816789 0.183181 0.00001 0.00001
0.00001 0.719639 0.116927 0.00001 0.163414
0.00001 0.706084 0.00001 0.00001 0.293886
0.00001 0.826237 0.035792 0.00001 0.137951
0.00001 0.812942 0.187028 0.00001 0.00001
0.00001 0.749463 0.194745 0.00001 0.055772
0.00001 0.71832 0.055543 0.00001 0.226117
0.00001 0.609915 0.00001 0.022854 0.367212
0.00001 0.68693 0.172673 0.00001 0.140377
0.00001 0.791307 0.182491 0.00001 0.026182
0.00001 0.718075 0.00001 0.00001 0.281895
0.00001 0.64183 0.13688 0.00001 0.22127
0.00001 0.585995 0.008277 0.00001 0.405708
0.00001 0.766095 0.233875 0.00001 0.00001
0.00001 0.751183 0.186461 0.00001 0.062336
0.00001 0.707464 0.166232 0.00001 0.126284
0.00001 0.628939 0.150855 0.00001 0.220186
0.00001 0.772147 0.227823 0.00001 0.00001
0.00001 0.636854 0.00001 0.00001 0.363116
0.00001 0.781097 0.218873 0.00001 0.00001
0.007347 0.649644 0.00001 0.00001 0.342989
0.00001 0.710236 0.00001 0.00001 0.289734
0.00001 0.703138 0.243565 0.00001 0.053277
0.00001 0.806781 0.193189 0.00001 0.00001
0.00001 0.673619 0.136569 0.00001 0.189791
0.00001 0.771693 0.00001 0.00001 0.228277
0.00001 0.778097 0.00085 0.00001 0.221033
0.00001 0.82041 0.17956 0.00001 0.00001
0.00001 0.766732 0.167433 0.00001 0.065815
0.00001 0.594211 0.000012 0.00001 0.405757
0.00001 0.591063 0.00001 0.00001 0.408907
0.037443 0.862071 0.100466 0.00001 0.00001
0.029276 0.807636 0.071298 0.00001 0.09178
0.00001 0.627306 0.323025 0.00001 0.049649
0.00001 0.748298 0.095519 0.00001 0.156163
0.010798 0.637921 0.163572 0.00001 0.187699
0.00001 0.766571 0.001888 0.026945 0.204585
0.00001 0.604516 0.034386 0.00001 0.361079
0.00001 0.594938 0.15844 0.00001 0.246601
0.00001 0.709024 0.105374 0.00001 0.185582
0.00001 0.73182 0.26815 0.00001 0.00001
0.00001 0.749998 0.00001 0.00001 0.249972
0.00001 0.733457 0.00001 0.00001 0.266513
0.00001 0.674973 0.00001 0.00001 0.324997
0.00001 0.686365 0.00001 0.00001 0.313605
0.00001 0.733387 0.007204 0.00001 0.259389
0.00001 0.647147 0.00001 0.00001 0.352823
0.003276 0.6688 0.00001 0.00001 0.327904
0.00001 0.614779 0.16349 0.00001 0.221711
0.022249 0.781078 0.100916 0.00001 0.095747
0.024172 0.764899 0.00001 0.00001 0.210909
0.00001 0.73174 0.028799 0.009103 0.230347
0.00001 0.860553 0.103722 0.00001 0.035705
0.00001 0.860634 0.139336 0.00001 0.00001
0.00001 0.934427 0.00001 0.00001 0.065543
0.00001 0.633612 0.176651 0.00001 0.189717
0.00001 0.689911 0.00001 0.004461 0.305608
0.00001 0.728787 0.172711 0.00001 0.098481
0.00001 0.729376 0.251794 0.00001 0.01881
0.00001 0.71654 0.24084 0.00001 0.0426
0.00001 0.825168 0.091602 0.00001 0.08321
0.00001 0.738992 0.066553 0.00001 0.194435
0.00001 0.728992 0.137807 0.00001 0.133181
0.00001 0.787213 0.05299 0.00001 0.159777
0.001512 0.745831 0.081079 0.00001 0.171568
0.00001 0.722918 0.00001 0.00001 0.277052
0.00001 0.756609 0.243361 0.00001 0.00001
0.00001 0.685557 0.043067 0.00001 0.271355
0.00001 0.826339 0.173631 0.00001 0.00001
0.00001 0.808435 0.00001 0.00001 0.191535
0.00001 0.796174 0.085488 0.00001 0.118318
0.00001 0.75641 0.243028 0.00001 0.000542
0.00001 0.632308 0.114565 0.00001 0.253107
0.00001 0.687266 0.090937 0.00001 0.221777
0.00001 0.74676 0.25321 0.00001 0.00001
0.00001 0.739363 0.164469 0.00001 0.096147
0.00001 0.666826 0.145065 0.00001 0.188088
0.00001 0.64144 0.00001 0.00001 0.35853
0.00001 0.822221 0.177749 0.00001 0.00001
0.00001 0.705789 0.188799 0.00001 0.105392
0.00001 0.669743 0.119591 0.00001 0.210646
0.00001 0.541561 0.108842 0.00001 0.349578
0.00001 0.53616 0.158452 0.00001 0.305368
0.00001 0.630815 0.324727 0.00001 0.044438
0.00001 0.614709 0.193942 0.00001 0.191329
0.00001 0.692589 0.013518 0.00001 0.293872
0.00001 0.651403 0.12054 0.00001 0.228037
0.00001 0.546876 0.194616 0.00001 0.258488
0.00001 0.529721 0.109804 0.00001 0.360455
0.00001 0.607777 0.346616 0.00001 0.045587
0.00001 0.890095 0.109875 0.00001 0.00001
0.00001 0.857081 0.142889 0.00001 0.00001
0.00001 0.747447 0.252523 0.00001 0.00001
0.00001 0.671152 0.19401 0.00001 0.134818
0.00001 0.819479 0.180491 0.00001 0.00001
0.00001 0.733486 0.119548 0.007051 0.139905
0.00001 0.169473 0.290067 0.00001 0.540441
0.00001 0.38057 0.178179 0.00001 0.441231
0.00001 0.403961 0.251645 0.00001 0.344374
0.00001 0.002837 0.00001 0.00001 0.997133
0.00001 0.270569 0.450273 0.00001 0.279138
0.00001 0.393791 0.086912 0.00001 0.519277
0.000017 0.328643 0.100273 0.00001 0.571058
0.000017 0.304874 0.490974 0.00001 0.204126
0.00001 0.00001 0.00001 0.00001 0.99996
0.00001 0.55824 0.217794 0.00001 0.223946
0.00001 0.382146 0.00001 0.00001 0.617824
0.00001 0.191481 0.148096 0.00001 0.660403
0.00001 0.173658 0.178498 0.00001 0.647824
0.00001 0.530005 0.138072 0.00001 0.331903
0.00001 0.318351 0.300768 0.00001 0.380861
0.00001 0.302073 0.178861 0.00001 0.519046
0.00001 0.259395 0.297892 0.00001 0.442693
0.00001 0.20895 0.199137 0.00001 0.591893
0.00001 0.236673 0.292152 0.00001 0.471155
0.00001 0.408104 0.267259 0.00001 0.324617
0.00001 0.519604 0.061815 0.00001 0.418561
0.00001 0.192357 0.321374 0.00001 0.486249
0.00001 0.130659 0.178576 0.00001 0.690745
0.00001 0.132726 0.168297 0.00001 0.698957
0.00001 0.432705 0.115041 0.00001 0.452235
0.00001 0.277111 0.148782 0.00001 0.574087
0.00001 0.365264 0.158449 0.00001 0.476267
0.00001 0.355637 0.239106 0.00001 0.405238
0.00001 0.00001 0.53622 0.00001 0.46375
0.00001 0.00001 0.500774 0.00001 0.499196
0.00001 0.00001 0.648446 0.00001 0.351524
0.00001 0.000014 0.999956 0.00001 0.00001
0.00001 0.00001 0.99996 0.00001 0.00001
0.00001 0.00001 0.99996 0.00001 0.00001
0.00001 0.00001 0.456036 0.00001 0.543934
0.00001 0.00001 0.394959 0.00001 0.605011
0.00001 0.00001 0.99996 0.00001 0.00001
0.00001 0.00001 0.99996 0.00001 0.00001
0.00001 0.00001 0.654706 0.00001 0.345264
0.00001 0.00001 0.99996 0.00001 0.00001
0.00001 0.00001 0.565446 0.00001 0.434524
0.00001 0.00001 0.99996 0.00001 0.00001
0.00001 0.00001 0.99996 0.00001 0.00001
0.00001 0.00001 0.467163 0.00001 0.532807
0.00001 0.04923 0.619419 0.00001 0.331331
0.00001 0.04446 0.542492 0.00001 0.413028
0.00001 0.00001 0.99996 0.00001 0.00001
0.00001 0.00001 0.99996 0.00001 0.00001
0.00001 0.00001 0.99996 0.00001 0.00001
0.00001 0.00001 0.99996 0.00001 0.00001
0.00001 0.030227 0.459071 0.00001 0.510681
0.00001 0.00001 0.99996 0.00001 0.00001
0.00001 0.00001 0.658351 0.00001 0.341619
0.00001 0.070105 0.285536 0.00001 0.644339
0.00001 0.180142 0.351139 0.00001 0.468698
0.00001 0.00001 0.00001 0.00001 0.99996
0.00001 0.00001 0.351029 0.00001 0.648941
0.00001 0.185504 0.4932 0.00001 0.321276
0.00001 0.136841 0.229877 0.00001 0.633263
0.00001 0.027766 0.356346 0.00001 0.615867
0.00001 0.131366 0.260118 0.00001 0.608496
0.00001 0.00001 0.499693 0.00001 0.500277
0.00001 0.145175 0.527603 0.00001 0.327203
0.00001 0.014568 0.253978 0.00001 0.731433
0.00001 0.070611 0.319255 0.00001 0.610114
0.00001 0.004025 0.476022 0.00001 0.519933
0.00001 0.080122 0.355304 0.00001 0.564554
0.00001 0.075592 0.3392 0.00001 0.585188
0.000017 0.097016 0.317413 0.00001 0.585544
0.00001 0.00001 0.00001 0.00001 0.99996
0.00001 0.00001 0.00001 0.00001 0.99996
0.00001 0.00001 0.251544 0.00001 0.748426
0.000018 0.104993 0.2076 0.00001 0.687379
0.00001 0.126294 0.464635 0.00001 0.409051
0.00001 0.00001 0.00001 0.00001 0.99996
0.00001 0.020947 0.225155 0.00001 0.753878
0.00001 0.00001 0.365117 0.00001 0.634853
0.00001 0.080141 0.361627 0.00001 0.558212
0.00001 0.083045 0.286262 0.00001 0.630673
0.00001 0.00001 0.00001 0.00001 0.99996
0.00001 0.052171 0.429731 0.00001 0.518079
0.00001 0.00001 0.120478 0.00001 0.879492
0.00001 0.00001 0.306516 0.00001 0.693454
0.00001 0.068065 0.282252 0.00001 0.649664
0.00001 0.00001 0.00001 0.00001 0.99996
0.00001 0.00001 0.00001 0.00001 0.99996
0.00001 0.00001 0.240242 0.00001 0.759728
0.00001 0.00001 0.16984 0.00001 0.83013
0.00001 0.00001 0.99996 0.00001 0.00001
0.00001 0.012257 0.369671 0.00001 0.618052
0.00001 0.00001 0.99996 0.00001 0.00001
0.00001 0.00001 0.293153 0.00001 0.706817
0.00001 0.00001 0.34051 0.00001 0.65946
0.00001 0.00001 0.513332 0.00001 0.486638
0.00001 0.00001 0.00001 0.00001 0.99996
0.00001 0.00001 0.00001 0.00001 0.99996
0.00001 0.00001 0.296668 0.00001 0.703302
0.00001 0.00001 0.342073 0.00001 0.657897
0.00001 0.00001 0.00001 0.00001 0.99996
0.00001 0.00001 0.00001 0.00001 0.99996
0.00001 0.00001 0.00001 0.00001 0.99996
0.00001 0.00001 0.00001 0.00001 0.99996
0.00001 0.019198 0.308238 0.00001 0.672544
0.00001 0.009559 0.367604 0.00001 0.622817
0.00001 0.032291 0.351492 0.00001 0.616197
0.00001 0.00001 0.309174 0.00001 0.690796
0.00001 0.011176 0.318304 0.00001 0.6705
0.00001 0.118659 0.322991 0.00001 0.558331
0.00001 0.00001 0.354939 0.00001 0.645031
0.00001 0.121025 0.278348 0.00001 0.600607
0.00001 0.00001 0.197592 0.00001 0.802378
0.00001 0.064357 0.45746 0.00001 0.478162
0.00001 0.068662 0.338261 0.00001 0.593057
0.00001 0.03718 0.408912 0.00001 0.553888
0.00001 0.047702 0.254894 0.00001 0.697384
0.00001 0.130678 0.428856 0.00001 0.440446
0.00001 0.033422 0.228057 0.00001 0.738502
