0.00001 0.99996 0.00001 0.00001 0.00001
0.00001 0.99996 0.00001 0.00001 0.00001
0.00001 0.99996 0.00001 0.00001 0.00001
0.00001 0.99996 0.00001 0.00001 0.00001
0.00001 0.99996 0.00001 0.00001 0.00001
0.00001 0.99996 0.00001 0.00001 0.00001
0.00001 0.689202 0.310768 0.00001 0.00001
0.00001 0.99996 0.00001 0.00001 0.00001
0.00001 0.99996 0.00001 0.00001 0.00001
0.00001 0.99996 0.00001 0.00001 0.00001
0.00001 0.99996 0.00001 0.00001 0.00001
0.00001 0.99996 0.00001 0.00001 0.00001
0.00001 0.99996 0.00001 0.00001 0.00001
0.00001 0.511271 0.461123 0.00001 0.027586
0.00001 0.99996 0.00001 0.00001 0.00001
0.00001 0.99996 0.00001 0.00001 0.00001
0.00001 0.99996 0.00001 0.00001 0.00001
0.00001 0.99996 0.00001 0.00001 0.00001
0.00001 0.99996 0.00001 0.00001 0.00001
0.00001 0.567546 0.432424 0.00001 0.00001
0.00001 0.99996 0.00001 0.00001 0.00001
0.00001 0.520673 0.479297 0.00001 0.00001
0.00001 0.00001 0.99996 0.00001 0.00001
0.00001 0.00001 0.97579 0.00001 0.02418
0.00001 0.295677 0.704293 0.00001 0.00001
0.00001 0.213772 0.786198 0.00001 0.00001
0.025959 0.228077 0.745944 0.00001 0.00001
0.00001 0.257256 0.742714 0.00001 0.00001
0.00001 0.265153 0.734328 0.00001 0.000499
0.00001 0.385779 0.614191 0.00001 0.00001
0.00001 0.296429 0.703541 0.00001 0.00001
0.002114 0.297937 0.699929 0.00001 0.00001
0.00001 0.351328 0.625555 0.00001 0.023097
0.00001 0.236841 0.763129 0.00001 0.00001
0.00001 0.100519 0.899451 0.00001 0.00001
0.00001 0.00001 0.99996 0.00001 0.00001
0.00001 0.2061 0.79387 0.00001 0.00001
0.00001 0.269374 0.730596 0.00001 0.00001
0.00001 0.346506 0.653464 0.00001 0.00001
0.000012 0.12514 0.874828 0.00001 0.00001
0.00001 0.137714 0.862256 0.00001 0.00001
0.00001 0.00001 0.99996 0.00001 0.00001
0.00001 0.20859 0.773478 0.00001 0.017911
0.00001 0.25587 0.694515 0.00001 0.049595
0.00001 0.327268 0.6724 0.000311 0.00001
0.00001 0.224438 0.775532 0.00001 0.00001
0.00001 0.121392 0.878578 0.00001 0.00001
0.000014 0.302869 0.697098 0.00001 0.00001
0.00001 0.203356 0.796614 0.00001 0.00001
0.00001 0.363676 0.620218 0.00001 0.016086
0.00001 0.340774 0.659196 0.00001 0.00001
0.00001 0.246889 0.746702 0.00001 0.006389
0.00001 0.00001 0.99996 0.00001 0.00001
0.000011 0.142424 0.857545 0.00001 0.00001
0.00001 0.00001 0.990755 0.00001 0.009215
0.00001 0.197249 0.802721 0.00001 0.00001
0.00001 0.385056 0.597119 0.00001 0.017805
0.00001 0.096918 0.902864 0.00001 0.000198
0.00001 0.267062 0.732908 0.00001 0.00001
0.018279 0.283178 0.692591 0.00001 0.005941
0.00001 0.00001 0.99996 0.00001 0.00001
0.00001 0.247953 0.752017 0.00001 0.00001
0.00001 0.239627 0.760343 0.00001 0.00001
0.012627 0.303729 0.683624 0.00001 0.00001
0.00001 0.488801 0.511169 0.00001 0.00001
0.00001 0.263119 0.736851 0.00001 0.00001
0.00001 0.174553 0.825417 0.00001 0.00001
0.00001 0.280978 0.718992 0.00001 0.00001
0.004317 0.260157 0.735507 0.00001 0.00001
0.00001 0.223391 0.776579 0.00001 0.00001
0.00001 0.313195 0.686775 0.00001 0.00001
0.00001 0.289996 0.703474 0.00001 0.00651
0.00001 0.204108 0.795862 0.00001 0.00001
0.00001 0.260295 0.739675 0.00001 0.00001
0.00001 0.337478 0.662492 0.00001 0.00001
0.00001 0.298637 0.696866 0.00001 0.004477
0.00001 0.241809 0.758161 0.00001 0.00001
0.00001 0.363105 0.636865 0.00001 0.00001
0.00001 0.29398 0.697388 0.00001 0.008612
0.00001 0.24895 0.75102 0.00001 0.00001
0.028522 0.339816 0.583295 0.00001 0.048356
0.00001 0.214667 0.785303 0.00001 0.00001
0.00001 0.00001 0.99996 0.00001 0.00001
0.00001 0.386459 0.613511 0.00001 0.00001
0.00001 0.201482 0.798488 0.00001 0.00001
0.004701 0.280418 0.714862 0.00001 0.00001
0.00001 0.164469 0.835501 0.00001 0.00001
0.000011 0.16716 0.832809 0.00001 0.00001
0.00001 0.287665 0.709047 0.00001 0.003268
0.000015 0.386689 0.613277 0.00001 0.00001
0.00001 0.224372 0.775598 0.00001 0.00001
0.00001 0.219507 0.767527 0.00001 0.012946
0.003373 0.418834 0.577773 0.00001 0.00001
0.00001 0.00001 0.99996 0.00001 0.00001
0.00001 0.390337 0.609633 0.00001 0.00001
0.00001 0.00001 0.99996 0.00001 0.00001
0.00167 0.169024 0.829286 0.00001 0.00001
0.00001 0.150295 0.849675 0.00001 0.00001
0.00001 0.350254 0.649716 0.00001 0.00001
0.00001 0.00001 0.99996 0.00001 0.00001
0.00001 0.285832 0.714138 0.00001 0.00001
0.00001 0.32096 0.67901 0.00001 0.00001
0.00001 0.160693 0.839277 0.00001 0.00001
0.00001 0.281467 0.718503 0.00001 0.00001
0.00001 0.198783 0.79787 0.00001 0.003327
0.00001 0.101501 0.898469 0.00001 0.00001
0.00001 0.185457 0.814513 0.00001 0.00001
0.00001 0.315779 0.684191 0.00001 0.00001
0.00001 0.299518 0.699381 0.00001 0.001081
0.00001 0.00001 0.99996 0.00001 0.00001
0.00001 0.00001 0.99996 0.00001 0.00001
0.00001 0.194263 0.805707 0.00001 0.00001
0.00001 0.328406 0.671564 0.00001 0.00001
0.00001 0.247939 0.752031 0.00001 0.00001
0.00001 0.268131 0.731839 0.00001 0.00001
0.00001 0.096726 0.903244 0.00001 0.00001
0.00001 0.237757 0.762213 0.00001 0.00001
0.00001 0.236683 0.763287 0.00001 0.00001
0.00001 0.392371 0.607599 0.00001 0.00001
0.00001 0.354076 0.641095 0.00001 0.00481
0.00001 0.3386 0.66137 0.00001 0.00001
0.00001 0.141301 0.858669 0.00001 0.00001
0.00001 0.216692 0.783278 0.00001 0.00001
0.00001 0.218452 0.781518 0.00001 0.00001
0.00001 0.270162 0.729808 0.00001 0.00001
0.00001 0.024613 0.969172 0.006194 0.00001
0.00001 0.00001 0.99996 0.00001 0.00001
0.00001 0.134358 0.865612 0.00001 0.00001
0.00001 0.00001 0.999212 0.00001 0.000758
0.00001 0.220949 0.779017 0.000014 0.00001
0.013937 0.223238 0.74841 0.00001 0.014406
0.049359 0.163162 0.346542 0.117257 0.32368
0.158962 0.177677 0.350118 0.00001 0.313232
0.123129 0.067235 0.54421 0.0563 0.209127
0.030044 0.138472 0.620145 0.088361 0.122977
0.062489 0.061056 0.707458 0.010206 0.158792
0.071299 0.159993 0.597528 0.00001 0.17117
0.191575 0.038501 0.161591 0.18153 0.426802
0.055423 0.137113 0.329878 0.132439 0.345146
0.142175 0.155203 0.194868 0.131289 0.376465
0.060933 0.174149 0.545958 0.076283 0.142677
0.070372 0.17397 0.626485 0.00001 0.129163
0.195163 0.00001 0.10161 0.251144 0.452073
0.123858 0.113918 0.189164 0.051514 0.521546
0.050296 0.097508 0.123323 0.354245 0.374628
0.106909 0.061177 0.139898 0.152818 0.539197
0.123463 0.102238 0.642039 0.00001 0.13225
0.077713 0.21258 0.561221 0.00001 0.148477
0.00001 0.100689 0.547058 0.175807 0.176436
0.00001 0.220497 0.50572 0.058033 0.21574
0.00001 0.193205 0.586019 0.033755 0.18701
0.00001 0.186939 0.618641 0.042436 0.151974
0.028403 0.326109 0.561023 0.00001 0.084455
0.082878 0.00001 0.636135 0.119457 0.16152
0.034036 0.109318 0.591542 0.056601 0.208503
0.00001 0.024398 0.619032 0.114062 0.242498
0.072586 0.255481 0.47685 0.162172 0.032912
0.050046 0.175862 0.655049 0.026608 0.092434
0.076067 0.248237 0.516903 0.00001 0.158784
0.03601 0.199902 0.614878 0.00001 0.1492
0.051024 0.203073 0.595103 0.06389 0.08691
0.021983 0.178673 0.502661 0.098677 0.198007
0.045125 0.177241 0.652149 0.050298 0.075186
0.00001 0.170089 0.635551 0.142912 0.051437
0.086826 0.191914 0.590221 0.098023 0.033015
0.089053 0.236526 0.550569 0.00001 0.123842
0.00001 0.185786 0.557787 0.085252 0.171165
0.00001 0.280316 0.515499 0.035429 0.168746
0.005349 0.127959 0.67296 0.078737 0.114995
0.010861 0.19649 0.583825 0.00001 0.208815
0.001952 0.121858 0.672019 0.077567 0.126603
0.054071 0.074253 0.468804 0.00001 0.402862
0.057854 0.137114 0.595039 0.043782 0.166212
0.131437 0.219183 0.607414 0.00001 0.041956
0.00001 0.278759 0.63875 0.082471 0.00001
0.19301 0.00001 0.00001 0.068042 0.738928
0.294089 0.00001 0.00001 0.00001 0.705881
0.261344 0.00001 0.00001 0.00001 0.738626
0.16617 0.00001 0.00001 0.002719 0.831091
0.204336 0.00001 0.00001 0.048577 0.747067
0.229164 0.00001 0.00001 0.042127 0.728689
0.11627 0.00001 0.00001 0.145818 0.737892
0.00001 0.00001 0.00001 0.331625 0.668345
0.142939 0.00001 0.00001 0.183093 0.673948
0.173338 0.00001 0.00001 0.217119 0.609524
0.00001 0.00001 0.00001 0.121412 0.878558
0.228177 0.00001 0.00001 0.00001 0.771793
0.104236 0.00001 0.00001 0.180703 0.715041
0.059553 0.00001 0.00001 0.202845 0.737582
0.091441 0.00001 0.00001 0.088676 0.819863
0.213578 0.00001 0.00001 0.00001 0.786392
0.112669 0.00001 0.00001 0.180459 0.706851
0.154273 0.00001 0.00001 0.129258 0.716449
0.118553 0.022945 0.00001 0.225303 0.633188
0.144172 0.00001 0.00001 0.190518 0.66529
0.223698 0.00001 0.00001 0.00001 0.776272
0.029453 0.00001 0.00001 0.234971 0.735556
0.29401 0.00001 0.00001 0.044683 0.661286
0.078038 0.00001 0.00001 0.314413 0.607529
0.26018 0.00001 0.00001 0.00001 0.73979
0.00001 0.00001 0.00001 0.325768 0.674202
0.044151 0.00001 0.00001 0.275523 0.680306
0.184286 0.00001 0.00001 0.19347 0.622223
0.131582 0.00001 0.00001 0.148482 0.719916
0.058675 0.00001 0.00001 0.290735 0.65057
0.223331 0.00001 0.00001 0.009272 0.767377
0.158807 0.00001 0.004538 0.131019 0.705625
0.00001 0.00001 0.00001 0.308116 0.691854
0.254002 0.00001 0.00001 0.068602 0.677376
0.103773 0.00001 0.00001 0.145187 0.751021
0.089114 0.00001 0.00001 0.253632 0.657233
0.076736 0.00001 0.00001 0.141728 0.781516
0.00001 0.00001 0.00001 0.227113 0.772857
0.031791 0.00001 0.00001 0.198686 0.769503
0.238616 0.00001 0.00001 0.00001 0.761354
0.169715 0.00001 0.00001 0.217558 0.612707
0.149563 0.00001 0.00001 0.202226 0.648191
0.139273 0.00001 0.038518 0.00001 0.822188
0.156282 0.00001 0.027407 0.00001 0.816291
0.198522 0.00001 0.00001 0.238071 0.563387
0.235889 0.00001 0.00001 0.00001 0.764081
0.111503 0.00001 0.01269 0.257764 0.618034
0.036766 0.00001 0.030026 0.174645 0.758553
0.00001 0.00001 0.00001 0.40274 0.59723
0.11581 0.00001 0.00001 0.298544 0.585626
0.230194 0.00001 0.00001 0.047242 0.722544
0.297882 0.00001 0.00001 0.00001 0.702088
0.00449 0.00001 0.00001 0.236697 0.758793
0.053574 0.00001 0.00001 0.202213 0.744194
0.00001 0.00001 0.00001 0.294109 0.705861
0.10488 0.00001 0.00001 0.202239 0.692861
0.163636 0.00001 0.00001 0.078504 0.757839
0.150771 0.00001 0.00001 0.169569 0.67964
0.052858 0.00001 0.00392 0.26402 0.679192
0.366177 0.00001 0.00001 0.00001 0.633793
0.059137 0.00001 0.023314 0.162781 0.754758
0.00001 0.00001 0.02442 0.202556 0.773005
0.068384 0.008812 0.00001 0.183682 0.739112
0.023891 0.003246 0.00001 0.165822 0.807031
0.135855 0.00001 0.00001 0.00001 0.864115
0.00001 0.00001 0.00001 0.121626 0.878344
0.17296 0.00001 0.00001 0.196881 0.63014
0.00001 0.004172 0.00001 0.291873 0.703935
0.277007 0.00001 0.00001 0.00001 0.722963
0.251561 0.00001 0.00001 0.056053 0.692367
0.257533 0.00001 0.000527 0.055205 0.686725
0.057915 0.00001 0.00001 0.162269 0.779796
0.063166 0.00001 0.00001 0.204988 0.731826
0.062597 0.00001 0.00001 0.218682 0.718701
0.00001 0.00001 0.00001 0.223098 0.776872
0.13939 0.00001 0.002946 0.119214 0.73844
0.00001 0.00001 0.00001 0.310347 0.689623
0.290303 0.00001 0.00001 0.00001 0.709667
0.134009 0.00001 0.00001 0.166922 0.699049
0.186361 0.00001 0.00001 0.009065 0.804553
0.077278 0.00001 0.00001 0.09956 0.823142
0.00001 0.00001 0.00001 0.269549 0.730421
0.277893 0.00001 0.00001 0.00001 0.722077
0.067113 0.00001 0.00001 0.306672 0.626195
0.273039 0.00001 0.00001 0.00001 0.726931
0.166999 0.00001 0.00001 0.135578 0.697403
0.14529 0.00001 0.00001 0.156906 0.697784
0.159376 0.00001 0.00001 0.188976 0.651629
0.13162 0.00001 0.00001 0.196634 0.671726
0.13011 0.00001 0.00001 0.095677 0.774194
0.287135 0.00001 0.00001 0.00001 0.712835
0.115004 0.00001 0.00001 0.233136 0.65184
0.00001 0.00001 0.00001 0.484517 0.515453
0.179266 0.00001 0.00001 0.272655 0.548059
0.122043 0.00001 0.00001 0.322492 0.555445
0.145797 0.00001 0.00001 0.255428 0.598755
0.00001 0.00001 0.00001 0.334547 0.665423
0.157194 0.00001 0.00001 0.188777 0.654008
0.244394 0.00001 0.00001 0.21109 0.544495
0.316094 0.00001 0.00001 0.09352 0.590367
0.222243 0.00001 0.00001 0.227358 0.55038
0.00001 0.00001 0.00001 0.1442 0.85577
0.194667 0.00001 0.00001 0.00001 0.805303
0.228271 0.00001 0.00001 0.061292 0.710417
0.18422 0.00001 0.00001 0.153542 0.662218
0.204173 0.00001 0.00001 0.00001 0.795797
0.00001 0.00867 0.00001 0.295826 0.695484
0.270583 0.00001 0.00001 0.535172 0.194224
0.204285 0.00001 0.00001 0.387755 0.40794
0.20135 0.00001 0.00001 0.39685 0.40178
0.360398 0.00001 0.00001 0.421845 0.217737
0.426593 0.00001 0.00001 0.314525 0.258862
0.182579 0.00001 0.00001 0.388555 0.428846
0.329227 0.00001 0.00001 0.266953 0.4038
0.413382 0.00001 0.00001 0.307203 0.279396
0.310257 0.00001 0.00001 0.539538 0.150185
0.218729 0.00001 0.00001 0.222771 0.55848
0.00001 0.00001 0.00001 0.563166 0.436804
0.296802 0.00001 0.00001 0.440488 0.26269
0.298225 0.00001 0.00001 0.459682 0.242072
0.212998 0.00001 0.00001 0.242769 0.544213
0.27388 0.00001 0.00001 0.398515 0.327585
0.250199 0.00001 0.00001 0.408118 0.341663
0.399645 0.00001 0.00001 0.311161 0.289174
0.177142 0.00001 0.00001 0.58547 0.237368
0.382751 0.00001 0.00001 0.337312 0.279918
0.373253 0.00001 0.00001 0.19135 0.435377
0.22712 0.00001 0.00001 0.221937 0.550923
0.367081 0.00001 0.00001 0.415725 0.217174
0.250866 0.00001 0.00001 0.559144 0.18997
0.300344 0.00001 0.00001 0.503424 0.196213
0.00001 0.00001 0.00001 0.646348 0.353622
0.127951 0.00001 0.00001 0.555479 0.31655
0.198618 0.00001 0.00001 0.421852 0.37951
0.228421 0.00001 0.00001 0.406469 0.36509
0.99996 0.00001 0.00001 0.00001 0.00001
0.99996 0.00001 0.00001 0.00001 0.00001
0.62287 0.00001 0.00001 0.3771 0.00001
0.99996 0.00001 0.00001 0.00001 0.00001
0.99996 0.00001 0.00001 0.00001 0.00001
0.725137 0.00001 0.00001 0.274833 0.00001
0.00001 0.00001 0.00001 0.99996 0.00001
0.440716 0.00001 0.00001 0.547557 0.011707
0.514939 0.00001 0.00001 0.485031 0.00001
0.99996 0.00001 0.00001 0.00001 0.00001
0.626528 0.00001 0.00001 0.373442 0.00001
0.747859 0.00001 0.00001 0.252111 0.00001
0.99996 0.00001 0.00001 0.00001 0.00001
0.99996 0.00001 0.00001 0.00001 0.00001
0.99996 0.00001 0.00001 0.00001 0.00001
0.61239 0.00001 0.00001 0.38758 0.00001
0.99996 0.00001 0.00001 0.00001 0.00001
0.498692 0.00001 0.00001 0.476132 0.025156
0.99996 0.00001 0.00001 0.00001 0.00001
0.691239 0.00001 0.00001 0.308731 0.00001
0.563286 0.00001 0.00001 0.436684 0.00001
0.645225 0.00001 0.00001 0.354745 0.00001
0.484055 0.00001 0.00001 0.458626 0.057298
0.99996 0.00001 0.00001 0.00001 0.00001
0.99996 0.00001 0.00001 0.00001 0.00001
0.373246 0.00001 0.00001 0.490593 0.136141
0.512713 0.00001 0.00001 0.26282 0.224447
0.00001 0.00001 0.00001 0.99996 0.00001
0.504493 0.00001 0.00001 0.485095 0.010392
0.516774 0.00001 0.00001 0.300665 0.182541
0.323558 0.00001 0.00001 0.4908 0.185622
0.387949 0.00001 0.00001 0.549344 0.062687
0.4554 0.00001 0.00001 0.347214 0.197365
0.522702 0.00001 0.00001 0.457741 0.019537
0.501864 0.00001 0.00001 0.362419 0.135698
0.298179 0.00001 0.00001 0.604897 0.096904
0.281437 0.00001 0.00001 0.63345 0.085093
0.559053 0.00001 0.00001 0.397711 0.043216
0.41174 0.00001 0.00001 0.474998 0.113242
0.361398 0.00001 0.00001 0.521701 0.116882
0.411825 0.00001 0.00001 0.426923 0.161232
0.370445 0.00001 0.00001 0.535259 0.094276
0.362231 0.00001 0.00001 0.518865 0.118884
0.347847 0.00001 0.00001 0.595627 0.056506
0.303399 0.00001 0.00001 0.528993 0.167588
0.497114 0.00001 0.00001 0.374506 0.12836
0.325488 0.00001 0.00001 0.598689 0.075803
0.379035 0.00001 0.00001 0.515353 0.105592
0.344339 0.00001 0.00001 0.655631 0.00001
0.401835 0.00001 0.00001 0.475475 0.12267
0.33974 0.000011 0.00001 0.536302 0.123937
0.258391 0.00001 0.00001 0.628186 0.113403
0.358492 0.00001 0.00001 0.575488 0.066
0.00001 0.00001 0.00001 0.99996 0.00001
0.00001 0.00001 0.00001 0.99996 0.00001
0.298706 0.00001 0.00001 0.601809 0.099465
0.277539 0.00001 0.00001 0.647708 0.074733
0.354056 0.00001 0.00001 0.55944 0.086484
0.00001 0.00001 0.00001 0.99996 0.00001
0.00001 0.00001 0.00001 0.99996 0.00001
0.00001 0.00001 0.00001 0.99996 0.00001
0.366627 0.00001 0.00001 0.592984 0.040369
0.00001 0.00001 0.00001 0.99996 0.00001
0.441612 0.00001 0.00001 0.558358 0.00001
0.349851 0.00001 0.00001 0.608069 0.042059
0.525596 0.00001 0.00001 0.456425 0.017958
0.182465 0.00001 0.00001 0.758899 0.058616
0.258392 0.00001 0.00001 0.647912 0.093676
0.354035 0.00001 0.00001 0.645935 0.00001
0.300111 0.00001 0.00001 0.678437 0.021433
0.00001 0.00001 0.00001 0.99996 0.00001
0.248261 0.00001 0.00001 0.751709 0.00001
0.248098 0.00001 0.00001 0.72007 0.031812
0.220233 0.00001 0.00001 0.717851 0.061896
0.404973 0.00001 0.00001 0.533113 0.061894
0.386266 0.00001 0.00001 0.569075 0.044639
0.40675 0.00001 0.00001 0.516864 0.076366
0.275967 0.00001 0.00001 0.724003 0.00001
0.439088 0.00001 0.00001 0.475739 0.085153
0.419207 0.00001 0.00001 0.418968 0.161805
0.490855 0.00001 0.00001 0.509115 0.00001
0.282392 0.00001 0.00001 0.574463 0.143125
0.202186 0.00001 0.00001 0.797784 0.00001
0.596139 0.00001 0.00001 0.292421 0.111419
0.476788 0.00001 0.00001 0.397231 0.125961
0.393518 0.00001 0.00001 0.544211 0.062251
0.387649 0.00001 0.00001 0.488832 0.123499
0.345436 0.00001 0.00001 0.524519 0.130025
0.36609 0.00001 0.00001 0.513378 0.120513
