0.00001 0.00001 0.00001 0.99996 0.00001
0.00001 0.00001 0.00001 0.99996 0.00001
0.00001 0.00001 0.00001 0.99996 0.00001
0.00001 0.00001 0.00001 0.99996 0.00001
0.00001 0.00001 0.00001 0.99996 0.00001
0.00001 0.00001 0.00001 0.99996 0.00001
0.00001 0.310381 0.00001 0.689589 0.00001
0.00001 0.00001 0.00001 0.99996 0.00001
0.00001 0.00001 0.00001 0.99996 0.00001
0.00001 0.00001 0.00001 0.99996 0.00001
0.00001 0.00001 0.00001 0.99996 0.00001
0.00001 0.00001 0.00001 0.99996 0.00001
0.00001 0.00001 0.00001 0.99996 0.00001
0.00001 0.460237 0.00001 0.512482 0.027262
0.00001 0.00001 0.00001 0.99996 0.00001
0.00001 0.00001 0.00001 0.99996 0.00001
0.00001 0.00001 0.00001 0.99996 0.00001
0.00001 0.00001 0.00001 0.99996 0.00001
0.00001 0.00001 0.00001 0.99996 0.00001
0.00001 0.432479 0.00001 0.567491 0.00001
0.00001 0.00001 0.00001 0.99996 0.00001
0.00001 0.479076 0.00001 0.520894 0.00001
0.00001 0.99996 0.00001 0.00001 0.00001
0.00001 0.976094 0.023876 0.00001 0.00001
0.00001 0.703435 0.00001 0.296535 0.00001
0.00001 0.7859 0.00001 0.21407 0.00001
0.00001 0.746124 0.026437 0.22742 0.00001
0.00001 0.742789 0.00001 0.257181 0.00001
0.00001 0.734889 0.000118 0.264973 0.00001
0.00001 0.61527 0.00001 0.3847 0.00001
0.00001 0.703471 0.00001 0.296499 0.00001
0.001832 0.700912 0.00001 0.297236 0.00001
0.00001 0.626443 0.022921 0.350616 0.00001
0.00001 0.763041 0.00001 0.236929 0.00001
0.00001 0.897706 0.00001 0.102264 0.00001
0.00001 0.99996 0.00001 0.00001 0.00001
0.00001 0.792094 0.00001 0.207876 0.00001
0.00001 0.730246 0.00001 0.269724 0.00001
0.00001 0.652882 0.000016 0.347082 0.00001
0.00001 0.872918 0.00001 0.125341 0.001721
0.00001 0.861334 0.00001 0.138636 0.00001
0.00001 0.99996 0.00001 0.00001 0.00001
0.00001 0.773219 0.017593 0.209167 0.00001
0.00002 0.692346 0.049358 0.258267 0.00001
0.00001 0.672805 0.00001 0.327164 0.00001
0.00001 0.776094 0.00001 0.223876 0.00001
0.00001 0.878427 0.00001 0.121543 0.00001
0.00001 0.696645 0.00001 0.303325 0.00001
0.00001 0.796311 0.00001 0.203659 0.00001
0.00001 0.619635 0.015656 0.364689 0.00001
0.00001 0.661915 0.00001 0.338055 0.00001
0.00001 0.746696 0.005946 0.247338 0.00001
0.00001 0.99996 0.00001 0.00001 0.00001
0.00001 0.857539 0.00001 0.142431 0.00001
0.00001 0.990813 0.009157 0.00001 0.00001
0.00001 0.802633 0.00001 0.197337 0.00001
0.00001 0.597308 0.01751 0.385162 0.00001
0.00001 0.900181 0.000018 0.099781 0.00001
0.00001 0.732796 0.00001 0.267174 0.00001
0.00001 0.692584 0.024514 0.282882 0.00001
0.00001 0.99996 0.00001 0.00001 0.00001
0.00001 0.750207 0.00001 0.249763 0.00001
0.00001 0.759216 0.00001 0.240754 0.00001
0.00001 0.682756 0.00001 0.304786 0.012438
0.00001 0.511127 0.00001 0.488843 0.00001
0.00001 0.737115 0.00001 0.262855 0.00001
0.00001 0.824877 0.000016 0.175087 0.00001
0.00001 0.718896 0.00001 0.281074 0.00001
0.00001 0.734899 0.00001 0.260282 0.004798
0.00001 0.775617 0.00001 0.224353 0.00001
0.00001 0.686695 0.00001 0.313275 0.00001
0.00001 0.703104 0.00001 0.29044 0.006436
0.00001 0.795215 0.00001 0.204755 0.00001
0.00001 0.739438 0.00001 0.260532 0.00001
0.00001 0.663112 0.00001 0.336858 0.00001
0.004354 0.69791 0.00001 0.297716 0.00001
0.00001 0.756984 0.00001 0.242986 0.00001
0.00001 0.635047 0.00001 0.364923 0.00001
0.00001 0.695668 0.00001 0.295493 0.008819
0.00001 0.750799 0.00001 0.249171 0.00001
0.00001 0.58273 0.031155 0.340918 0.045187
0.00001 0.784854 0.00001 0.215116 0.00001
0.00001 0.99996 0.00001 0.00001 0.00001
0.00001 0.613043 0.00001 0.386927 0.00001
0.00001 0.799578 0.00001 0.200392 0.00001
0.00001 0.714533 0.00001 0.280257 0.00519
0.00001 0.835814 0.00001 0.164156 0.00001
0.00001 0.832478 0.00001 0.167492 0.00001
0.003714 0.708235 0.00001 0.288031 0.00001
0.00001 0.613427 0.00001 0.386543 0.00001
0.00001 0.774427 0.00001 0.225543 0.00001
0.00001 0.767266 0.012801 0.219912 0.00001
0.00001 0.576945 0.00001 0.421112 0.001923
0.00001 0.99996 0.00001 0.00001 0.00001
0.00001 0.609981 0.00001 0.389989 0.00001
0.00001 0.99996 0.00001 0.00001 0.00001
0.00001 0.83037 0.000771 0.168839 0.00001
0.00001 0.847166 0.00001 0.152804 0.00001
0.00001 0.649295 0.00001 0.350675 0.00001
0.00001 0.99996 0.00001 0.00001 0.00001
0.00001 0.713376 0.000015 0.286589 0.00001
0.00001 0.681239 0.00001 0.318731 0.00001
0.00001 0.838723 0.00001 0.161247 0.00001
0.00001 0.717835 0.000014 0.282131 0.00001
0.00001 0.797228 0.003009 0.199743 0.00001
0.00001 0.898342 0.00001 0.101628 0.00001
0.00001 0.815525 0.00001 0.184445 0.00001
0.00001 0.684353 0.000011 0.315616 0.00001
0.00001 0.699332 0.000952 0.299697 0.00001
0.00001 0.99996 0.00001 0.00001 0.00001
0.00001 0.99996 0.00001 0.00001 0.00001
0.00001 0.80529 0.00001 0.19468 0.00001
0.00001 0.670323 0.00001 0.329647 0.00001
0.00001 0.751075 0.00001 0.248895 0.00001
0.00001 0.732116 0.00001 0.267854 0.00001
0.00001 0.900787 0.00001 0.099183 0.00001
0.00001 0.761403 0.00001 0.238567 0.00001
0.00001 0.764332 0.00001 0.235638 0.00001
0.00001 0.607048 0.00001 0.392922 0.00001
0.00001 0.642364 0.004386 0.353231 0.00001
0.00001 0.661551 0.00001 0.338419 0.00001
0.00001 0.858508 0.00001 0.141462 0.00001
0.00001 0.783443 0.00001 0.216527 0.00001
0.00001 0.781139 0.00001 0.218831 0.00001
0.00001 0.729213 0.00001 0.270757 0.00001
0.005908 0.970672 0.00001 0.0234 0.00001
0.00001 0.99996 0.00001 0.00001 0.00001
0.00001 0.865286 0.00001 0.134684 0.00001
0.00001 0.99948 0.00049 0.00001 0.00001
0.00001 0.779449 0.00001 0.220521 0.00001
0.00001 0.747829 0.00001 0.223232 0.028919
0.035713 0.341975 0.35597 0.16685 0.099492
0.00001 0.350233 0.341761 0.177051 0.130945
0.201431 0.552409 0.186117 0.060033 0.00001
0.00001 0.619035 0.142098 0.139094 0.099763
0.00001 0.705056 0.164489 0.063008 0.067438
0.093813 0.597321 0.137019 0.161431 0.010417
0.163669 0.162365 0.451493 0.037283 0.185189
0.157826 0.33136 0.362883 0.13519 0.012741
0.297793 0.192505 0.351159 0.158534 0.00001
0.202049 0.546818 0.076667 0.174456 0.00001
0.063183 0.627175 0.13609 0.173542 0.00001
0.040856 0.098973 0.525788 0.00001 0.334374
0.148013 0.191073 0.522124 0.112385 0.026405
0.393026 0.121742 0.370076 0.099198 0.015958
0.077609 0.135881 0.584222 0.064294 0.137994
0.066601 0.639589 0.140589 0.104934 0.048286
0.00001 0.562037 0.165957 0.21157 0.060426
0.169945 0.546089 0.182665 0.101291 0.00001
0.020816 0.503213 0.253371 0.22259 0.00001
0.039296 0.584654 0.181318 0.194722 0.00001
0.00001 0.618029 0.163741 0.18753 0.03069
0.00001 0.556766 0.112576 0.330349 0.000299
0.153334 0.636132 0.158002 0.00001 0.052521
0.033729 0.59139 0.219458 0.108999 0.046424
0.059577 0.611439 0.2977 0.031274 0.00001
0.144956 0.475048 0.026587 0.257526 0.095883
0.012613 0.653949 0.098846 0.17623 0.058363
0.09411 0.522738 0.13965 0.243493 0.00001
0.00001 0.616041 0.170336 0.198553 0.015061
0.12451 0.591715 0.077453 0.206312 0.00001
0.105818 0.505526 0.192822 0.176058 0.019775
0.061495 0.651023 0.074427 0.178414 0.034641
0.140464 0.632269 0.054553 0.172704 0.00001
0.061642 0.588751 0.050187 0.1928 0.106621
0.02913 0.550775 0.126939 0.236303 0.056854
0.11102 0.559306 0.144628 0.185036 0.00001
0.00001 0.51369 0.181269 0.281943 0.023088
0.102408 0.676928 0.095968 0.124687 0.00001
0.00001 0.583049 0.219899 0.197033 0.00001
0.073789 0.673105 0.119838 0.121222 0.012046
0.023412 0.467579 0.433807 0.075192 0.00001
0.00001 0.594572 0.180959 0.137347 0.087112
0.00001 0.60569 0.065359 0.221067 0.107875
0.00001 0.635588 0.00001 0.281089 0.083303
0.124937 0.00001 0.750013 0.00001 0.12503
0.189848 0.002585 0.69051 0.00001 0.117047
0.00001 0.00001 0.801062 0.00001 0.198908
0.021209 0.00001 0.865464 0.00001 0.113307
0.00001 0.00001 0.787409 0.00001 0.212561
0.00001 0.00001 0.756841 0.00001 0.243129
0.197312 0.00001 0.7529 0.00001 0.049769
0.209876 0.00001 0.704978 0.00001 0.085126
0.00001 0.00001 0.729843 0.00001 0.270127
0.404793 0.00001 0.595177 0.00001 0.00001
0.066409 0.00001 0.933561 0.00001 0.00001
0.00001 0.00001 0.82484 0.00001 0.17513
0.126302 0.00001 0.752338 0.00001 0.12134
0.263741 0.00001 0.736229 0.00001 0.00001
0.182125 0.00001 0.817845 0.00001 0.00001
0.00001 0.00001 0.82735 0.00001 0.17262
0.00001 0.00001 0.775855 0.00001 0.224115
0.174962 0.00001 0.744018 0.00001 0.080999
0.355169 0.00001 0.621539 0.023271 0.00001
0.121372 0.00001 0.697506 0.00001 0.181102
0.017763 0.00001 0.808487 0.00001 0.17373
0.194135 0.00001 0.763642 0.00001 0.042203
0.202663 0.00001 0.657296 0.00001 0.140021
0.379678 0.00001 0.604138 0.00001 0.016164
0.000015 0.00001 0.770711 0.00001 0.229253
0.052905 0.00001 0.766544 0.00001 0.18053
0.139908 0.00001 0.71299 0.00001 0.147081
0.218343 0.00001 0.650591 0.00001 0.131046
0.000014 0.00001 0.794997 0.00001 0.204969
0.346168 0.00001 0.653802 0.00001 0.00001
0.00001 0.00001 0.792295 0.00001 0.207675
0.320792 0.007624 0.671564 0.00001 0.00001
0.299017 0.00001 0.700953 0.00001 0.00001
0.092456 0.00001 0.704094 0.00001 0.20343
0.022497 0.00001 0.822235 0.00001 0.155248
0.271339 0.00001 0.668927 0.00001 0.059714
0.191681 0.00001 0.808289 0.00001 0.00001
0.203145 0.00001 0.796825 0.00001 0.00001
0.126988 0.00001 0.799247 0.00001 0.073745
0.029705 0.00001 0.796926 0.00001 0.173349
0.371489 0.00001 0.617249 0.00001 0.011242
0.385359 0.00001 0.614607 0.000015 0.00001
0.00001 0.038465 0.840984 0.00001 0.120531
0.00001 0.026773 0.846712 0.00001 0.126495
0.039656 0.00001 0.648956 0.00001 0.311367
0.148378 0.00001 0.761927 0.00001 0.089674
0.173978 0.011319 0.650931 0.00001 0.163762
0.167351 0.0292 0.786249 0.00001 0.01719
0.348589 0.00001 0.622671 0.00001 0.02872
0.30407 0.00001 0.601785 0.00001 0.094125
0.16696 0.00001 0.721101 0.00001 0.111919
0.00001 0.00001 0.767404 0.00001 0.232566
0.226342 0.00001 0.773628 0.00001 0.00001
0.240944 0.00001 0.758789 0.00001 0.000247
0.321985 0.00001 0.677985 0.00001 0.00001
0.314944 0.00001 0.685026 0.00001 0.00001
0.181882 0.00001 0.763274 0.00001 0.054824
0.336877 0.00001 0.663093 0.00001 0.00001
0.311263 0.003856 0.684861 0.00001 0.00001
0.222142 0.00001 0.627966 0.00001 0.149872
0.068433 0.021895 0.807748 0.00001 0.101915
0.160675 0.023391 0.815913 0.00001 0.00001
0.182626 0.00001 0.757483 0.008131 0.051751
0.00001 0.00001 0.886481 0.00001 0.113489
0.00001 0.00001 0.884933 0.00001 0.115037
0.044686 0.00001 0.955284 0.00001 0.00001
0.227589 0.00001 0.639125 0.00001 0.133266
0.28022 0.00001 0.714845 0.004915 0.00001
0.199674 0.00001 0.723175 0.00001 0.077131
0.058002 0.00001 0.728493 0.00001 0.213484
0.00001 0.00001 0.741814 0.00001 0.258156
0.075424 0.00001 0.836778 0.00001 0.087778
0.212343 0.00001 0.753651 0.00001 0.033986
0.075177 0.00001 0.76119 0.00001 0.163613
0.151719 0.00001 0.807143 0.00001 0.041118
0.180266 0.002423 0.754063 0.00001 0.063238
0.259553 0.000011 0.740416 0.00001 0.00001
0.00001 0.00001 0.761641 0.00001 0.238329
0.261744 0.00001 0.703167 0.00001 0.035069
0.028502 0.00001 0.837759 0.00001 0.133719
0.068382 0.00001 0.862217 0.00001 0.069381
0.00001 0.00001 0.84803 0.00001 0.15194
0.111571 0.00001 0.740213 0.00001 0.148196
0.305745 0.00001 0.64151 0.00001 0.052725
0.26376 0.000017 0.693659 0.00001 0.042554
0.037714 0.00001 0.760407 0.00001 0.201859
0.097307 0.00001 0.750766 0.00001 0.151907
0.165381 0.00001 0.686945 0.00001 0.147654
0.342389 0.00001 0.657581 0.00001 0.00001
0.00001 0.00001 0.817253 0.00001 0.182717
0.10842 0.00001 0.717166 0.00001 0.174394
0.248071 0.00001 0.674981 0.00001 0.076928
0.356723 0.00001 0.548457 0.00001 0.0948
0.34939 0.000011 0.547918 0.00001 0.102671
0.244119 0.00001 0.591025 0.00001 0.164836
0.2146 0.00001 0.622029 0.00001 0.16335
0.282621 0.00001 0.709655 0.00001 0.007704
0.284361 0.00001 0.661705 0.00001 0.053913
0.312415 0.00001 0.54679 0.00001 0.140775
0.366264 0.00001 0.537814 0.00001 0.095901
0.026172 0.00001 0.61706 0.00001 0.356748
0.00001 0.00001 0.913921 0.00001 0.086049
0.00001 0.00001 0.845357 0.00001 0.154613
0.00001 0.00001 0.771112 0.00001 0.228858
0.220552 0.00001 0.664682 0.00001 0.114745
0.00001 0.00001 0.841033 0.00001 0.158937
0.137548 0.00001 0.743903 0.007403 0.111136
0.929186 0.00001 0.070784 0.00001 0.00001
0.485322 0.00001 0.385914 0.00001 0.128745
0.355711 0.00001 0.42281 0.00001 0.221459
0.667711 0.00001 0.166735 0.00001 0.165535
0.296799 0.00001 0.272434 0.00001 0.430747
0.573196 0.00001 0.403547 0.00001 0.023237
0.581616 0.00001 0.34379 0.00001 0.074574
0.25969 0.00001 0.304635 0.00001 0.435655
0.983903 0.00001 0.016067 0.00001 0.00001
0.200323 0.00001 0.581059 0.00001 0.218598
0.605305 0.00001 0.394665 0.00001 0.00001
0.646429 0.00001 0.212106 0.00001 0.141444
0.621729 0.00001 0.204053 0.00001 0.174198
0.323395 0.00001 0.544948 0.00001 0.131637
0.475138 0.00001 0.31396 0.00001 0.210883
0.485542 0.00001 0.328124 0.00001 0.186314
0.492417 0.00001 0.261544 0.00001 0.246019
0.586657 0.00001 0.22578 0.00001 0.187543
0.445094 0.00001 0.260243 0.00001 0.294643
0.361862 0.00001 0.41851 0.00001 0.219608
0.357384 0.00001 0.547439 0.00001 0.095156
0.515693 0.00001 0.19839 0.00001 0.285897
0.952626 0.00001 0.047344 0.00001 0.00001
0.731777 0.00001 0.13356 0.00001 0.134643
0.413323 0.00001 0.466098 0.00001 0.120559
0.501382 0.00001 0.311632 0.00001 0.186966
0.454483 0.00001 0.384013 0.00001 0.161483
0.381253 0.00001 0.369272 0.00001 0.249455
0.468394 0.00001 0.00001 0.00001 0.531576
0.590252 0.00001 0.00001 0.00001 0.409718
0.408296 0.00001 0.00001 0.00001 0.591674
0.00001 0.00001 0.00001 0.00001 0.99996
0.00001 0.00001 0.00001 0.00001 0.99996
0.00001 0.00001 0.00001 0.00001 0.99996
0.643388 0.00001 0.00001 0.00001 0.356582
0.69209 0.00001 0.00001 0.00001 0.30788
0.558382 0.00001 0.00001 0.00001 0.441588
0.00001 0.00001 0.00001 0.00001 0.99996
0.45986 0.00001 0.00001 0.00001 0.54011
0.420798 0.00001 0.00001 0.00001 0.579172
0.487071 0.00001 0.00001 0.00001 0.512899
0.00001 0.00001 0.00001 0.00001 0.99996
0.00001 0.00001 0.00001 0.00001 0.99996
0.549462 0.00001 0.00001 0.00001 0.450508
0.00001 0.00001 0.00001 0.00001 0.99996
0.503245 0.00001 0.034889 0.00001 0.461846
0.00001 0.00001 0.00001 0.00001 0.99996
0.00001 0.00001 0.00001 0.00001 0.99996
0.00001 0.00001 0.00001 0.00001 0.99996
0.347455 0.00001 0.00001 0.00001 0.652515
0.614385 0.00001 0.015721 0.00001 0.369873
0.00001 0.00001 0.00001 0.00001 0.99996
0.410121 0.00001 0.00001 0.00001 0.589849
0.628365 0.00001 0.089257 0.00001 0.282358
0.557408 0.00001 0.174179 0.00001 0.268394
0.83173 0.000017 0.00001 0.00001 0.168234
0.715231 0.00001 0.00001 0.00001 0.284739
0.374149 0.00001 0.186964 0.00001 0.438867
0.727323 0.00001 0.129336 0.00001 0.14332
0.665113 0.00001 0.034103 0.00001 0.300763
0.649909 0.00001 0.133549 0.00001 0.216522
0.579154 0.00001 0.00001 0.00001 0.420816
0.420462 0.00001 0.138674 0.00001 0.440844
0.768251 0.00001 0.034065 0.00001 0.197664
0.665848 0.00001 0.074786 0.00001 0.259346
0.578987 0.00001 0.012319 0.00001 0.408674
0.698487 0.00001 0.060333 0.00001 0.24116
0.638654 0.00001 0.082951 0.00001 0.278375
0.614504 0.00001 0.107288 0.00001 0.278188
0.99996 0.00001 0.00001 0.00001 0.00001
0.99996 0.00001 0.00001 0.00001 0.00001
0.747402 0.00001 0.013547 0.00001 0.239031
0.648212 0.00001 0.133352 0.00001 0.218415
0.452219 0.00001 0.123956 0.00001 0.423805
0.99996 0.00001 0.00001 0.00001 0.00001
0.732199 0.00001 0.050927 0.00001 0.216855
0.721115 0.00001 0.00001 0.00001 0.278855
0.516468 0.00001 0.10428 0.00001 0.379233
0.651981 0.00001 0.098763 0.00001 0.249236
0.99996 0.00001 0.00001 0.00001 0.00001
0.575332 0.00001 0.051732 0.00001 0.372916
0.99996 0.00001 0.00001 0.00001 0.00001
0.694479 0.00001 0.00001 0.00001 0.305491
0.700778 0.00001 0.067283 0.00001 0.231918
0.99996 0.00001 0.00001 0.00001 0.00001
0.99996 0.00001 0.00001 0.00001 0.00001
0.99996 0.00001 0.00001 0.00001 0.00001
0.99996 0.00001 0.00001 0.00001 0.00001
0.00001 0.00001 0.00001 0.00001 0.99996
0.599944 0.00001 0.036171 0.00001 0.363865
0.00001 0.00001 0.00001 0.00001 0.99996
0.819505 0.00001 0.00001 0.00001 0.180465
0.72926 0.00001 0.00001 0.00001 0.27071
0.575337 0.00001 0.00001 0.00001 0.424633
0.99996 0.00001 0.00001 0.00001 0.00001
0.99996 0.00001 0.00001 0.00001 0.00001
0.860042 0.00001 0.00001 0.00001 0.139928
0.667081 0.00001 0.012194 0.00001 0.320705
0.99996 0.00001 0.00001 0.00001 0.00001
0.855635 0.00001 0.00001 0.00001 0.144335
0.99996 0.00001 0.00001 0.00001 0.00001
0.99996 0.00001 0.00001 0.00001 0.00001
0.680213 0.00001 0.03413 0.00001 0.285637
0.65073 0.00001 0.015881 0.00001 0.333369
0.697062 0.00001 0.020699 0.00001 0.282219
0.720074 0.00001 0.00001 0.00001 0.279896
0.99996 0.00001 0.00001 0.00001 0.00001
0.59677 0.00001 0.12345 0.00001 0.27976
0.684565 0.00001 0.00001 0.00001 0.315405
0.65128 0.00001 0.120308 0.00001 0.228393
0.99996 0.00001 0.00001 0.00001 0.00001
0.586273 0.00001 0.055486 0.00001 0.358221
0.71611 0.00001 0.048098 0.00001 0.235772
0.566498 0.00001 0.054898 0.00001 0.378584
0.99996 0.00001 0.00001 0.00001 0.00001
0.490872 0.00001 0.131285 0.00001 0.377822
0.801805 0.00001 0.038764 0.00001 0.159411
