0.00001 0.00001 0.00001 0.99996 0.00001
0.00001 0.00001 0.00001 0.99996 0.00001
0.00001 0.00001 0.00001 0.99996 0.00001
0.00001 0.00001 0.00001 0.99996 0.00001
0.00001 0.00001 0.00001 0.99996 0.00001
0.00001 0.00001 0.00001 0.99996 0.00001
0.42339 0.00001 0.00001 0.57658 0.00001
0.38924 0.00001 0.00001 0.61073 0.00001
0.00001 0.00001 0.00001 0.99996 0.00001
0.00001 0.00001 0.00001 0.99996 0.00001
0.00001 0.00001 0.00001 0.99996 0.00001
0.00001 0.00001 0.00001 0.99996 0.00001
0.00001 0.00001 0.00001 0.99996 0.00001
0.459159 0.026134 0.00001 0.440317 0.07438
0.00001 0.00001 0.00001 0.99996 0.00001
0.00001 0.00001 0.00001 0.99996 0.00001
0.00001 0.00001 0.00001 0.99996 0.00001
0.00001 0.00001 0.00001 0.884347 0.115623
0.00001 0.00001 0.00001 0.99996 0.00001
0.488536 0.00001 0.00001 0.482146 0.029297
0.00001 0.00001 0.00001 0.99996 0.00001
0.460867 0.00001 0.00001 0.452852 0.086262
0.663877 0.00001 0.00001 0.000257 0.335846
0.611265 0.015945 0.00001 0.00001 0.37277
0.99996 0.00001 0.00001 0.00001 0.00001
0.842634 0.00001 0.00001 0.033235 0.124111
0.78521 0.024019 0.00001 0.119209 0.071552
0.761228 0.00001 0.00001 0.155333 0.083419
0.679548 0.00001 0.00001 0.17298 0.147452
0.600851 0.00001 0.00001 0.295739 0.103389
0.686604 0.00001 0.00001 0.192415 0.120961
0.770772 0.00001 0.00001 0.187314 0.041894
0.783198 0.019453 0.00001 0.194279 0.00306
0.823593 0.00001 0.00001 0.10829 0.068097
0.898373 0.00001 0.00001 0.00001 0.101597
0.80906 0.00001 0.00001 0.00001 0.19091
0.777067 0.00001 0.00001 0.085796 0.137117
0.576104 0.00001 0.00001 0.217251 0.206625
0.833563 0.00001 0.00001 0.166407 0.00001
0.812171 0.00001 0.00001 0.032713 0.155096
0.761631 0.00001 0.00001 0.061162 0.177187
0.00001 0.00001 0.00001 0.00001 0.99996
0.757429 0.016419 0.00001 0.102427 0.123715
0.628398 0.04711 0.00001 0.159352 0.16513
0.812916 0.00001 0.00001 0.187054 0.00001
0.901896 0.00001 0.00001 0.073145 0.024939
0.704286 0.00001 0.00001 0.078396 0.217299
0.859727 0.00001 0.00001 0.140243 0.00001
0.813207 0.00001 0.00001 0.063319 0.123454
0.585858 0.01456 0.00001 0.275826 0.123746
0.717813 0.00001 0.00001 0.208175 0.073992
0.683144 0.004392 0.00001 0.151272 0.161183
0.783522 0.00001 0.00001 0.00001 0.216448
0.778856 0.00001 0.00001 0.084324 0.136799
0.790504 0.008343 0.00001 0.00001 0.201132
0.67974 0.00001 0.00001 0.10922 0.21102
0.6296 0.01547 0.00001 0.306794 0.048125
0.99996 0.00001 0.00001 0.00001 0.00001
0.678749 0.00001 0.00001 0.184483 0.136748
0.601724 0.022594 0.00001 0.201311 0.174361
0.706436 0.00001 0.00001 0.00001 0.293534
0.760474 0.00001 0.00001 0.140647 0.09886
0.959908 0.00001 0.00001 0.040062 0.00001
0.635106 0.009818 0.00001 0.204281 0.150785
0.599414 0.00001 0.00001 0.388177 0.012388
0.702723 0.00001 0.00001 0.156364 0.140893
0.685252 0.00001 0.00001 0.127808 0.18692
0.794265 0.00001 0.00001 0.19269 0.013025
0.786153 0.00001 0.002132 0.14771 0.063995
0.818859 0.00001 0.00001 0.084605 0.096516
0.723161 0.00001 0.00001 0.204166 0.072653
0.724536 0.004737 0.00001 0.169268 0.10145
0.746795 0.000014 0.00001 0.072775 0.180406
0.770121 0.00001 0.00001 0.15164 0.078219
0.531471 0.00001 0.00001 0.276241 0.192268
0.759079 0.002359 0.00001 0.179429 0.059123
0.839215 0.00001 0.00001 0.10367 0.057095
0.669482 0.00001 0.00001 0.265791 0.064707
0.625066 0.005915 0.00001 0.204005 0.165004
0.576608 0.000019 0.00001 0.196186 0.227177
0.565019 0.076865 0.00001 0.229448 0.128658
0.843709 0.00001 0.00001 0.072875 0.083396
0.79557 0.00001 0.00001 0.00001 0.2044
0.641309 0.00001 0.00001 0.29536 0.063311
0.681626 0.00001 0.00001 0.130526 0.187828
0.602699 0.00082 0.00001 0.207616 0.188855
0.99996 0.00001 0.00001 0.00001 0.00001
0.89454 0.00001 0.00001 0.007041 0.098399
0.816471 0.000171 0.00001 0.143947 0.039401
0.727203 0.00001 0.00001 0.272767 0.00001
0.665715 0.00001 0.00001 0.13917 0.195094
0.709451 0.012383 0.00001 0.128487 0.149669
0.73017 0.00001 0.000585 0.269226 0.00001
0.00001 0.00001 0.00001 0.00001 0.99996
0.624766 0.00001 0.00001 0.289421 0.085793
0.689956 0.00001 0.00001 0.00001 0.310014
0.638305 0.00001 0.00001 0.117961 0.243714
0.723695 0.00001 0.00001 0.086226 0.190059
0.593053 0.00001 0.00001 0.268291 0.138636
0.00001 0.00001 0.00001 0.00001 0.99996
0.713122 0.00001 0.00001 0.17162 0.115238
0.835726 0.00001 0.00001 0.164244 0.00001
0.802121 0.00001 0.00001 0.044351 0.153508
0.728344 0.00001 0.00001 0.16738 0.104257
0.855382 0.00001 0.00001 0.065026 0.079572
0.762881 0.00001 0.00001 0.02262 0.214479
0.68689 0.00001 0.00001 0.093466 0.219624
0.778761 0.00001 0.00001 0.221209 0.00001
0.671647 0.000746 0.00001 0.21728 0.110317
0.00001 0.00001 0.00001 0.00001 0.99996
0.00001 0.00001 0.00001 0.00001 0.99996
0.692043 0.00001 0.00001 0.123553 0.184384
0.64328 0.00001 0.00001 0.237201 0.119499
0.79711 0.00001 0.00001 0.107707 0.095163
0.923511 0.00001 0.00001 0.076459 0.00001
0.99996 0.00001 0.00001 0.00001 0.00001
0.826441 0.00001 0.00001 0.099535 0.074004
0.73051 0.00001 0.00001 0.131467 0.138003
0.750527 0.00001 0.00001 0.249443 0.00001
0.78301 0.000171 0.00001 0.216799 0.00001
0.733159 0.00001 0.00001 0.208644 0.058176
0.768833 0.00001 0.00001 0.045083 0.186065
0.819544 0.00001 0.00001 0.096628 0.083808
0.99996 0.00001 0.00001 0.00001 0.00001
0.981205 0.00001 0.00001 0.018765 0.00001
0.76849 0.00001 0.003102 0.00001 0.228389
0.886259 0.00001 0.00001 0.00001 0.113711
0.611976 0.00001 0.00001 0.108444 0.27956
0.693226 0.000938 0.00001 0.073908 0.231918
0.652281 0.00001 0.00001 0.158575 0.189124
0.806641 0.028158 0.00001 0.101999 0.063192
0.326842 0.391703 0.097754 0.10016 0.083541
0.414021 0.378225 0.093132 0.114612 0.00001
0.612725 0.235224 0.152031 0.00001 0.00001
0.760992 0.159844 0.079143 0.00001 0.00001
0.65829 0.184862 0.045739 0.00001 0.111099
0.6025 0.195111 0.046309 0.06008 0.096001
0.115071 0.528633 0.269978 0.038214 0.048104
0.452778 0.441884 0.090391 0.014937 0.00001
0.273283 0.476849 0.172381 0.077478 0.00001
0.626491 0.175916 0.103603 0.049937 0.044053
0.627838 0.188945 0.010388 0.077883 0.094947
0.00001 0.568118 0.329195 0.00001 0.102667
0.208734 0.638248 0.057693 0.088674 0.006651
0.182271 0.490582 0.287993 0.039143 0.00001
0.173533 0.663257 0.134669 0.024044 0.004498
0.656379 0.173531 0.081517 0.002905 0.085668
0.549852 0.170281 0.054683 0.136365 0.088818
0.648677 0.235464 0.115839 0.00001 0.00001
0.564022 0.27363 0.00001 0.103557 0.05878
0.586468 0.220335 0.00001 0.115204 0.077984
0.578902 0.193407 0.00001 0.118002 0.109679
0.708183 0.11136 0.00001 0.180438 0.00001
0.467528 0.206556 0.156543 0.00001 0.169363
0.651989 0.261958 0.037187 0.00001 0.048856
0.545387 0.356242 0.00001 0.00001 0.098351
0.441772 0.060847 0.206576 0.196508 0.094297
0.655844 0.116012 0.052491 0.070008 0.105644
0.566101 0.203299 0.030916 0.156257 0.043427
0.589149 0.18444 0.00001 0.132766 0.093635
0.594179 0.110855 0.090641 0.11712 0.087205
0.501575 0.250548 0.067562 0.08253 0.097785
0.575938 0.097934 0.072244 0.10617 0.147714
0.603183 0.130829 0.065003 0.095574 0.105411
0.521514 0.049707 0.167824 0.109744 0.151211
0.563509 0.143792 0.068768 0.137955 0.085976
0.511504 0.217245 0.038946 0.117279 0.115026
0.625118 0.204173 0.00001 0.159845 0.010854
0.672723 0.145769 0.052384 0.007982 0.121142
0.674951 0.218867 0.00001 0.067213 0.038959
0.537171 0.152923 0.052343 0.069925 0.187638
0.489398 0.456289 0.00001 0.00001 0.054293
0.520856 0.201874 0.065294 0.064471 0.147505
0.587964 0.108354 0.06613 0.134671 0.102881
0.778285 0.00001 0.080553 0.141142 0.00001
0.00001 0.868757 0.131213 0.00001 0.00001
0.005561 0.812118 0.182301 0.00001 0.00001
0.00001 0.907098 0.092872 0.00001 0.00001
0.00001 0.99996 0.00001 0.00001 0.00001
0.00001 0.891355 0.108615 0.00001 0.00001
0.00001 0.863443 0.136527 0.00001 0.00001
0.00001 0.906356 0.093614 0.00001 0.00001
0.00001 0.869516 0.130454 0.00001 0.00001
0.00001 0.829432 0.170538 0.00001 0.00001
0.00001 0.757584 0.242386 0.00001 0.00001
0.00001 0.99996 0.00001 0.00001 0.00001
0.00001 0.948315 0.051655 0.00001 0.00001
0.00001 0.888334 0.111636 0.00001 0.00001
0.00001 0.92281 0.07716 0.00001 0.00001
0.00001 0.99996 0.00001 0.00001 0.00001
0.00001 0.962678 0.037292 0.00001 0.00001
0.00001 0.876964 0.123006 0.00001 0.00001
0.00001 0.874866 0.116633 0.00001 0.008481
0.00001 0.785332 0.189563 0.025085 0.00001
0.00001 0.806432 0.185316 0.00001 0.008232
0.00001 0.920692 0.079278 0.00001 0.00001
0.00001 0.913016 0.086954 0.00001 0.00001
0.00001 0.796431 0.203539 0.00001 0.00001
0.00001 0.759995 0.239975 0.00001 0.00001
0.00001 0.874368 0.125602 0.00001 0.00001
0.00001 0.872053 0.127917 0.00001 0.00001
0.00001 0.844398 0.155572 0.00001 0.00001
0.00001 0.773928 0.226042 0.00001 0.00001
0.00001 0.889151 0.110819 0.00001 0.00001
0.00001 0.81745 0.18252 0.00001 0.00001
0.00001 0.913099 0.086871 0.00001 0.00001
0.005499 0.87408 0.120401 0.00001 0.00001
0.00001 0.893407 0.106563 0.00001 0.00001
0.00001 0.814711 0.185259 0.00001 0.00001
0.00001 0.942071 0.057899 0.00001 0.00001
0.00001 0.81109 0.18888 0.00001 0.00001
0.00001 0.976933 0.023037 0.00001 0.00001
0.00001 0.98757 0.012254 0.00001 0.000156
0.00001 0.941463 0.058507 0.00001 0.00001
0.00001 0.899381 0.100589 0.00001 0.00001
0.00001 0.772717 0.227253 0.00001 0.00001
0.00001 0.808265 0.191705 0.00001 0.00001
0.00001 0.954296 0.00001 0.00001 0.045674
0.031878 0.968092 0.00001 0.00001 0.00001
0.00001 0.703693 0.296277 0.00001 0.00001
0.00001 0.919964 0.080006 0.00001 0.00001
0.00001 0.759319 0.221554 0.00001 0.019107
0.00001 0.939303 0.027468 0.00001 0.033209
0.00001 0.773385 0.226585 0.00001 0.00001
0.00001 0.742582 0.257388 0.00001 0.00001
0.00001 0.871217 0.128753 0.00001 0.00001
0.00001 0.862014 0.137956 0.00001 0.00001
0.00001 0.959533 0.040437 0.00001 0.00001
0.00001 0.925195 0.074775 0.00001 0.00001
0.00001 0.908005 0.091965 0.00001 0.00001
0.00001 0.876513 0.123457 0.00001 0.00001
0.00001 0.922403 0.077567 0.00001 0.00001
0.00001 0.836007 0.163963 0.00001 0.00001
0.00001 0.852552 0.137553 0.00001 0.009875
0.00001 0.757542 0.242428 0.00001 0.00001
0.00001 0.93365 0.040111 0.00001 0.026218
0.026023 0.973947 0.00001 0.00001 0.00001
0.00001 0.908014 0.080835 0.011132 0.00001
0.00001 0.995674 0.00001 0.004296 0.00001
0.00001 0.99996 0.00001 0.00001 0.00001
0.00001 0.99996 0.00001 0.00001 0.00001
0.00001 0.758811 0.23598 0.00001 0.00519
0.00631 0.875758 0.117912 0.00001 0.00001
0.00001 0.857906 0.142064 0.00001 0.00001
0.00001 0.82974 0.17023 0.00001 0.00001
0.006221 0.822659 0.1711 0.00001 0.00001
0.00001 0.975386 0.024584 0.00001 0.00001
0.00001 0.927056 0.072914 0.00001 0.00001
0.00001 0.8774 0.12257 0.00001 0.00001
0.00001 0.980859 0.019111 0.00001 0.00001
0.003989 0.919111 0.076881 0.00001 0.00001
0.00001 0.928532 0.071438 0.00001 0.00001
0.00001 0.88278 0.11719 0.00001 0.00001
0.00001 0.85866 0.14131 0.00001 0.00001
0.00001 0.941382 0.050739 0.00001 0.007859
0.00001 0.99996 0.00001 0.00001 0.00001
0.00001 0.974562 0.025408 0.00001 0.00001
0.00001 0.865703 0.134267 0.00001 0.00001
0.00001 0.789914 0.210056 0.00001 0.00001
0.00001 0.847757 0.152213 0.00001 0.00001
0.00001 0.853286 0.146684 0.00001 0.00001
0.00001 0.866978 0.132992 0.00001 0.00001
0.00001 0.826297 0.173673 0.00001 0.00001
0.00001 0.841262 0.158708 0.00001 0.00001
0.00001 0.942613 0.057357 0.00001 0.00001
0.00001 0.808409 0.183426 0.00001 0.008146
0.00001 0.819452 0.180518 0.00001 0.00001
0.00001 0.700632 0.299338 0.00001 0.00001
0.00001 0.68685 0.31312 0.00001 0.00001
0.00001 0.703667 0.296303 0.00001 0.00001
0.00001 0.751565 0.248405 0.00001 0.00001
0.00001 0.868902 0.131068 0.00001 0.00001
0.00001 0.802362 0.197608 0.00001 0.00001
0.00001 0.67575 0.32422 0.00001 0.00001
0.00001 0.699107 0.300863 0.00001 0.00001
0.00001 0.68187 0.3181 0.00001 0.00001
0.00001 0.99996 0.00001 0.00001 0.00001
0.00001 0.99996 0.00001 0.00001 0.00001
0.00001 0.847188 0.152782 0.00001 0.00001
0.00001 0.802384 0.197586 0.00001 0.00001
0.00001 0.99996 0.00001 0.00001 0.00001
0.00001 0.860167 0.123354 0.00001 0.016459
0.00001 0.286488 0.713482 0.00001 0.00001
0.00001 0.536146 0.463824 0.00001 0.00001
0.00001 0.534349 0.465621 0.00001 0.00001
0.00001 0.299722 0.700248 0.00001 0.00001
0.00001 0.334486 0.665484 0.00001 0.00001
0.00001 0.572161 0.427809 0.00001 0.00001
0.00001 0.503307 0.496663 0.00001 0.00001
0.00001 0.365887 0.634083 0.00001 0.00001
0.00001 0.235274 0.764696 0.00001 0.00001
0.00001 0.70015 0.29982 0.00001 0.00001
0.00001 0.581578 0.418392 0.00001 0.00001
0.00001 0.362953 0.637017 0.00001 0.00001
0.00001 0.351771 0.648199 0.00001 0.00001
0.00001 0.683906 0.316064 0.00001 0.00001
0.00001 0.435131 0.564839 0.00001 0.00001
0.00001 0.453694 0.546276 0.00001 0.00001
0.00001 0.366031 0.633939 0.00001 0.00001
0.00001 0.363258 0.636712 0.00001 0.00001
0.00001 0.356082 0.643888 0.00001 0.00001
0.00001 0.526519 0.473451 0.00001 0.00001
0.00001 0.692106 0.307864 0.00001 0.00001
0.00001 0.310166 0.689804 0.00001 0.00001
0.00001 0.293029 0.706941 0.00001 0.00001
0.00001 0.294146 0.705824 0.00001 0.00001
0.00001 0.611463 0.388507 0.00001 0.00001
0.00001 0.419728 0.580242 0.00001 0.00001
0.00001 0.519748 0.480222 0.00001 0.00001
0.00001 0.481263 0.518707 0.00001 0.00001
0.00001 0.00001 0.99996 0.00001 0.00001
0.00001 0.034455 0.965515 0.00001 0.00001
0.00001 0.00001 0.99996 0.00001 0.00001
0.00001 0.00001 0.99996 0.00001 0.00001
0.00001 0.00001 0.99996 0.00001 0.00001
0.00001 0.00001 0.99996 0.00001 0.00001
0.00001 0.033301 0.966669 0.00001 0.00001
0.00001 0.061474 0.938496 0.00001 0.00001
0.00001 0.00001 0.99996 0.00001 0.00001
0.00001 0.00001 0.99996 0.00001 0.00001
0.00001 0.00001 0.99996 0.00001 0.00001
0.00001 0.00001 0.99996 0.00001 0.00001
0.00001 0.00001 0.99996 0.00001 0.00001
0.00001 0.00001 0.99996 0.00001 0.00001
0.00001 0.00001 0.99996 0.00001 0.00001
0.00001 0.00001 0.99996 0.00001 0.00001
0.00001 0.063104 0.936866 0.00001 0.00001
0.00001 0.053915 0.946055 0.00001 0.00001
0.00001 0.00001 0.99996 0.00001 0.00001
0.00001 0.00001 0.99996 0.00001 0.00001
0.00001 0.00001 0.99996 0.00001 0.00001
0.00001 0.00001 0.99996 0.00001 0.00001
0.00001 0.111845 0.888125 0.00001 0.00001
0.00001 0.00001 0.99996 0.00001 0.00001
0.00001 0.00001 0.99996 0.00001 0.00001
0.00001 0.198362 0.801608 0.00001 0.00001
0.00001 0.285212 0.714758 0.00001 0.00001
0.00001 0.154066 0.845904 0.00001 0.00001
0.00001 0.06221 0.93776 0.00001 0.00001
0.00001 0.234083 0.765887 0.00001 0.00001
0.00001 0.273402 0.726568 0.00001 0.00001
0.00001 0.147654 0.852316 0.00001 0.00001
0.00001 0.260248 0.739722 0.00001 0.00001
0.00001 0.051793 0.948177 0.00001 0.00001
0.00001 0.184437 0.815533 0.00001 0.00001
0.00001 0.188035 0.811935 0.00001 0.00001
0.00001 0.167311 0.832659 0.00001 0.00001
0.00001 0.085197 0.914773 0.00001 0.00001
0.00001 0.173569 0.826401 0.00001 0.00001
0.00001 0.207648 0.792322 0.00001 0.00001
0.00001 0.224531 0.775439 0.00001 0.00001
0.00001 0.170607 0.829363 0.00001 0.00001
0.00001 0.202847 0.797123 0.00001 0.00001
0.00001 0.14605 0.85392 0.00001 0.00001
0.00001 0.259987 0.739983 0.00001 0.00001
0.00001 0.176267 0.823703 0.00001 0.00001
0.00001 0.162758 0.837212 0.00001 0.00001
0.00001 0.200415 0.799555 0.00001 0.00001
0.00001 0.061891 0.938079 0.00001 0.00001
0.00001 0.185093 0.814877 0.00001 0.00001
0.00001 0.204638 0.795332 0.00001 0.00001
0.00001 0.227858 0.772112 0.00001 0.00001
0.00001 0.140994 0.858976 0.00001 0.00001
0.00001 0.102318 0.897652 0.00001 0.00001
0.00001 0.073645 0.926325 0.00001 0.00001
0.00001 0.192621 0.807349 0.00001 0.00001
0.00001 0.176645 0.823325 0.00001 0.00001
0.00001 0.15825 0.84172 0.00001 0.00001
0.00001 0.036975 0.962995 0.00001 0.00001
0.00001 0.173535 0.826435 0.00001 0.00001
0.00001 0.00001 0.99996 0.00001 0.00001
0.00001 0.113329 0.886641 0.00001 0.00001
0.00001 0.00001 0.99996 0.00001 0.00001
0.00001 0.012842 0.987128 0.00001 0.00001
0.00001 0.109572 0.890398 0.00001 0.00001
0.00001 0.056298 0.943672 0.00001 0.00001
0.00001 0.166293 0.833677 0.00001 0.00001
0.00001 0.200041 0.799929 0.00001 0.00001
0.00001 0.041855 0.958115 0.00001 0.00001
0.00001 0.100948 0.899022 0.00001 0.00001
0.00001 0.138562 0.861408 0.00001 0.00001
0.00001 0.041225 0.958745 0.00001 0.00001
0.00001 0.136523 0.863447 0.00001 0.00001
0.00001 0.176854 0.823116 0.00001 0.00001
0.00001 0.131027 0.868943 0.00001 0.00001
0.00001 0.105388 0.894582 0.00001 0.00001
0.00001 0.137176 0.862794 0.00001 0.00001
0.00001 0.063303 0.936667 0.00001 0.00001
0.00001 0.138951 0.861019 0.00001 0.00001
0.00001 0.223843 0.776127 0.00001 0.00001
0.00001 0.00001 0.99996 0.00001 0.00001
0.00001 0.242834 0.757136 0.00001 0.00001
0.00001 0.080865 0.919105 0.00001 0.00001
0.00001 0.137842 0.862128 0.00001 0.00001
0.00001 0.176384 0.823586 0.00001 0.00001
0.00001 0.135477 0.864493 0.00001 0.00001
0.00001 0.176798 0.823172 0.00001 0.00001
0.00001 0.208934 0.791036 0.00001 0.00001
0.00001 0.200764 0.799206 0.00001 0.00001
