0.00001 0.00001 0.00001 0.99996 0.00001
0.00001 0.00001 0.00001 0.99996 0.00001
0.00001 0.00001 0.00001 0.99996 0.00001
0.00001 0.00001 0.00001 0.99996 0.00001
0.00001 0.00001 0.00001 0.99996 0.00001
0.00001 0.00001 0.00001 0.99996 0.00001
0.00001 0.338931 0.00001 0.661039 0.00001
0.00001 0.322168 0.00001 0.677802 0.00001
0.00001 0.00001 0.00001 0.99996 0.00001
0.00001 0.00001 0.00001 0.99996 0.00001
0.00001 0.00001 0.00001 0.99996 0.00001
0.00001 0.00001 0.00001 0.99996 0.00001
0.00001 0.00001 0.00001 0.99996 0.00001
0.032499 0.472526 0.00001 0.494955 0.00001
0.00001 0.00001 0.00001 0.99996 0.00001
0.00001 0.00001 0.00001 0.99996 0.00001
0.00001 0.00001 0.00001 0.99996 0.00001
0.00001 0.00001 0.00001 0.99996 0.00001
0.00001 0.00001 0.00001 0.99996 0.00001
0.00001 0.455296 0.00001 0.544674 0.00001
0.00001 0.00001 0.00001 0.99996 0.00001
0.00001 0.481899 0.00001 0.518071 0.00001
0.00001 0.99996 0.00001 0.00001 0.00001
0.02789 0.97208 0.00001 0.00001 0.00001
0.00001 0.717469 0.00001 0.282501 0.00001
0.00001 0.796455 0.00001 0.203515 0.00001
0.00001 0.759748 0.026708 0.213525 0.00001
0.00001 0.752111 0.00001 0.247859 0.00001
0.00001 0.75784 0.000283 0.241857 0.00001
0.00001 0.625869 0.00001 0.374101 0.00001
0.00001 0.713681 0.00001 0.286289 0.00001
0.00001 0.709683 0.00001 0.287963 0.002334
0.00001 0.651536 0.023383 0.32506 0.00001
0.00001 0.781024 0.00001 0.218946 0.00001
0.00001 0.911396 0.00001 0.088574 0.00001
0.00001 0.99996 0.00001 0.00001 0.00001
0.00001 0.809767 0.00001 0.190203 0.00001
0.004967 0.726654 0.00001 0.268359 0.00001
0.00001 0.687132 0.00001 0.312838 0.00001
0.001715 0.884193 0.00001 0.114072 0.00001
0.00001 0.870078 0.00001 0.129892 0.00001
0.00001 0.99996 0.00001 0.00001 0.00001
0.00001 0.781359 0.01769 0.200931 0.00001
0.00001 0.708804 0.049311 0.241864 0.00001
0.00001 0.680588 0.00001 0.319382 0.00001
0.00001 0.783852 0.00001 0.216118 0.00001
0.00001 0.879517 0.00001 0.120453 0.00001
0.00001 0.712388 0.00001 0.287582 0.00001
0.00001 0.809055 0.00001 0.190915 0.00001
0.016139 0.626274 0.00001 0.357567 0.00001
0.00001 0.681017 0.00001 0.318953 0.00001
0.00001 0.761514 0.005675 0.232791 0.00001
0.00001 0.99996 0.00001 0.00001 0.00001
0.00001 0.856625 0.00001 0.143345 0.00001
0.010523 0.989447 0.00001 0.00001 0.00001
0.00001 0.806959 0.00001 0.193011 0.00001
0.021284 0.594661 0.00001 0.384035 0.00001
0.005551 0.932232 0.00001 0.062197 0.00001
0.00001 0.747574 0.00001 0.252396 0.00001
0.006613 0.705752 0.01824 0.269385 0.00001
0.00001 0.99996 0.00001 0.00001 0.00001
0.00001 0.757157 0.00001 0.242813 0.00001
0.00001 0.775899 0.00001 0.224071 0.00001
0.01275 0.698903 0.00001 0.288327 0.00001
0.00001 0.518797 0.00001 0.481173 0.00001
0.00001 0.752351 0.00001 0.247619 0.00001
0.00001 0.83066 0.00001 0.16931 0.00001
0.00001 0.7441 0.00001 0.25587 0.00001
0.00001 0.745637 0.00001 0.249484 0.004859
0.00001 0.80435 0.00001 0.19562 0.00001
0.00001 0.692737 0.00001 0.307233 0.00001
0.010908 0.714039 0.00001 0.275033 0.00001
0.00001 0.805959 0.00001 0.194011 0.00001
0.00001 0.748702 0.00001 0.251268 0.00001
0.00001 0.662657 0.00001 0.337313 0.00001
0.009011 0.696253 0.00001 0.294716 0.00001
0.00001 0.771556 0.00001 0.228414 0.00001
0.00001 0.636554 0.00001 0.363416 0.00001
0.00001 0.713604 0.008805 0.27757 0.00001
0.009682 0.750779 0.00001 0.239519 0.00001
0.00001 0.599447 0.077726 0.322806 0.00001
0.00001 0.795749 0.00001 0.204221 0.00001
0.00001 0.988996 0.00001 0.010974 0.00001
0.003164 0.625078 0.00001 0.371738 0.00001
0.00001 0.810207 0.00001 0.189763 0.00001
0.004937 0.721732 0.00001 0.273311 0.00001
0.00001 0.852733 0.00001 0.147237 0.00001
0.00001 0.854864 0.00001 0.145106 0.00001
0.00001 0.718714 0.003502 0.277763 0.00001
0.00001 0.625348 0.00001 0.374622 0.00001
0.00001 0.783198 0.00001 0.216772 0.00001
0.00001 0.778416 0.013494 0.20807 0.00001
0.00001 0.593068 0.00001 0.404649 0.002263
0.00001 0.99996 0.00001 0.00001 0.00001
0.00001 0.623226 0.00001 0.376744 0.00001
0.00001 0.99996 0.00001 0.00001 0.00001
0.004225 0.837474 0.00001 0.158281 0.00001
0.00001 0.857943 0.00001 0.142027 0.00001
0.00001 0.662764 0.00001 0.337206 0.00001
0.00001 0.99996 0.00001 0.00001 0.00001
0.00001 0.730022 0.00001 0.269948 0.00001
0.00001 0.694718 0.00001 0.305252 0.00001
0.00001 0.853097 0.00001 0.146873 0.00001
0.005764 0.734638 0.00001 0.259578 0.00001
0.00001 0.811057 0.0036 0.185323 0.00001
0.00001 0.898835 0.00001 0.101135 0.00001
0.011936 0.815265 0.00001 0.172779 0.00001
0.000321 0.686781 0.00001 0.312878 0.00001
0.00001 0.71059 0.001619 0.287771 0.00001
0.00001 0.99996 0.00001 0.00001 0.00001
0.00001 0.99996 0.00001 0.00001 0.00001
0.00001 0.812005 0.00001 0.187965 0.00001
0.00001 0.689226 0.00001 0.310744 0.00001
0.00001 0.75849 0.00001 0.24148 0.00001
0.00001 0.746752 0.00001 0.253218 0.00001
0.00001 0.905916 0.00001 0.094054 0.00001
0.00001 0.777703 0.00001 0.222267 0.00001
0.00001 0.773691 0.00001 0.226279 0.00001
0.00001 0.626075 0.00001 0.373895 0.00001
0.00001 0.664773 0.004371 0.330836 0.00001
0.00001 0.672881 0.00001 0.327089 0.00001
0.00001 0.869156 0.00001 0.130814 0.00001
0.00001 0.801304 0.00001 0.198666 0.00001
0.00001 0.792523 0.00001 0.207447 0.00001
0.00001 0.747505 0.00001 0.252465 0.00001
0.00001 0.976665 0.00001 0.018261 0.005055
0.00001 0.99996 0.00001 0.00001 0.00001
0.00001 0.881066 0.00001 0.118904 0.00001
0.00001 0.998598 0.001365 0.000018 0.00001
0.00001 0.788075 0.00001 0.211895 0.00001
0.0011 0.764387 0.028008 0.206495 0.00001
0.091775 0.348448 0.390537 0.157151 0.012089
0.048161 0.3599 0.36854 0.166701 0.056698
0.022135 0.546971 0.237772 0.064156 0.128966
0.049022 0.617486 0.138892 0.138784 0.055815
0.108273 0.716129 0.125096 0.050492 0.00001
0.002026 0.610993 0.188935 0.147073 0.050974
0.00001 0.164848 0.492746 0.036915 0.305481
0.068159 0.336918 0.425257 0.127297 0.042369
0.00001 0.202361 0.451793 0.149007 0.196829
0.035064 0.5581 0.155783 0.161198 0.089855
0.00595 0.636532 0.187322 0.163518 0.006678
0.99996 0.00001 0.00001 0.00001 0.00001
0.07542 0.186474 0.610356 0.114579 0.01317
0.10246 0.107304 0.467302 0.108414 0.214519
0.08993 0.146521 0.625479 0.051681 0.086389
0.061645 0.636379 0.174503 0.105016 0.022457
0.013123 0.56955 0.167798 0.204274 0.045254
0.01416 0.541832 0.228935 0.105115 0.109957
0.00001 0.518174 0.274128 0.207678 0.00001
0.00001 0.588214 0.220593 0.191173 0.00001
0.00001 0.629553 0.194369 0.176057 0.00001
0.009003 0.571016 0.104167 0.315803 0.00001
0.037973 0.634499 0.191848 0.00001 0.13567
0.028685 0.592442 0.257495 0.106744 0.014633
0.026207 0.618897 0.331826 0.023061 0.00001
0.00001 0.487901 0.061377 0.244275 0.206437
0.022123 0.663862 0.116845 0.165369 0.0318
0.022944 0.531539 0.190918 0.232715 0.021884
0.00001 0.627547 0.185621 0.186812 0.00001
0.00001 0.596832 0.111766 0.201109 0.090283
0.00001 0.523566 0.24136 0.157866 0.077199
0.053713 0.656698 0.091072 0.171357 0.02716
0.00001 0.64082 0.125534 0.163006 0.07063
0.004785 0.604458 0.039113 0.17749 0.174154
0.008171 0.558653 0.155027 0.227783 0.050366
0.00001 0.566461 0.210056 0.17698 0.046492
0.00001 0.530407 0.204294 0.26528 0.00001
0.051036 0.693085 0.147406 0.10593 0.002543
0.00001 0.599377 0.219539 0.181065 0.00001
0.023621 0.679716 0.128795 0.113578 0.054289
0.00001 0.472254 0.455887 0.071839 0.00001
0.00001 0.605293 0.198026 0.127015 0.069656
0.0108 0.610215 0.104083 0.214419 0.060484
0.016982 0.645406 0.00001 0.270408 0.067195
0.112178 0.00001 0.81049 0.00001 0.077312
0.00001 0.006451 0.777168 0.00001 0.216361
0.100276 0.00001 0.867802 0.00001 0.031903
0.022624 0.00001 0.97571 0.00001 0.001646
0.047631 0.00001 0.854324 0.00001 0.098024
0.045718 0.00001 0.833382 0.00001 0.12088
0.06438 0.00001 0.852914 0.00001 0.082686
0.00001 0.00001 0.852003 0.00001 0.147967
0.057637 0.00001 0.796013 0.00001 0.14633
0.00001 0.00001 0.753352 0.00001 0.246618
0.00001 0.00001 0.99996 0.00001 0.00001
0.02089 0.00001 0.92691 0.00001 0.05218
0.034866 0.00001 0.859254 0.00001 0.105859
0.00001 0.00001 0.893903 0.00001 0.106067
0.00001 0.00001 0.99996 0.00001 0.00001
0.00001 0.00001 0.961638 0.00001 0.038332
0.058464 0.00001 0.841386 0.00001 0.10013
0.00001 0.00001 0.857633 0.00001 0.142337
0.000016 0.00001 0.760606 0.025255 0.214113
0.020878 0.00001 0.810256 0.00001 0.168846
0.140376 0.00001 0.859594 0.00001 0.00001
0.00001 0.00001 0.904529 0.00001 0.095441
0.067865 0.00001 0.778535 0.00001 0.153581
0.064656 0.00001 0.746958 0.00001 0.188366
0.108824 0.00001 0.85019 0.00001 0.040966
0.00001 0.00001 0.851609 0.00001 0.148361
0.093333 0.00001 0.804025 0.00001 0.102622
0.062569 0.00001 0.743161 0.00001 0.19425
0.04309 0.00001 0.871687 0.00001 0.085204
0.024406 0.00001 0.791104 0.00001 0.18447
0.061215 0.00001 0.878415 0.00001 0.06035
0.00001 0.006346 0.844639 0.00001 0.148995
0.050827 0.00001 0.851153 0.00001 0.098
0.126098 0.00001 0.776481 0.00001 0.0974
0.00001 0.00001 0.926405 0.00001 0.073565
0.053489 0.00001 0.767114 0.00001 0.179377
0.113493 0.00001 0.886477 0.00001 0.00001
0.00001 0.00001 0.965561 0.00001 0.034409
0.04362 0.00001 0.911179 0.00001 0.045181
0.066974 0.00001 0.876943 0.00001 0.056064
0.00001 0.00001 0.745501 0.00001 0.254469
0.059836 0.00001 0.767489 0.00001 0.172655
0.151053 0.025894 0.823033 0.00001 0.00001
0.115124 0.018645 0.866211 0.00001 0.00001
0.062426 0.00001 0.679732 0.00001 0.257822
0.105046 0.00001 0.894221 0.00001 0.000713
0.126342 0.00001 0.74551 0.00001 0.128128
0.060489 0.029843 0.89458 0.00001 0.015077
0.052314 0.00001 0.747168 0.00001 0.200498
0.00001 0.00001 0.727509 0.00001 0.272461
0.008264 0.00001 0.837002 0.00001 0.154714
0.058345 0.00001 0.83046 0.00001 0.111175
0.027094 0.00001 0.929482 0.00001 0.043405
0.00001 0.00001 0.891071 0.00001 0.108899
0.00001 0.00001 0.884839 0.00001 0.115131
0.047884 0.00001 0.842622 0.00001 0.109474
0.041916 0.00001 0.895601 0.00001 0.062463
0.114367 0.00001 0.793557 0.00001 0.092056
0.00001 0.00408 0.829591 0.00001 0.166309
0.000016 0.00001 0.74602 0.00001 0.253944
0.006197 0.023472 0.92344 0.00001 0.046881
0.015113 0.024623 0.960244 0.00001 0.00001
0.121121 0.00001 0.878849 0.00001 0.00001
0.020242 0.00001 0.976727 0.003011 0.00001
0.031235 0.00001 0.968735 0.00001 0.00001
0.00001 0.00001 0.99996 0.00001 0.00001
0.059775 0.00001 0.736164 0.00001 0.204041
0.130675 0.00001 0.840156 0.00001 0.029148
0.056715 0.00001 0.82363 0.00001 0.119636
0.132063 0.00001 0.788273 0.00001 0.079644
0.053392 0.003418 0.791906 0.00001 0.151274
0.015133 0.00001 0.951097 0.00001 0.03375
0.01185 0.00001 0.891834 0.00001 0.096296
0.00001 0.00001 0.860205 0.00001 0.139765
0.046201 0.00001 0.953769 0.00001 0.00001
0.037408 0.001607 0.901676 0.00001 0.059299
0.00001 0.00001 0.897923 0.00001 0.102047
0.022278 0.00001 0.856752 0.00001 0.120949
0.112321 0.00001 0.80665 0.00001 0.081009
0.131391 0.00001 0.868579 0.00001 0.00001
0.068621 0.00001 0.931349 0.00001 0.00001
0.032287 0.00001 0.942579 0.00001 0.025114
0.053498 0.00001 0.843383 0.00001 0.103099
0.025456 0.00001 0.767621 0.00001 0.206903
0.03632 0.00001 0.831925 0.00001 0.131736
0.030188 0.00001 0.835111 0.00001 0.134681
0.008731 0.00001 0.832827 0.00001 0.158422
0.086111 0.00001 0.79084 0.00001 0.123029
0.009817 0.00001 0.816839 0.00001 0.173324
0.004131 0.00001 0.931214 0.00001 0.064636
0.020009 0.00001 0.794146 0.00001 0.185824
0.023067 0.00001 0.786329 0.00001 0.190584
0.085132 0.00001 0.653419 0.00001 0.261429
0.085782 0.00001 0.641434 0.00001 0.272764
0.00001 0.00001 0.687526 0.00001 0.312444
0.00001 0.00001 0.726533 0.00001 0.273437
0.000016 0.00001 0.84359 0.00001 0.156373
0.047592 0.00001 0.783164 0.00001 0.169224
0.042241 0.00001 0.656713 0.00001 0.301026
0.08026 0.00001 0.663347 0.00001 0.256373
0.039428 0.00001 0.658118 0.00001 0.302434
0.02521 0.00001 0.97476 0.00001 0.00001
0.00001 0.00001 0.99996 0.00001 0.00001
0.114117 0.00001 0.803921 0.00001 0.081943
0.008898 0.00001 0.781618 0.00001 0.209464
0.013917 0.00001 0.976085 0.00001 0.009978
0.070946 0.00001 0.858558 0.005853 0.064633
0.00001 0.00001 0.267992 0.00001 0.731978
0.00001 0.00001 0.507431 0.00001 0.492539
0.046367 0.00001 0.511425 0.00001 0.442188
0.00001 0.00001 0.291788 0.00001 0.708182
0.042054 0.00001 0.316621 0.00001 0.641305
0.024874 0.00001 0.550729 0.00001 0.424377
0.00001 0.00001 0.478177 0.00001 0.521793
0.073699 0.00001 0.34499 0.00001 0.581291
0.045961 0.00001 0.213334 0.00001 0.740685
0.103838 0.00001 0.658258 0.00001 0.237884
0.000018 0.00001 0.552033 0.00001 0.447929
0.00001 0.00001 0.356127 0.00001 0.643843
0.018246 0.00001 0.33727 0.00001 0.644464
0.059538 0.00001 0.663398 0.00001 0.277044
0.076166 0.00001 0.41653 0.00001 0.507284
0.00001 0.00001 0.43042 0.00001 0.56955
0.00001 0.00001 0.344158 0.00001 0.655812
0.011141 0.00001 0.344065 0.00001 0.644774
0.00001 0.00001 0.344834 0.00001 0.655136
0.08063 0.00001 0.490574 0.00001 0.428776
0.058729 0.00001 0.66507 0.00001 0.276181
0.00001 0.00001 0.301541 0.00001 0.698429
0.00001 0.00001 0.273916 0.00001 0.726054
0.00001 0.00001 0.282434 0.00001 0.717536
0.00001 0.00001 0.589708 0.00001 0.410262
0.041001 0.00001 0.39525 0.00001 0.563729
0.1095 0.00001 0.470538 0.00001 0.419942
0.070793 0.00001 0.452389 0.00001 0.476798
0.077135 0.00001 0.00001 0.00001 0.922835
0.032672 0.00001 0.02267 0.00001 0.944638
0.026153 0.00001 0.00001 0.00001 0.973817
0.108093 0.00001 0.00001 0.00001 0.891877
0.00001 0.00001 0.00001 0.00001 0.99996
0.109508 0.00001 0.00001 0.00001 0.890462
0.00001 0.00001 0.00001 0.00001 0.99996
0.00001 0.00001 0.025549 0.00001 0.974421
0.00001 0.00001 0.00001 0.00001 0.99996
0.054736 0.00001 0.00001 0.00001 0.945234
0.047305 0.00001 0.00001 0.00001 0.952665
0.00001 0.00001 0.00001 0.00001 0.99996
0.002489 0.00001 0.00001 0.00001 0.997481
0.005195 0.00001 0.00001 0.00001 0.994775
0.99996 0.00001 0.00001 0.00001 0.00001
0.060297 0.00001 0.00001 0.00001 0.939673
0.051988 0.000016 0.050957 0.00001 0.897028
0.025053 0.00001 0.047469 0.00001 0.927458
0.00001 0.00001 0.00001 0.00001 0.99996
0.076561 0.00001 0.00001 0.00001 0.923409
0.067471 0.00001 0.00001 0.00001 0.932499
0.061514 0.00001 0.00001 0.00001 0.938456
0.02994 0.00001 0.097905 0.00001 0.872134
0.99996 0.00001 0.00001 0.00001 0.00001
0.161505 0.00001 0.00001 0.00001 0.838465
0.00001 0.00001 0.184987 0.00001 0.814983
0.045464 0.00001 0.264933 0.00001 0.689583
0.020397 0.00001 0.12145 0.00001 0.858133
0.00001 0.00001 0.030336 0.00001 0.969634
0.065396 0.00001 0.20819 0.00001 0.726394
0.00001 0.00001 0.255703 0.00001 0.744267
0.061805 0.00001 0.112563 0.00001 0.825612
0.00001 0.00001 0.239088 0.00001 0.760882
0.001471 0.00001 0.044208 0.00001 0.954301
0.00001 0.00001 0.158864 0.00001 0.841106
0.000014 0.00001 0.169081 0.00001 0.830885
0.00001 0.00001 0.145965 0.00001 0.854005
0.045288 0.00001 0.067275 0.00001 0.887417
0.00001 0.00001 0.154163 0.00001 0.845807
0.014097 0.00001 0.169997 0.00001 0.815887
0.019072 0.00001 0.225684 0.00001 0.755224
0.00001 0.00001 0.157774 0.00001 0.842196
0.001736 0.00001 0.181096 0.00001 0.817148
0.00001 0.00001 0.128149 0.00001 0.871821
0.05909 0.00001 0.230169 0.00001 0.710721
0.00001 0.00001 0.147497 0.00001 0.852473
0.022269 0.00001 0.13243 0.00001 0.845281
0.071251 0.00001 0.165237 0.00001 0.763492
0.00001 0.00001 0.024117 0.00001 0.975853
0.00001 0.00001 0.168233 0.00001 0.831737
0.00001 0.00001 0.193829 0.00001 0.806141
0.00001 0.00001 0.20199 0.00001 0.79798
0.089311 0.00001 0.102012 0.00001 0.808658
0.00001 0.00001 0.063554 0.00001 0.936416
0.00001 0.00001 0.026012 0.00001 0.973958
0.030283 0.00001 0.168076 0.00001 0.801621
0.00001 0.00001 0.151711 0.00001 0.848259
0.03918 0.00001 0.126183 0.00001 0.834617
0.021082 0.00001 0.01492 0.00001 0.963979
0.00001 0.00001 0.140003 0.00001 0.859967
0.00001 0.00001 0.00001 0.00001 0.99996
0.00001 0.00001 0.090404 0.00001 0.909566
0.00001 0.00001 0.00001 0.00001 0.99996
0.00001 0.00001 0.00001 0.00001 0.99996
0.00001 0.00001 0.081054 0.00001 0.918916
0.00001 0.00001 0.034607 0.00001 0.965363
0.00001 0.00001 0.133519 0.00001 0.866451
0.034072 0.00001 0.169323 0.00001 0.796584
0.00001 0.00001 0.011944 0.00001 0.988026
0.025143 0.00001 0.067321 0.00001 0.907517
0.00001 0.00001 0.096721 0.00001 0.903249
0.040331 0.00001 0.018789 0.00001 0.94086
0.00001 0.00001 0.113332 0.00001 0.886638
0.00001 0.00001 0.158631 0.00001 0.841339
0.00001 0.00001 0.110008 0.00001 0.889962
0.052628 0.00001 0.081796 0.00001 0.865556
0.00001 0.00001 0.11935 0.00001 0.88062
0.00001 0.00001 0.03423 0.00001 0.96574
0.00001 0.00001 0.114746 0.00001 0.885224
0.00001 0.00001 0.213813 0.00001 0.786157
0.059011 0.00001 0.00001 0.00001 0.940959
0.00001 0.00001 0.214856 0.00001 0.785114
0.001187 0.00001 0.078348 0.00001 0.920445
0.032809 0.00001 0.115922 0.00001 0.851249
0.00001 0.00001 0.150273 0.00001 0.849697
0.071678 0.00001 0.08636 0.00001 0.841942
0.034813 0.00001 0.157182 0.00001 0.807985
0.055267 0.00001 0.190648 0.00001 0.754065
0.00001 0.00001 0.181967 0.00001 0.818003
