0.00001 0.99997 0.00001 0.00001
0.00001 0.682188 0.00001 0.317792
0.00001 0.99997 0.00001 0.00001
0.00001 0.99997 0.00001 0.00001
0.00001 0.99997 0.00001 0.00001
0.00001 0.99997 0.00001 0.00001
0.00001 0.594973 0.00001 0.405007
0.00001 0.640469 0.00001 0.359511
0.00001 0.719014 0.00001 0.280966
0.00001 0.99997 0.00001 0.00001
0.00001 0.99997 0.00001 0.00001
0.00001 0.99997 0.00001 0.00001
0.00001 0.682571 0.00001 0.317409
0.02693 0.445181 0.00001 0.527879
0.00001 0.99997 0.00001 0.00001
0.00001 0.99997 0.00001 0.00001
0.00001 0.99997 0.00001 0.00001
0.00001 0.707521 0.00001 0.292459
0.00001 0.99997 0.00001 0.00001
0.00001 0.488044 0.00001 0.511936
0.00001 0.99997 0.00001 0.00001
0.000014 0.470239 0.00001 0.529737
0.00001 0.004342 0.00001 0.995638
0.02456 0.00001 0.00001 0.97542
0.00001 0.2232 0.00001 0.77678
0.00001 0.149856 0.00001 0.850124
0.025814 0.187403 0.00001 0.786773
0.00001 0.224222 0.00001 0.775758
0.000016 0.215035 0.00001 0.784939
0.00001 0.351744 0.00001 0.648236
0.00001 0.243773 0.00001 0.756207
0.00001 0.233733 0.001375 0.764882
0.022441 0.288334 0.00001 0.689214
0.00001 0.194892 0.00001 0.805088
0.00001 0.07568 0.00001 0.9243
0.00001 0.00001 0.00001 0.99997
0.00001 0.169788 0.00001 0.830192
0.00001 0.241534 0.00001 0.758446
0.00001 0.273025 0.00001 0.726955
0.00001 0.088843 0.00001 0.911137
0.00001 0.08619 0.00001 0.91379
0.00001 0.00001 0.00001 0.99997
0.017407 0.189785 0.00001 0.792798
0.048386 0.201391 0.00001 0.750212
0.00001 0.298837 0.00001 0.701143
0.00001 0.180683 0.00001 0.819297
0.00001 0.097306 0.00001 0.902674
0.00001 0.232195 0.00001 0.767785
0.00001 0.174628 0.00001 0.825352
0.014847 0.322543 0.00001 0.6626
0.00001 0.300128 0.00001 0.699852
0.005068 0.211892 0.00001 0.783029
0.00001 0.00001 0.00001 0.99997
0.00001 0.133553 0.00001 0.866427
0.008805 0.00001 0.00001 0.991175
0.00001 0.196211 0.00001 0.803769
0.015967 0.345562 0.00001 0.638461
0.000017 0.079406 0.00001 0.920567
0.00001 0.219041 0.00001 0.780939
0.024425 0.237618 0.00001 0.737947
0.00001 0.00001 0.00001 0.99997
0.00001 0.206963 0.00001 0.793017
0.00001 0.204992 0.00001 0.794988
0.01054 0.260614 0.00001 0.728836
0.00001 0.430747 0.00001 0.569233
0.00001 0.226168 0.00001 0.773812
0.00001 0.136064 0.00001 0.863916
0.00001 0.225253 0.00001 0.774727
0.00001 0.215569 0.00409 0.780331
0.00001 0.184175 0.00001 0.815805
0.00001 0.276978 0.00001 0.723002
0.006055 0.246778 0.00001 0.747157
0.00001 0.16281 0.00001 0.83717
0.00001 0.23648 0.00001 0.7635
0.00001 0.29181 0.00001 0.70817
0.003974 0.242845 0.00001 0.753171
0.00001 0.193051 0.00001 0.806929
0.00001 0.298033 0.00001 0.701947
0.008106 0.25162 0.00001 0.740264
0.00001 0.214072 0.00001 0.785908
0.077168 0.30969 0.00001 0.613133
0.00001 0.169749 0.00001 0.830231
0.00001 0.025344 0.00001 0.974636
0.00001 0.341637 0.00001 0.658343
0.00001 0.165814 0.00001 0.834166
0.003569 0.247434 0.00001 0.748986
0.00001 0.123707 0.00001 0.876273
0.00001 0.132915 0.00001 0.867065
0.002623 0.245726 0.00001 0.75164
0.00001 0.335859 0.00001 0.664121
0.00001 0.179653 0.00001 0.820327
0.012721 0.180359 0.00001 0.80691
0.00001 0.364405 0.001583 0.634002
0.00001 0.00001 0.00001 0.99997
0.00001 0.33661 0.00001 0.66337
0.00001 0.00001 0.00001 0.99997
0.00001 0.130207 0.000352 0.86943
0.00001 0.118469 0.00001 0.881511
0.00001 0.311776 0.00001 0.688204
0.00001 0.00001 0.00001 0.99997
0.00001 0.249458 0.00001 0.750522
0.00001 0.27943 0.00001 0.72055
0.00001 0.105638 0.00001 0.894342
0.00001 0.234376 0.00001 0.765604
0.00251 0.171314 0.00001 0.826165
0.00001 0.099846 0.00001 0.900134
0.00001 0.161252 0.00001 0.838728
0.00001 0.278838 0.00001 0.721142
0.000854 0.267699 0.00001 0.731436
0.00001 0.00001 0.00001 0.99997
0.00001 0.00001 0.00001 0.99997
0.00001 0.162255 0.00001 0.837725
0.00001 0.28196 0.00001 0.71802
0.00001 0.2154 0.00001 0.78458
0.00001 0.222507 0.00001 0.777473
0.00001 0.059284 0.00001 0.940696
0.00001 0.1859 0.00001 0.81408
0.00001 0.165057 0.00001 0.834923
0.00001 0.327312 0.00001 0.672668
0.003679 0.298629 0.00001 0.697681
0.00001 0.296921 0.00001 0.703059
0.00001 0.099269 0.00001 0.900711
0.00001 0.178376 0.00001 0.821604
0.00001 0.186768 0.00001 0.813212
0.00001 0.24375 0.00001 0.75623
0.00001 0.028866 0.005013 0.966111
0.00001 0.00001 0.00001 0.99997
0.00001 0.115639 0.00001 0.884341
0.000403 0.024026 0.00001 0.97556
0.00001 0.18688 0.00001 0.8131
0.028493 0.177526 0.00001 0.793971
0.390596 0.125889 0.099285 0.384231
0.382567 0.139485 0.088935 0.389012
0.250046 0.04837 0.138095 0.563489
0.161874 0.122447 0.079558 0.636121
0.183672 0.009711 0.047562 0.759055
0.197061 0.128347 0.044762 0.62983
0.525609 0.045522 0.273883 0.154986
0.44848 0.111142 0.084911 0.355467
0.478552 0.137664 0.171361 0.212423
0.177988 0.152321 0.101713 0.567978
0.191618 0.159396 0.007998 0.640989
0.573111 0.00001 0.325352 0.101527
0.640331 0.107925 0.056126 0.195618
0.493336 0.098963 0.286392 0.121308
0.669218 0.044444 0.129485 0.156853
0.1771 0.096837 0.078321 0.647742
0.171047 0.185956 0.05434 0.588656
0.237727 0.096795 0.114765 0.550713
0.273734 0.188965 0.00001 0.537291
0.220535 0.186661 0.00001 0.592794
0.193736 0.155523 0.00001 0.650731
0.112511 0.274666 0.00001 0.612813
0.202569 0.00001 0.161049 0.636372
0.261617 0.077155 0.037597 0.62363
0.35732 0.00001 0.00001 0.64266
0.060694 0.233626 0.207054 0.498626
0.11806 0.145776 0.05111 0.685054
0.202501 0.220705 0.031968 0.544826
0.185018 0.183936 0.00001 0.631035
0.108704 0.196826 0.093064 0.601406
0.249281 0.135529 0.069237 0.545952
0.097602 0.141275 0.072888 0.688235
0.131642 0.145395 0.06431 0.658654
0.051276 0.166935 0.166664 0.615125
0.143767 0.203532 0.068948 0.583753
0.215907 0.142875 0.040569 0.60065
0.203724 0.244365 0.00001 0.551902
0.149152 0.088967 0.049643 0.712237
0.219179 0.16643 0.00001 0.614381
0.144829 0.088983 0.060904 0.705284
0.45622 0.045014 0.00001 0.498756
0.196546 0.113702 0.070857 0.618895
0.108273 0.190896 0.06629 0.634541
0.00001 0.227215 0.082781 0.689994
0.869296 0.00001 0.130684 0.00001
0.814452 0.00001 0.181098 0.004439
0.906173 0.00001 0.093807 0.00001
0.99997 0.00001 0.00001 0.00001
0.890764 0.00001 0.109216 0.00001
0.863304 0.00001 0.136676 0.00001
0.905515 0.00001 0.094465 0.00001
0.868713 0.00001 0.131267 0.00001
0.827048 0.00001 0.172932 0.00001
0.75627 0.00001 0.24371 0.00001
0.99997 0.00001 0.00001 0.00001
0.945537 0.00001 0.054443 0.00001
0.88616 0.00001 0.11382 0.00001
0.920166 0.00001 0.079814 0.00001
0.99997 0.00001 0.00001 0.00001
0.959701 0.00001 0.040279 0.00001
0.874756 0.00001 0.125224 0.00001
0.891946 0.00001 0.108034 0.00001
0.783564 0.024782 0.191644 0.00001
0.821471 0.00001 0.178509 0.00001
0.919757 0.00001 0.080223 0.00001
0.912129 0.00001 0.087851 0.00001
0.794282 0.00001 0.205698 0.00001
0.75783 0.00001 0.24215 0.00001
0.873889 0.00001 0.126091 0.00001
0.871506 0.00001 0.128474 0.00001
0.84311 0.00001 0.15687 0.00001
0.773229 0.00001 0.226751 0.00001
0.887931 0.00001 0.112049 0.00001
0.817597 0.00001 0.182383 0.00001
0.912324 0.00001 0.087656 0.00001
0.87616 0.00001 0.118869 0.004961
0.890804 0.00001 0.109176 0.00001
0.813199 0.00001 0.186781 0.00001
0.941783 0.00001 0.058197 0.00001
0.809571 0.00001 0.190409 0.00001
0.975945 0.00001 0.024035 0.00001
0.984709 0.00001 0.015271 0.00001
0.941737 0.00001 0.058243 0.00001
0.897487 0.00001 0.102493 0.00001
0.769526 0.00001 0.230454 0.00001
0.807366 0.00001 0.192614 0.00001
0.959331 0.00001 0.00001 0.040649
0.968452 0.00001 0.00001 0.031528
0.701938 0.00001 0.298042 0.00001
0.918584 0.00001 0.081396 0.00001
0.76433 0.00001 0.221044 0.014617
0.933926 0.00001 0.035422 0.030642
0.771706 0.00001 0.228274 0.00001
0.741104 0.00001 0.258876 0.00001
0.868957 0.00001 0.131023 0.00001
0.860726 0.00001 0.139254 0.00001
0.956756 0.00001 0.043224 0.00001
0.922679 0.00001 0.077301 0.00001
0.905461 0.00001 0.094519 0.00001
0.874261 0.00001 0.125719 0.00001
0.920816 0.00001 0.079164 0.00001
0.835195 0.00001 0.164785 0.00001
0.866775 0.00001 0.130538 0.002677
0.757493 0.00001 0.242487 0.00001
0.942809 0.00001 0.033886 0.023295
0.975449 0.00001 0.00001 0.024531
0.909282 0.010603 0.080105 0.00001
0.996366 0.003614 0.00001 0.00001
0.99997 0.00001 0.00001 0.00001
0.99997 0.00001 0.00001 0.00001
0.765953 0.00001 0.234027 0.00001
0.876764 0.005792 0.117434 0.00001
0.858089 0.00001 0.141891 0.00001
0.830141 0.00001 0.169839 0.00001
0.827718 0.00001 0.168421 0.003851
0.974087 0.00001 0.025893 0.00001
0.924398 0.00001 0.075582 0.00001
0.878824 0.00001 0.121156 0.00001
0.980793 0.00001 0.019187 0.00001
0.922322 0.00001 0.075806 0.001862
0.927932 0.00001 0.072048 0.00001
0.880685 0.00001 0.119295 0.00001
0.858892 0.00001 0.141088 0.00001
0.955918 0.00001 0.044062 0.00001
0.99997 0.00001 0.00001 0.00001
0.974403 0.000012 0.025575 0.00001
0.863955 0.00001 0.136025 0.00001
0.787702 0.00001 0.212278 0.00001
0.84687 0.00001 0.15311 0.00001
0.850787 0.00001 0.149193 0.00001
0.864982 0.00001 0.134998 0.00001
0.824954 0.00001 0.175026 0.00001
0.83899 0.00001 0.16099 0.00001
0.941471 0.00001 0.058509 0.00001
0.824287 0.00001 0.175693 0.00001
0.818156 0.00001 0.181824 0.00001
0.698363 0.00001 0.301617 0.00001
0.684883 0.00001 0.315097 0.00001
0.701952 0.00001 0.298028 0.00001
0.748809 0.00001 0.251171 0.00001
0.867806 0.00001 0.132174 0.00001
0.802215 0.00001 0.197765 0.00001
0.674258 0.00001 0.325722 0.00001
0.696098 0.00001 0.303882 0.00001
0.681529 0.00001 0.318451 0.00001
0.99997 0.00001 0.00001 0.00001
0.99997 0.00001 0.00001 0.00001
0.846165 0.00001 0.153815 0.00001
0.800975 0.00001 0.199005 0.00001
0.99997 0.00001 0.00001 0.00001
0.86704 0.011261 0.121689 0.00001
0.283672 0.00001 0.716308 0.00001
0.533705 0.00001 0.466275 0.00001
0.531557 0.00001 0.468423 0.00001
0.29752 0.00001 0.70246 0.00001
0.334275 0.00001 0.665705 0.00001
0.57149 0.00001 0.42849 0.00001
0.500851 0.00001 0.499129 0.00001
0.363886 0.00001 0.636094 0.00001
0.232514 0.00001 0.767466 0.00001
0.699778 0.00001 0.300202 0.00001
0.579607 0.00001 0.420373 0.00001
0.358793 0.00001 0.641187 0.00001
0.348054 0.00001 0.651926 0.00001
0.682332 0.00001 0.317648 0.00001
0.434117 0.00001 0.565863 0.00001
0.451852 0.00001 0.548128 0.00001
0.364199 0.00001 0.635781 0.00001
0.360503 0.00001 0.639477 0.00001
0.354343 0.00001 0.645637 0.00001
0.524415 0.00001 0.475565 0.00001
0.687658 0.00001 0.312322 0.00001
0.307145 0.00001 0.692835 0.00001
0.289843 0.00001 0.710137 0.00001
0.291609 0.00001 0.708371 0.00001
0.609017 0.00001 0.390963 0.00001
0.416758 0.00001 0.583222 0.00001
0.517726 0.00001 0.482254 0.00001
0.480571 0.00001 0.519409 0.00001
0.00001 0.00001 0.99997 0.00001
0.031033 0.00001 0.968947 0.00001
0.00001 0.00001 0.99997 0.00001
0.00001 0.00001 0.99997 0.00001
0.00001 0.00001 0.99997 0.00001
0.00001 0.00001 0.99997 0.00001
0.027993 0.00001 0.971987 0.00001
0.057532 0.00001 0.942448 0.00001
0.00001 0.00001 0.99997 0.00001
0.00001 0.00001 0.99997 0.00001
0.00001 0.00001 0.99997 0.00001
0.00001 0.00001 0.99997 0.00001
0.00001 0.00001 0.99997 0.00001
0.00001 0.00001 0.99997 0.00001
0.00001 0.00001 0.99997 0.00001
0.00001 0.00001 0.99997 0.00001
0.061455 0.00001 0.938525 0.00001
0.051738 0.00001 0.948242 0.00001
0.00001 0.00001 0.99997 0.00001
0.00001 0.00001 0.99997 0.00001
0.00001 0.00001 0.99997 0.00001
0.00001 0.00001 0.99997 0.00001
0.108233 0.00001 0.891747 0.00001
0.00001 0.00001 0.99997 0.00001
0.00001 0.00001 0.99997 0.00001
0.19586 0.00001 0.80412 0.00001
0.281646 0.00001 0.718334 0.00001
0.149902 0.00001 0.850078 0.00001
0.056411 0.00001 0.943569 0.00001
0.231987 0.00001 0.767993 0.00001
0.270008 0.00001 0.729972 0.00001
0.143924 0.00001 0.856056 0.00001
0.256056 0.00001 0.743924 0.00001
0.048675 0.00001 0.951305 0.00001
0.182516 0.00001 0.817464 0.00001
0.185711 0.00001 0.814269 0.00001
0.164322 0.00001 0.835658 0.00001
0.080705 0.00001 0.919275 0.00001
0.17074 0.00001 0.82924 0.00001
0.204828 0.00001 0.795152 0.00001
0.222053 0.00001 0.777927 0.00001
0.167714 0.00001 0.832266 0.00001
0.199341 0.00001 0.800639 0.00001
0.142063 0.00001 0.857917 0.00001
0.257994 0.00001 0.741986 0.00001
0.174934 0.00001 0.825046 0.00001
0.157767 0.00001 0.842213 0.00001
0.196291 0.00001 0.803689 0.00001
0.056901 0.00001 0.943079 0.00001
0.182558 0.00001 0.817422 0.00001
0.201463 0.00001 0.798517 0.00001
0.224488 0.00001 0.775492 0.00001
0.138007 0.00001 0.861973 0.00001
0.098539 0.00001 0.901441 0.00001
0.068328 0.00001 0.931652 0.00001
0.189785 0.00001 0.810195 0.00001
0.173793 0.00001 0.826187 0.00001
0.154137 0.00001 0.845843 0.00001
0.032715 0.00001 0.967265 0.00001
0.168531 0.00001 0.831449 0.00001
0.00001 0.00001 0.99997 0.00001
0.110833 0.00001 0.889147 0.00001
0.00001 0.00001 0.99997 0.00001
0.008662 0.00001 0.991318 0.00001
0.105473 0.00001 0.894507 0.00001
0.049817 0.00001 0.950163 0.00001
0.162398 0.00001 0.837582 0.00001
0.19517 0.00001 0.80481 0.00001
0.038686 0.00001 0.961294 0.00001
0.095569 0.00001 0.904411 0.00001
0.133404 0.00001 0.866576 0.00001
0.037178 0.00001 0.962802 0.00001
0.13178 0.00001 0.8682 0.00001
0.171494 0.00001 0.828486 0.00001
0.126786 0.00001 0.873194 0.00001
0.102945 0.00001 0.897035 0.00001
0.133045 0.00001 0.866935 0.00001
0.05824 0.00001 0.94174 0.00001
0.13404 0.00001 0.86594 0.00001
0.221905 0.00001 0.778075 0.00001
0.00001 0.00001 0.99997 0.00001
0.239394 0.00001 0.760586 0.00001
0.075769 0.00001 0.924211 0.00001
0.134638 0.00001 0.865342 0.00001
0.172667 0.00001 0.827313 0.00001
0.131478 0.00001 0.868502 0.00001
0.173759 0.00001 0.826221 0.00001
0.206932 0.00001 0.793048 0.00001
0.196131 0.00001 0.803849 0.00001
