0.99996 0.00001 0.00001 0.00001 0.00001
0.99821 0.00001 0.00001 0.00176 0.00001
0.99996 0.00001 0.00001 0.00001 0.00001
0.99996 0.00001 0.00001 0.00001 0.00001
0.99996 0.00001 0.00001 0.00001 0.00001
0.99996 0.00001 0.00001 0.00001 0.00001
0.99996 0.00001 0.00001 0.00001 0.00001
0.99996 0.00001 0.00001 0.00001 0.00001
0.99996 0.00001 0.00001 0.00001 0.00001
0.99996 0.00001 0.00001 0.00001 0.00001
0.999959 0.00001 0.000011 0.00001 0.00001
0.997171 0.00001 0.002217 0.000593 0.00001
0.99996 0.00001 0.00001 0.00001 0.00001
0.972285 0.005189 0.022506 0.00001 0.00001
0.99996 0.00001 0.00001 0.00001 0.00001
0.99996 0.00001 0.00001 0.00001 0.00001
0.99996 0.00001 0.00001 0.00001 0.00001
0.99996 0.00001 0.00001 0.00001 0.00001
0.999953 0.00001 0.00001 0.000017 0.00001
0.99996 0.00001 0.00001 0.00001 0.00001
0.99996 0.00001 0.00001 0.00001 0.00001
0.99996 0.00001 0.00001 0.00001 0.00001
0.99996 0.00001 0.00001 0.00001 0.00001
0.970201 0.00001 0.029769 0.00001 0.00001
0.99996 0.00001 0.00001 0.00001 0.00001
0.99996 0.00001 0.00001 0.00001 0.00001
0.968157 0.031813 0.00001 0.00001 0.00001
0.997922 0.00001 0.002048 0.00001 0.00001
0.997319 0.002651 0.00001 0.00001 0.00001
0.99996 0.00001 0.00001 0.00001 0.00001
0.99996 0.00001 0.00001 0.00001 0.00001
0.995956 0.001506 0.002519 0.00001 0.00001
0.975796 0.024174 0.00001 0.00001 0.00001
0.999959 0.00001 0.00001 0.000011 0.00001
0.99996 0.00001 0.00001 0.00001 0.00001
0.99996 0.00001 0.00001 0.00001 0.00001
0.994831 0.00001 0.005139 0.00001 0.00001
0.999905 0.00001 0.000065 0.00001 0.00001
0.996489 0.00001 0.00001 0.003481 0.00001
0.996468 0.00001 0.00001 0.00001 0.003502
0.99172 0.00001 0.00825 0.00001 0.00001
0.99996 0.00001 0.00001 0.00001 0.00001
0.9767 0.00001 0.00001 0.02327 0.00001
0.949617 0.00001 0.00001 0.050353 0.00001
0.99996 0.00001 0.00001 0.00001 0.00001
0.992695 0.00001 0.007275 0.00001 0.00001
0.99996 0.00001 0.00001 0.00001 0.00001
0.99996 0.00001 0.00001 0.00001 0.00001
0.998714 0.00001 0.001256 0.00001 0.00001
0.980221 0.00001 0.00001 0.019749 0.00001
0.999247 0.00001 0.00001 0.000723 0.00001
0.986375 0.00001 0.013595 0.00001 0.00001
0.99995 0.00001 0.00002 0.00001 0.00001
0.99996 0.00001 0.00001 0.00001 0.00001
0.974951 0.00001 0.025019 0.00001 0.00001
0.99996 0.00001 0.00001 0.00001 0.00001
0.976423 0.00001 0.023547 0.00001 0.00001
0.9945 0.00001 0.00547 0.00001 0.00001
0.99996 0.00001 0.00001 0.00001 0.00001
0.971367 0.02225 0.006363 0.00001 0.00001
0.99996 0.00001 0.00001 0.00001 0.00001
0.99996 0.00001 0.00001 0.00001 0.00001
0.99996 0.00001 0.00001 0.00001 0.00001
0.983753 0.00001 0.00001 0.016217 0.00001
0.99996 0.00001 0.00001 0.00001 0.00001
0.99996 0.00001 0.00001 0.00001 0.00001
0.99996 0.00001 0.00001 0.00001 0.00001
0.99996 0.00001 0.00001 0.00001 0.00001
0.993801 0.00001 0.00001 0.00001 0.006169
0.99996 0.00001 0.00001 0.00001 0.00001
0.99996 0.00001 0.00001 0.00001 0.00001
0.991172 0.008798 0.00001 0.00001 0.00001
0.99996 0.00001 0.00001 0.00001 0.00001
0.99996 0.00001 0.00001 0.00001 0.00001
0.99996 0.00001 0.00001 0.00001 0.00001
0.991201 0.000077 0.008701 0.00001 0.00001
0.99996 0.00001 0.00001 0.00001 0.00001
0.99996 0.00001 0.00001 0.00001 0.00001
0.987423 0.005013 0.007545 0.00001 0.00001
0.992148 0.00001 0.007822 0.00001 0.00001
0.920287 0.00001 0.00001 0.079683 0.00001
0.999951 0.00001 0.000019 0.00001 0.00001
0.99996 0.00001 0.00001 0.00001 0.00001
0.99764 0.00001 0.00233 0.00001 0.00001
0.99611 0.00001 0.00386 0.00001 0.00001
0.983953 0.00001 0.016017 0.00001 0.00001
0.99996 0.00001 0.00001 0.00001 0.00001
0.99996 0.00001 0.00001 0.00001 0.00001
0.993888 0.000017 0.002733 0.003352 0.00001
0.995683 0.004287 0.00001 0.00001 0.00001
0.99996 0.00001 0.00001 0.00001 0.00001
0.981547 0.00001 0.006436 0.011997 0.00001
0.995098 0.00001 0.00001 0.00001 0.004872
0.99996 0.00001 0.00001 0.00001 0.00001
0.99996 0.00001 0.00001 0.00001 0.00001
0.99996 0.00001 0.00001 0.00001 0.00001
0.994269 0.00001 0.00001 0.005701 0.00001
0.99996 0.00001 0.00001 0.00001 0.00001
0.99996 0.00001 0.00001 0.00001 0.00001
0.99996 0.00001 0.00001 0.00001 0.00001
0.99996 0.00001 0.00001 0.00001 0.00001
0.99996 0.00001 0.00001 0.00001 0.00001
0.99996 0.00001 0.00001 0.00001 0.00001
0.994852 0.00001 0.005118 0.00001 0.00001
0.989672 0.00001 0.00001 0.010298 0.00001
0.99996 0.00001 0.00001 0.00001 0.00001
0.9918 0.00001 0.00817 0.00001 0.00001
0.998349 0.00001 0.001621 0.00001 0.00001
0.993611 0.00001 0.006359 0.00001 0.00001
0.994909 0.00001 0.005061 0.00001 0.00001
0.99996 0.00001 0.00001 0.00001 0.00001
0.99996 0.00001 0.00001 0.00001 0.00001
0.99996 0.00001 0.00001 0.00001 0.00001
0.999957 0.00001 0.000013 0.00001 0.00001
0.99996 0.00001 0.00001 0.00001 0.00001
0.99996 0.00001 0.00001 0.00001 0.00001
0.99996 0.00001 0.00001 0.00001 0.00001
0.998093 0.00001 0.001877 0.00001 0.00001
0.99996 0.00001 0.00001 0.00001 0.00001
0.993979 0.005991 0.00001 0.00001 0.00001
0.999959 0.00001 0.000011 0.00001 0.00001
0.99996 0.00001 0.00001 0.00001 0.00001
0.99996 0.00001 0.00001 0.00001 0.00001
0.99996 0.00001 0.00001 0.00001 0.00001
0.99996 0.00001 0.00001 0.00001 0.00001
0.988483 0.00001 0.006615 0.00001 0.004882
0.994457 0.005513 0.00001 0.00001 0.00001
0.99996 0.00001 0.00001 0.00001 0.00001
0.994556 0.005414 0.00001 0.00001 0.00001
0.99996 0.00001 0.00001 0.00001 0.00001
0.967831 0.032139 0.00001 0.00001 0.00001
0.494365 0.00001 0.025637 0.479978 0.00001
0.51585 0.00001 0.015094 0.469035 0.00001
0.60415 0.00001 0.013038 0.285324 0.097478
0.749956 0.00001 0.026549 0.183721 0.039764
0.760998 0.00001 0.023718 0.206954 0.00832
0.750259 0.00001 0.00001 0.249711 0.00001
0.195019 0.258183 0.009112 0.329679 0.208006
0.458864 0.190575 0.025793 0.280851 0.043917
0.342421 0.183039 0.012613 0.334518 0.127409
0.719765 0.203062 0.014534 0.00001 0.062629
0.796748 0.092416 0.011169 0.099657 0.00001
0.00001 0.00001 0.99996 0.00001 0.00001
0.287584 0.00001 0.021744 0.690652 0.00001
0.21511 0.327816 0.027915 0.208515 0.220644
0.192789 0.382567 0.038971 0.315637 0.070036
0.739072 0.060214 0.013352 0.143539 0.043824
0.769623 0.00001 0.00001 0.230347 0.00001
0.641157 0.034492 0.00001 0.25891 0.065431
0.722512 0.086876 0.00001 0.190592 0.00001
0.776261 0.093239 0.00001 0.130479 0.00001
0.803223 0.00001 0.00001 0.196747 0.00001
0.883787 0.00001 0.006689 0.109504 0.00001
0.632665 0.12566 0.010461 0.098609 0.132605
0.701729 0.267291 0.005058 0.00001 0.025912
0.634393 0.00001 0.006193 0.359394 0.00001
0.731856 0.089165 0.00001 0.003558 0.175412
0.826949 0.047688 0.009255 0.080553 0.035555
0.759256 0.00001 0.006323 0.234401 0.00001
0.806241 0.00001 0.00001 0.193729 0.00001
0.797261 0.146768 0.000018 0.00001 0.055943
0.672703 0.00001 0.002126 0.325151 0.00001
0.825139 0.002892 0.011786 0.100714 0.059468
0.803893 0.180678 0.00001 0.00001 0.015409
0.775504 0.00001 0.010567 0.102924 0.110996
0.785015 0.06599 0.00001 0.09346 0.055525
0.737879 0.00001 0.00001 0.262091 0.00001
0.79448 0.12135 0.00001 0.08415 0.00001
0.798458 0.167805 0.033716 0.00001 0.00001
0.778525 0.116157 0.00001 0.105299 0.00001
0.784697 0.00001 0.020206 0.195077 0.00001
0.533576 0.00001 0.00001 0.466394 0.00001
0.728237 0.075196 0.00001 0.15343 0.043127
0.821582 0.00001 0.00001 0.144596 0.033802
0.915747 0.00001 0.00001 0.00001 0.084223
0.00001 0.591072 0.044135 0.292614 0.072169
0.00001 0.398774 0.00001 0.481236 0.11997
0.00001 0.542111 0.000227 0.417833 0.039819
0.00001 0.655972 0.025648 0.318359 0.00001
0.00001 0.574341 0.031602 0.323047 0.071
0.00001 0.549337 0.00001 0.358696 0.091947
0.00001 0.594489 0.033728 0.32491 0.046863
0.00001 0.672049 0.00001 0.259399 0.068532
0.00001 0.682403 0.026815 0.15975 0.131023
0.00001 0.466923 0.00001 0.366007 0.16705
0.00001 0.99996 0.00001 0.00001 0.00001
0.00001 0.99996 0.00001 0.00001 0.00001
0.00001 0.996086 0.003884 0.00001 0.00001
0.00001 0.99996 0.00001 0.00001 0.00001
0.00001 0.99996 0.00001 0.00001 0.00001
0.00001 0.99996 0.00001 0.00001 0.00001
0.00001 0.418418 0.003631 0.508597 0.069344
0.00001 0.494857 0.008085 0.453276 0.043771
0.017867 0.576537 0.00001 0.294358 0.111228
0.00001 0.422678 0.00001 0.454149 0.123153
0.00001 0.550259 0.031997 0.37045 0.047284
0.00001 0.524371 0.00001 0.441431 0.034178
0.00001 0.468169 0.00001 0.386963 0.144848
0.00001 0.605371 0.00001 0.203129 0.19148
0.00001 0.485995 0.025247 0.399195 0.089553
0.00001 0.434017 0.00001 0.486735 0.079228
0.00001 0.63088 0.022509 0.228653 0.117948
0.00001 0.466566 0.00001 0.356865 0.176549
0.00001 0.655204 0.00001 0.279645 0.065131
0.00001 0.613303 0.030397 0.227291 0.128999
0.00001 0.461555 0.034701 0.470474 0.033259
0.00001 0.606751 0.035311 0.296491 0.061437
0.00001 0.595601 0.025485 0.318821 0.060083
0.00001 0.385732 0.007099 0.474996 0.132163
0.00001 0.99996 0.00001 0.00001 0.00001
0.00001 0.496708 0.028846 0.340657 0.133779
0.00001 0.616516 0.026693 0.356771 0.00001
0.00001 0.959538 0.040432 0.00001 0.00001
0.00001 0.983838 0.016132 0.00001 0.00001
0.00001 0.645744 0.025709 0.260856 0.067681
0.00001 0.455821 0.00001 0.375388 0.168771
0.00001 0.572719 0.029902 0.266933 0.130436
0.00001 0.00001 0.00001 0.99996 0.00001
0.00001 0.00001 0.00001 0.99996 0.00001
0.00001 0.49886 0.00001 0.264716 0.236404
0.00001 0.523692 0.030997 0.416049 0.029251
0.00001 0.471928 0.039235 0.319574 0.169253
0.006793 0.636212 0.045478 0.311507 0.00001
0.00001 0.992561 0.007409 0.00001 0.00001
0.00001 0.408629 0.00001 0.395211 0.19614
0.00001 0.647718 0.024664 0.241988 0.08562
0.00001 0.454287 0.001095 0.448104 0.096504
0.00001 0.662503 0.00001 0.333852 0.003625
0.00001 0.646881 0.003789 0.324385 0.024935
0.00001 0.99996 0.00001 0.00001 0.00001
0.00001 0.99996 0.00001 0.00001 0.00001
0.00001 0.687983 0.00001 0.281582 0.030415
0.00001 0.990128 0.009842 0.00001 0.00001
0.00001 0.447328 0.001079 0.484817 0.066766
0.00001 0.371015 0.00001 0.450339 0.178626
0.00001 0.00001 0.00001 0.99996 0.00001
0.016692 0.503613 0.00001 0.479674 0.00001
0.00001 0.564723 0.035684 0.367207 0.032376
0.00001 0.401131 0.00001 0.598839 0.00001
0.00001 0.99996 0.00001 0.00001 0.00001
0.00001 0.99996 0.00001 0.00001 0.00001
0.00001 0.326552 0.00001 0.51337 0.160058
0.00001 0.519937 0.038598 0.384945 0.056511
0.00001 0.361626 0.00001 0.563777 0.074577
0.00001 0.450644 0.025685 0.40617 0.117492
0.00001 0.00001 0.00001 0.99996 0.00001
0.00001 0.563348 0.031501 0.405132 0.00001
0.00001 0.679124 0.00001 0.296587 0.024269
0.00001 0.755541 0.00001 0.165317 0.079122
0.00001 0.55155 0.00001 0.44842 0.00001
0.00001 0.964286 0.035684 0.00001 0.00001
0.00001 0.597414 0.00001 0.377732 0.024834
0.00001 0.00001 0.00001 0.99996 0.00001
0.00001 0.575695 0.029353 0.299838 0.095103
0.00001 0.52094 0.005142 0.473898 0.00001
0.000019 0.573316 0.026061 0.400595 0.00001
0.00001 0.615149 0.028437 0.356394 0.00001
0.00001 0.99996 0.00001 0.00001 0.00001
0.00001 0.605146 0.00001 0.236203 0.158631
0.00001 0.608445 0.00001 0.301473 0.090062
0.00001 0.660648 0.00001 0.233141 0.106191
0.00001 0.546083 0.014571 0.355421 0.083914
0.00001 0.601056 0.007525 0.270813 0.120595
0.00001 0.53817 0.00001 0.366899 0.094911
0.00001 0.644342 0.00001 0.336503 0.019135
0.00001 0.494654 0.00001 0.384135 0.121191
0.00001 0.48936 0.00001 0.375141 0.135479
0.00001 0.539792 0.021781 0.214027 0.22439
0.00001 0.381834 0.013844 0.363955 0.240358
0.00001 0.78427 0.00001 0.00001 0.2157
0.00001 0.229494 0.00001 0.582812 0.187674
0.00001 0.655199 0.00001 0.273465 0.071316
0.00001 0.608755 0.00001 0.259533 0.131692
0.00001 0.323078 0.00001 0.407594 0.269308
0.00001 0.416496 0.00001 0.352552 0.230932
0.00001 0.338871 0.00001 0.399007 0.262102
0.00001 0.579 0.033664 0.387316 0.00001
0.00001 0.588793 0.00001 0.411177 0.00001
0.00001 0.468806 0.029615 0.389052 0.112518
0.00001 0.658812 0.00001 0.208066 0.133102
0.00001 0.478554 0.00001 0.521416 0.00001
0.00001 0.565753 0.045141 0.329597 0.059499
0.00001 0.300762 0.00001 0.078179 0.621039
0.00001 0.422765 0.00001 0.186595 0.39062
0.00001 0.444155 0.00001 0.169753 0.386072
0.00001 0.27858 0.00001 0.132045 0.589355
0.00001 0.177462 0.00001 0.243683 0.578835
0.00001 0.42377 0.00001 0.228219 0.347991
0.00001 0.543476 0.00001 0.050919 0.405585
0.00001 0.270566 0.00001 0.173225 0.556189
0.00001 0.335371 0.00001 0.00001 0.664599
0.00001 0.452242 0.020796 0.288164 0.238788
0.00001 0.435504 0.00001 0.231369 0.333107
0.00001 0.336684 0.00001 0.125719 0.537577
0.00001 0.299577 0.00001 0.142713 0.55769
0.00001 0.393449 0.00001 0.362303 0.244228
0.00001 0.237558 0.00001 0.284215 0.478208
0.00001 0.223146 0.00001 0.323396 0.453439
0.00001 0.265648 0.00001 0.193098 0.541233
0.00001 0.305063 0.00001 0.16108 0.533838
0.00001 0.2053 0.00001 0.24225 0.55243
0.00001 0.301171 0.001514 0.299953 0.397352
0.00001 0.649671 0.004334 0.115645 0.23034
0.00001 0.132275 0.00001 0.277208 0.590497
0.00001 0.304269 0.00001 0.096208 0.599503
0.00001 0.430546 0.00001 0.00001 0.569424
0.00001 0.465689 0.00001 0.219476 0.314815
0.00001 0.259265 0.00001 0.253107 0.487607
0.00001 0.255772 0.014661 0.327107 0.40245
0.00001 0.26915 0.018297 0.294659 0.417884
0.00001 0.00001 0.00001 0.130412 0.869558
0.00001 0.018968 0.00001 0.143992 0.83702
0.00001 0.00001 0.00001 0.085062 0.914908
0.00001 0.00001 0.00001 0.093441 0.906529
0.00001 0.00001 0.00001 0.106757 0.893213
0.00001 0.107329 0.00001 0.00001 0.892641
0.00001 0.095079 0.00001 0.06102 0.843881
0.00001 0.186151 0.00001 0.00001 0.813819
0.00001 0.06195 0.00001 0.00001 0.93802
0.00001 0.00001 0.00001 0.00001 0.99996
0.00001 0.102433 0.00001 0.00001 0.897537
0.00001 0.05531 0.00001 0.00001 0.94466
0.00001 0.00001 0.00001 0.061472 0.938498
0.00001 0.00001 0.00001 0.00001 0.99996
0.00001 0.00001 0.007995 0.00001 0.991975
0.00001 0.088068 0.00001 0.00001 0.911902
0.00001 0.00001 0.00001 0.284289 0.715681
0.00001 0.145337 0.00001 0.022001 0.832643
0.00001 0.00001 0.00001 0.00001 0.99996
0.00001 0.00001 0.00001 0.00001 0.99996
0.00001 0.00001 0.00001 0.00001 0.99996
0.00001 0.025606 0.00001 0.00001 0.974364
0.00001 0.251883 0.00001 0.00001 0.748087
0.00001 0.00001 0.016468 0.00001 0.983502
0.00001 0.00001 0.00001 0.00001 0.99996
0.00001 0.312158 0.00001 0.00001 0.687812
0.00001 0.119072 0.00001 0.265915 0.614993
0.00001 0.278125 0.00001 0.00001 0.721845
0.00001 0.21101 0.00001 0.00001 0.78896
0.00001 0.217024 0.00001 0.09832 0.684636
0.00001 0.199481 0.00001 0.177023 0.623476
0.00001 0.017603 0.00001 0.206258 0.776119
0.00001 0.226281 0.00001 0.148488 0.625211
0.00001 0.069695 0.00001 0.11137 0.818916
0.00001 0.297896 0.00001 0.00001 0.702074
0.00001 0.297605 0.00001 0.00001 0.702365
0.00001 0.14133 0.00001 0.128325 0.730326
0.00001 0.193294 0.003011 0.00001 0.803675
0.000015 0.00001 0.00001 0.313205 0.68676
0.00001 0.169166 0.023577 0.132756 0.67449
0.00001 0.248482 0.00001 0.086966 0.664532
0.00001 0.190459 0.00001 0.099291 0.710231
0.00001 0.237166 0.002214 0.07573 0.68488
0.00001 0.295364 0.00001 0.00001 0.704606
0.00001 0.260743 0.021473 0.076069 0.641705
0.00001 0.028584 0.00001 0.237107 0.734289
0.00001 0.270291 0.004674 0.00001 0.725015
0.00001 0.316045 0.01522 0.00001 0.668715
0.00001 0.226369 0.00001 0.00001 0.773601
0.00001 0.25814 0.00001 0.034594 0.707246
0.00001 0.195299 0.00001 0.116283 0.688398
0.00001 0.369435 0.00001 0.00001 0.630535
0.00001 0.213294 0.00001 0.038111 0.748575
0.00001 0.100184 0.00001 0.13735 0.762446
0.00001 0.247724 0.00001 0.00001 0.752246
0.00001 0.293164 0.016821 0.00001 0.689996
0.00001 0.283691 0.00001 0.00001 0.716279
0.00001 0.00001 0.000381 0.270838 0.728761
0.00001 0.225993 0.00001 0.00001 0.773977
0.00001 0.329247 0.00001 0.00001 0.670723
0.00001 0.00001 0.00001 0.00001 0.99996
0.00001 0.00001 0.00001 0.213065 0.786905
0.00001 0.00001 0.00001 0.00001 0.99996
0.00001 0.00001 0.00001 0.183333 0.816637
0.00001 0.222185 0.00001 0.011179 0.766616
0.00001 0.174025 0.00001 0.00001 0.825945
0.00001 0.32772 0.00001 0.00001 0.67225
0.00001 0.309424 0.007337 0.00001 0.683219
0.00001 0.212701 0.00001 0.00001 0.787269
0.00001 0.144819 0.005444 0.073825 0.775902
0.00001 0.265777 0.00001 0.00001 0.734193
0.00001 0.19058 0.00001 0.00001 0.80939
0.00001 0.08404 0.00001 0.148375 0.767564
0.00001 0.295932 0.00001 0.00001 0.704038
0.00001 0.266095 0.00001 0.00001 0.733875
0.00001 0.00001 0.00001 0.208164 0.791806
0.00001 0.227475 0.00001 0.01148 0.761024
0.00001 0.111561 0.00001 0.091991 0.796427
0.00001 0.00001 0.00001 0.234996 0.764974
0.00001 0.183636 0.00001 0.12775 0.688594
0.00001 0.078258 0.00001 0.00001 0.921712
0.00001 0.00001 0.00001 0.328794 0.671176
0.00001 0.16796 0.00001 0.020686 0.811334
0.00001 0.115484 0.00001 0.136727 0.747769
0.00001 0.246719 0.00001 0.044032 0.709229
0.00001 0.248918 0.027991 0.00001 0.723072
0.00001 0.2935 0.00001 0.00001 0.70647
0.00001 0.251377 0.00001 0.050866 0.697737
0.00001 0.31431 0.00001 0.00001 0.68566
