0.00001 0.99996 0.00001 0.00001 0.00001
0.00001 0.99996 0.00001 0.00001 0.00001
0.00001 0.99996 0.00001 0.00001 0.00001
0.00001 0.99996 0.00001 0.00001 0.00001
0.00001 0.99996 0.00001 0.00001 0.00001
0.00001 0.99996 0.00001 0.00001 0.00001
0.00001 0.677517 0.00001 0.00001 0.322453
0.00001 0.99996 0.00001 0.00001 0.00001
0.00001 0.99996 0.00001 0.00001 0.00001
0.00001 0.99996 0.00001 0.00001 0.00001
0.00001 0.99996 0.00001 0.00001 0.00001
0.00001 0.99996 0.00001 0.00001 0.00001
0.00001 0.72171 0.00001 0.00001 0.27826
0.027695 0.501364 0.00001 0.00001 0.470922
0.00001 0.99996 0.00001 0.00001 0.00001
0.00001 0.99996 0.00001 0.00001 0.00001
0.00001 0.99996 0.00001 0.00001 0.00001
0.00001 0.99996 0.00001 0.00001 0.00001
0.00001 0.99996 0.00001 0.00001 0.00001
0.00001 0.556927 0.00001 0.00001 0.443043
0.00001 0.99996 0.00001 0.00001 0.00001
0.00001 0.506067 0.00001 0.00001 0.493903
0.00001 0.00001 0.00001 0.00001 0.99996
0.00001 0.00001 0.02426 0.00001 0.97571
0.00001 0.274862 0.00001 0.00001 0.725108
0.00001 0.185096 0.00001 0.00001 0.814874
0.00001 0.216337 0.026621 0.00001 0.757022
0.00001 0.25102 0.00001 0.00001 0.74895
0.00001 0.25056 0.000118 0.00001 0.749302
0.00001 0.381946 0.00001 0.00001 0.618024
0.00001 0.280353 0.00001 0.00001 0.719617
0.00001 0.276725 0.00001 0.002937 0.720318
0.00001 0.341903 0.023074 0.00001 0.635003
0.00001 0.228815 0.00001 0.00001 0.771155
0.00001 0.087094 0.00001 0.00001 0.912876
0.00001 0.00001 0.00001 0.00001 0.99996
0.00001 0.203986 0.00001 0.00001 0.795984
0.00001 0.258469 0.00001 0.00001 0.741501
0.00001 0.312059 0.00001 0.00001 0.687911
0.000549 0.110244 0.00001 0.00001 0.889187
0.00001 0.119159 0.00001 0.00001 0.880811
0.00001 0.00001 0.00001 0.00001 0.99996
0.017667 0.200396 0.00001 0.00001 0.781917
0.00001 0.252994 0.049665 0.00001 0.697321
0.00001 0.313515 0.00001 0.00001 0.686455
0.00001 0.204098 0.00001 0.00001 0.795872
0.00001 0.112744 0.00001 0.00001 0.887226
0.00001 0.287157 0.00001 0.00001 0.712813
0.00001 0.185632 0.00001 0.00001 0.814338
0.00001 0.342903 0.015765 0.00001 0.641311
0.00001 0.327854 0.00001 0.00001 0.672116
0.00001 0.230199 0.005989 0.00001 0.763792
0.00001 0.00001 0.00001 0.00001 0.99996
0.00001 0.137394 0.00001 0.00001 0.862576
0.00001 0.00001 0.009413 0.00001 0.990557
0.00001 0.199211 0.00001 0.00001 0.800759
0.00001 0.371762 0.017347 0.00001 0.610871
0.00001 0.104454 0.000094 0.00001 0.895432
0.00001 0.249147 0.00001 0.00001 0.750823
0.019747 0.265643 0.004124 0.00001 0.710476
0.00001 0.00001 0.00001 0.00001 0.99996
0.00001 0.2379 0.00001 0.00001 0.76207
0.00001 0.226789 0.00001 0.00001 0.773181
0.014188 0.294673 0.000015 0.00001 0.691115
0.00001 0.474149 0.00001 0.00001 0.525821
0.00001 0.257298 0.00001 0.00001 0.742672
0.00001 0.165286 0.00001 0.00001 0.834684
0.00001 0.280377 0.00001 0.00001 0.719593
0.00001 0.251693 0.00001 0.004685 0.743602
0.00001 0.221724 0.00001 0.00001 0.778246
0.00001 0.311532 0.00001 0.00001 0.688438
0.00001 0.283251 0.006357 0.00001 0.710372
0.00001 0.19019 0.00001 0.00001 0.80978
0.00001 0.250344 0.00001 0.00001 0.749626
0.00001 0.32182 0.00001 0.00001 0.67815
0.00001 0.287687 0.004513 0.00001 0.70778
0.00001 0.232673 0.00001 0.00001 0.767297
0.00001 0.341748 0.00001 0.00001 0.658222
0.00001 0.284032 0.008571 0.00001 0.707377
0.00001 0.234532 0.00001 0.00001 0.765438
0.055314 0.337996 0.020232 0.00001 0.586448
0.00001 0.208173 0.00001 0.00001 0.791797
0.00001 0.013057 0.00001 0.00001 0.986913
0.00001 0.381758 0.00001 0.00001 0.618212
0.00001 0.192651 0.00001 0.00001 0.807319
0.00628 0.267652 0.00001 0.00001 0.726048
0.00001 0.146439 0.00001 0.00001 0.853531
0.00001 0.164391 0.00001 0.00001 0.835579
0.00001 0.274467 0.00001 0.003687 0.721826
0.001014 0.36722 0.00001 0.00001 0.631747
0.00001 0.215613 0.00001 0.00001 0.784357
0.00001 0.211605 0.012893 0.00001 0.775482
0.00001 0.405204 0.00001 0.001792 0.592984
0.00001 0.00001 0.00001 0.00001 0.99996
0.00001 0.379746 0.00001 0.00001 0.620224
0.00001 0.00001 0.00001 0.00001 0.99996
0.001658 0.161378 0.00001 0.00001 0.836944
0.00001 0.148232 0.00001 0.00001 0.851738
0.00001 0.339815 0.00001 0.00001 0.660155
0.00001 0.00001 0.00001 0.00001 0.99996
0.00001 0.281433 0.00001 0.00001 0.718537
0.00001 0.324548 0.00001 0.00001 0.675422
0.00001 0.145653 0.00001 0.00001 0.854317
0.000776 0.273507 0.00001 0.00001 0.725697
0.00001 0.18433 0.003127 0.00001 0.812523
0.00001 0.100503 0.00001 0.00001 0.899467
0.000531 0.176231 0.00001 0.00001 0.823218
0.00001 0.299443 0.00001 0.00001 0.700527
0.00001 0.291106 0.00001 0.00139 0.707484
0.00001 0.00001 0.00001 0.00001 0.99996
0.00001 0.00001 0.00001 0.00001 0.99996
0.00001 0.188699 0.00001 0.00001 0.811271
0.00001 0.323425 0.000014 0.00001 0.676542
0.00001 0.231176 0.00001 0.00001 0.768794
0.00001 0.254214 0.00001 0.00001 0.745756
0.00001 0.072382 0.00001 0.00001 0.927588
0.00001 0.217513 0.00001 0.00001 0.782457
0.00001 0.221797 0.00001 0.00001 0.778173
0.00001 0.376714 0.00001 0.00001 0.623256
0.00001 0.343779 0.004472 0.00001 0.651728
0.00001 0.335177 0.00001 0.00001 0.664793
0.00001 0.122874 0.00001 0.00001 0.877096
0.00001 0.218418 0.00001 0.00001 0.781552
0.00001 0.210373 0.00001 0.00001 0.789597
0.00001 0.262217 0.00001 0.00001 0.737753
0.00001 0.038244 0.00001 0.007467 0.954268
0.00001 0.00001 0.00001 0.00001 0.99996
0.00001 0.142552 0.00001 0.00001 0.857418
0.00001 0.00001 0.000489 0.00001 0.999481
0.00001 0.213152 0.00001 0.00001 0.786818
0.028772 0.21646 0.00001 0.00001 0.754748
0.029401 0.154536 0.325857 0.134978 0.355228
0.095239 0.166124 0.339124 0.037787 0.361726
0.00001 0.050688 0.155329 0.232008 0.561965
0.075538 0.129686 0.141028 0.025272 0.628476
0.053744 0.053823 0.178614 0.00001 0.713809
0.044906 0.147625 0.154999 0.041896 0.610574
0.240073 0.035259 0.484917 0.076014 0.163738
0.00001 0.124463 0.324631 0.208303 0.342593
0.00001 0.156049 0.306246 0.342353 0.195343
0.00001 0.172018 0.107868 0.171612 0.548492
0.026846 0.1699 0.163766 0.009191 0.630297
0.170525 0.00001 0.471981 0.256323 0.101161
0.00001 0.118176 0.521402 0.175168 0.185243
0.04656 0.099564 0.359606 0.372653 0.121617
0.123167 0.063301 0.572312 0.103941 0.13728
0.044 0.094742 0.129227 0.081882 0.650149
0.06462 0.207383 0.161904 0.00001 0.566083
0.054879 0.09839 0.194456 0.10333 0.548944
0.00001 0.211498 0.25982 0.014408 0.514264
0.002802 0.19359 0.210172 0.008115 0.585322
0.02947 0.185347 0.165076 0.00001 0.620098
0.025983 0.311788 0.087012 0.00001 0.575208
0.061669 0.00001 0.1675 0.135048 0.635773
0.075243 0.096761 0.224701 0.00001 0.603285
0.00001 0.032031 0.283361 0.073612 0.610985
0.100802 0.25234 0.021752 0.144835 0.480271
0.074537 0.167327 0.094857 0.00001 0.66327
0.00001 0.241737 0.12458 0.109144 0.524529
0.00001 0.19152 0.157566 0.027379 0.623525
0.026207 0.206151 0.086085 0.089515 0.592043
0.00001 0.168336 0.192681 0.1257 0.513273
0.045369 0.175519 0.079392 0.04626 0.65346
0.00001 0.16357 0.026155 0.168213 0.642052
0.142581 0.18984 0.077166 0.00001 0.590403
0.083803 0.232513 0.129757 0.00001 0.553917
0.00001 0.176416 0.160501 0.095715 0.567358
0.025966 0.270326 0.178424 0.00001 0.525274
0.00001 0.106506 0.069081 0.128952 0.695451
0.041605 0.191372 0.177776 0.00001 0.589238
0.00001 0.114381 0.099446 0.105573 0.680589
0.00001 0.05943 0.436321 0.020734 0.483505
0.083412 0.133264 0.184998 0.00001 0.598316
0.078263 0.216357 0.095823 0.00001 0.609546
0.084351 0.259193 0.00001 0.00001 0.656436
0.144055 0.00001 0.749555 0.10637 0.00001
0.193002 0.00001 0.726725 0.080022 0.000241
0.218624 0.00001 0.781346 0.00001 0.00001
0.101647 0.00001 0.860633 0.037701 0.00001
0.2019 0.00001 0.79807 0.00001 0.00001
0.110154 0.00001 0.728336 0.161489 0.00001
0.040378 0.00001 0.754402 0.2052 0.00001
0.076882 0.00001 0.711683 0.211415 0.00001
0.25611 0.00001 0.74386 0.00001 0.00001
0.034694 0.00001 0.597586 0.3677 0.00001
0.012761 0.00001 0.967765 0.019454 0.00001
0.176105 0.00001 0.823865 0.00001 0.00001
0.12997 0.00001 0.758416 0.111594 0.00001
0.00001 0.00001 0.753084 0.246886 0.00001
0.029351 0.00001 0.850523 0.120105 0.00001
0.173807 0.00001 0.826163 0.00001 0.00001
0.212478 0.00001 0.787492 0.00001 0.00001
0.00001 0.00001 0.730988 0.268982 0.00001
0.085692 0.022613 0.642286 0.249399 0.00001
0.151269 0.00001 0.698789 0.149922 0.00001
0.120931 0.00001 0.780376 0.098673 0.00001
0.00001 0.00001 0.746028 0.253942 0.00001
0.200073 0.00001 0.679966 0.119941 0.00001
0.038459 0.00001 0.61024 0.351281 0.00001
0.147135 0.00001 0.758689 0.094156 0.00001
0.217766 0.00001 0.782204 0.00001 0.00001
0.229881 0.00001 0.756737 0.013362 0.00001
0.192961 0.00001 0.667871 0.139148 0.00001
0.201829 0.00001 0.798141 0.00001 0.00001
0.00001 0.00001 0.636818 0.363152 0.00001
0.043429 0.00001 0.760444 0.196107 0.00001
0.00001 0.00001 0.676696 0.316151 0.007133
0.00001 0.00001 0.673894 0.326076 0.00001
0.143379 0.00001 0.679661 0.176941 0.00001
0.181879 0.00001 0.818091 0.00001 0.00001
0.018456 0.00001 0.665491 0.316033 0.00001
0.00001 0.00001 0.7799 0.22007 0.00001
0.00001 0.00001 0.791616 0.208354 0.00001
0.158396 0.00001 0.834382 0.007201 0.00001
0.192556 0.00001 0.807414 0.00001 0.00001
0.06787 0.00001 0.618685 0.313425 0.00001
0.00001 0.00001 0.601237 0.398733 0.00001
0.113295 0.00001 0.848503 0.00001 0.038181
0.122077 0.00001 0.850432 0.00001 0.027471
0.304854 0.00001 0.63972 0.055406 0.00001
0.108184 0.00001 0.761216 0.13058 0.00001
0.133041 0.00001 0.648802 0.20677 0.011378
0.107242 0.00001 0.805701 0.058502 0.028546
0.082125 0.00001 0.621055 0.2968 0.00001
0.143403 0.00001 0.608739 0.247838 0.00001
0.159679 0.00001 0.735955 0.104346 0.00001
0.23356 0.00001 0.76641 0.00001 0.00001
0.000019 0.00001 0.780431 0.21953 0.00001
0.005965 0.00001 0.773003 0.221012 0.00001
0.00001 0.00001 0.7116 0.28837 0.00001
0.045103 0.00001 0.712149 0.242728 0.00001
0.165065 0.00001 0.807699 0.027216 0.00001
0.058739 0.00001 0.690557 0.250684 0.00001
0.00001 0.00001 0.670805 0.324968 0.004206
0.208272 0.00001 0.650469 0.141239 0.00001
0.00001 0.00001 0.765046 0.211889 0.023045
0.00001 0.00001 0.832536 0.144342 0.023102
0.03828 0.008805 0.757487 0.195418 0.00001
0.094527 0.00001 0.877997 0.027456 0.00001
0.1185 0.00001 0.88147 0.00001 0.00001
0.017815 0.00001 0.982155 0.00001 0.00001
0.09199 0.00001 0.62345 0.28454 0.00001
0.00001 0.005377 0.692543 0.302059 0.00001
0.191708 0.00001 0.763036 0.045236 0.00001
0.263263 0.00001 0.736707 0.00001 0.00001
0.240881 0.00001 0.745019 0.014081 0.00001
0.1417 0.00001 0.85827 0.00001 0.00001
0.090946 0.00001 0.771446 0.137588 0.00001
0.175138 0.00001 0.76128 0.063563 0.00001
0.024656 0.00001 0.800456 0.174868 0.00001
0.108302 0.00001 0.76047 0.128377 0.00284
0.00001 0.00001 0.755745 0.244225 0.00001
0.2274 0.00001 0.77257 0.00001 0.00001
0.008485 0.00001 0.706284 0.285211 0.00001
0.107879 0.00001 0.835691 0.056411 0.00001
0.057107 0.00001 0.856496 0.086377 0.00001
0.00001 0.00001 0.755654 0.244316 0.00001
0.151752 0.00001 0.735485 0.112743 0.00001
0.056856 0.00001 0.63516 0.307965 0.00001
0.108499 0.00001 0.718366 0.173115 0.00001
0.224488 0.00001 0.775482 0.00001 0.00001
0.227589 0.00001 0.772381 0.00001 0.00001
0.148679 0.00001 0.687713 0.163588 0.00001
0.00001 0.00001 0.67791 0.32206 0.00001
0.212974 0.00001 0.786996 0.00001 0.00001
0.240897 0.00001 0.759073 0.00001 0.00001
0.00001 0.00001 0.666143 0.333827 0.00001
0.045591 0.00001 0.547377 0.407013 0.00001
0.119311 0.00001 0.555513 0.325156 0.00001
0.102483 0.00001 0.571614 0.325883 0.00001
0.127308 0.00001 0.611 0.261672 0.00001
0.00001 0.00001 0.702256 0.297714 0.00001
0.106293 0.00001 0.670776 0.22291 0.00001
0.267584 0.00001 0.578702 0.153694 0.00001
0.13836 0.00001 0.553985 0.307635 0.00001
0.245236 0.00001 0.583664 0.171079 0.00001
0.076989 0.00001 0.922981 0.00001 0.00001
0.116543 0.00001 0.883426 0.00001 0.00001
0.242346 0.00001 0.757624 0.00001 0.00001
0.064182 0.00001 0.652664 0.283134 0.00001
0.152312 0.00001 0.847658 0.00001 0.00001
0.060523 0.008837 0.727758 0.202872 0.00001
0.209239 0.00001 0.158274 0.632468 0.00001
0.107863 0.00001 0.377351 0.514766 0.00001
0.258615 0.00001 0.419531 0.321833 0.00001
0.144965 0.00001 0.156727 0.698288 0.00001
0.429906 0.00001 0.270172 0.299902 0.00001
0.050433 0.00001 0.40563 0.543917 0.00001
0.082312 0.00001 0.33303 0.584637 0.00001
0.371494 0.00001 0.287472 0.341014 0.00001
0.00001 0.00001 0.00001 0.99996 0.00001
0.111112 0.00001 0.542968 0.3459 0.00001
0.00001 0.00001 0.404304 0.595666 0.00001
0.172783 0.00001 0.218688 0.608509 0.00001
0.144344 0.00001 0.178099 0.677538 0.00001
0.136624 0.00001 0.533466 0.32989 0.00001
0.255467 0.00001 0.325191 0.419322 0.00001
0.114564 0.00001 0.307732 0.577684 0.00001
0.28667 0.00001 0.271462 0.441848 0.00001
0.219707 0.00001 0.230761 0.549512 0.00001
0.233426 0.00001 0.241594 0.52496 0.00001
0.06463 0.00001 0.376889 0.558461 0.00001
0.1508 0.00001 0.558806 0.290375 0.00001
0.295323 0.00001 0.196817 0.50784 0.00001
0.164822 0.00001 0.135931 0.699228 0.00001
0.216436 0.00001 0.157078 0.626466 0.00001
0.00001 0.00001 0.409518 0.590452 0.00001
0.142751 0.00001 0.282875 0.574354 0.00001
0.130201 0.00001 0.368597 0.501182 0.00001
0.110992 0.00001 0.332822 0.556166 0.00001
0.596032 0.00001 0.00001 0.403938 0.00001
0.477291 0.00001 0.000012 0.522676 0.00001
0.548107 0.00001 0.00001 0.451863 0.00001
0.99996 0.00001 0.00001 0.00001 0.00001
0.480786 0.00001 0.00001 0.519184 0.00001
0.99996 0.00001 0.00001 0.00001 0.00001
0.27362 0.00001 0.00001 0.72635 0.00001
0.280805 0.00001 0.00001 0.719165 0.00001
0.342502 0.00001 0.00001 0.657468 0.00001
0.677895 0.00001 0.00001 0.322075 0.00001
0.495899 0.00001 0.00001 0.504071 0.00001
0.547301 0.00001 0.00001 0.452669 0.00001
0.99996 0.00001 0.00001 0.00001 0.00001
0.572708 0.00001 0.00001 0.427262 0.00001
0.99996 0.00001 0.00001 0.00001 0.00001
0.444666 0.00001 0.00001 0.555304 0.00001
0.471269 0.00001 0.045687 0.483024 0.00001
0.388598 0.00001 0.005399 0.605983 0.00001
0.442828 0.00001 0.00001 0.557142 0.00001
0.523648 0.00001 0.00001 0.476322 0.00001
0.99996 0.00001 0.00001 0.00001 0.00001
0.99996 0.00001 0.00001 0.00001 0.00001
0.321853 0.00001 0.008853 0.669274 0.00001
0.99996 0.00001 0.00001 0.00001 0.00001
0.99996 0.00001 0.00001 0.00001 0.00001
0.225807 0.00001 0.058 0.716174 0.00001
0.207063 0.00001 0.144693 0.648224 0.00001
0.00001 0.00001 0.00001 0.99996 0.00001
0.231458 0.00001 0.00001 0.768512 0.00001
0.461341 0.00001 0.190579 0.34806 0.00001
0.24782 0.00001 0.161157 0.591004 0.00001
0.336706 0.00001 0.041029 0.622245 0.00001
0.228929 0.00001 0.142237 0.628814 0.00001
0.332938 0.00001 0.00001 0.667032 0.00001
0.386699 0.00001 0.124729 0.488552 0.00001
0.197568 0.00001 0.017897 0.784515 0.00001
0.283394 0.00001 0.074583 0.642003 0.00001
0.364308 0.00001 0.00001 0.635662 0.00001
0.229318 0.00001 0.052289 0.718373 0.00001
0.212518 0.00001 0.049978 0.737484 0.00001
0.232134 0.00001 0.07895 0.688897 0.00001
0.00001 0.00001 0.00001 0.99996 0.00001
0.00001 0.00001 0.00001 0.99996 0.00001
0.196723 0.00001 0.00001 0.803247 0.00001
0.00001 0.00001 0.00001 0.99996 0.00001
0.359766 0.00001 0.11013 0.530084 0.00001
0.165648 0.00001 0.00001 0.834322 0.00001
0.00001 0.00001 0.00001 0.99996 0.00001
0.234194 0.00001 0.00001 0.765776 0.00001
0.245762 0.00001 0.063675 0.690543 0.00001
0.220753 0.00001 0.0798 0.699427 0.00001
0.00001 0.00001 0.00001 0.99996 0.00001
0.280518 0.00001 0.019582 0.69988 0.00001
0.00001 0.00001 0.00001 0.99996 0.00001
0.233962 0.00001 0.00001 0.766008 0.00001
0.29613 0.00001 0.092942 0.610909 0.00001
0.227166 0.00001 0.03807 0.734744 0.00001
0.165017 0.00001 0.00001 0.834953 0.00001
0.185077 0.00001 0.00001 0.814893 0.00001
0.00001 0.00001 0.00001 0.99996 0.00001
0.99996 0.00001 0.00001 0.00001 0.00001
0.319976 0.00001 0.026087 0.653917 0.00001
0.99996 0.00001 0.00001 0.00001 0.00001
0.30181 0.00001 0.00001 0.69816 0.00001
0.272647 0.00001 0.00001 0.727323 0.00001
0.99996 0.00001 0.00001 0.00001 0.00001
0.00001 0.00001 0.00001 0.99996 0.00001
0.161843 0.00001 0.023692 0.814444 0.00001
0.281201 0.00001 0.00001 0.718769 0.00001
0.345093 0.00001 0.011443 0.643445 0.00001
0.00001 0.00001 0.00001 0.99996 0.00001
0.150908 0.00001 0.00001 0.849062 0.00001
0.168095 0.00001 0.00001 0.831875 0.00001
0.00001 0.00001 0.00001 0.99996 0.00001
0.35754 0.00001 0.041596 0.600844 0.00001
0.279022 0.00001 0.00001 0.720948 0.00001
0.359603 0.00001 0.056581 0.583796 0.00001
0.274058 0.00001 0.00001 0.725912 0.00001
0.274373 0.00001 0.010151 0.715456 0.00001
0.19742 0.00001 0.08919 0.71337 0.00001
0.368411 0.00001 0.00001 0.631559 0.00001
0.00001 0.00001 0.00001 0.99996 0.00001
0.245718 0.00001 0.00001 0.754252 0.00001
0.347304 0.00001 0.048994 0.603682 0.00001
0.329096 0.00001 0.066058 0.604826 0.00001
0.409901 0.00001 0.064635 0.525444 0.00001
0.248525 0.00001 0.055636 0.695819 0.00001
0.221996 0.00001 0.079574 0.69841 0.00001
0.21187 0.00001 0.039671 0.748439 0.00001
