0.00001 0.99997 0.00001 0.00001
0.00001 0.99997 0.00001 0.00001
0.00001 0.99997 0.00001 0.00001
0.00001 0.99997 0.00001 0.00001
0.00001 0.99997 0.00001 0.00001
0.00001 0.99997 0.00001 0.00001
0.311217 0.688763 0.00001 0.00001
0.00001 0.99997 0.00001 0.00001
0.00001 0.99997 0.00001 0.00001
0.00001 0.99997 0.00001 0.00001
0.00001 0.99997 0.00001 0.00001
0.00001 0.99997 0.00001 0.00001
0.00001 0.99997 0.00001 0.00001
0.461314 0.511501 0.027175 0.00001
0.00001 0.99997 0.00001 0.00001
0.00001 0.99997 0.00001 0.00001
0.00001 0.99997 0.00001 0.00001
0.00001 0.99997 0.00001 0.00001
0.00001 0.99997 0.00001 0.00001
0.431727 0.568253 0.00001 0.00001
0.00001 0.99997 0.00001 0.00001
0.4795 0.52048 0.00001 0.00001
0.99997 0.00001 0.00001 0.00001
0.976437 0.00001 0.023543 0.00001
0.701713 0.298267 0.00001 0.00001
0.786134 0.213846 0.00001 0.00001
0.746225 0.228047 0.025718 0.00001
0.743418 0.256562 0.00001 0.00001
0.733559 0.266419 0.000012 0.00001
0.615315 0.384665 0.00001 0.00001
0.703075 0.296905 0.00001 0.00001
0.701298 0.297228 0.00001 0.001464
0.62545 0.352238 0.022302 0.00001
0.762823 0.237157 0.00001 0.00001
0.897517 0.102463 0.00001 0.00001
0.99997 0.00001 0.00001 0.00001
0.793617 0.206363 0.00001 0.00001
0.730386 0.269594 0.00001 0.00001
0.654084 0.345893 0.000013 0.00001
0.874275 0.125705 0.00001 0.00001
0.862359 0.137621 0.00001 0.00001
0.99997 0.00001 0.00001 0.00001
0.77306 0.210105 0.016825 0.00001
0.692333 0.259275 0.048382 0.00001
0.671673 0.328307 0.00001 0.00001
0.775707 0.224273 0.00001 0.00001
0.876512 0.123468 0.00001 0.00001
0.694938 0.305042 0.00001 0.00001
0.796702 0.203278 0.00001 0.00001
0.620412 0.3647 0.014878 0.00001
0.657343 0.342637 0.00001 0.00001
0.747334 0.247721 0.004935 0.00001
0.99997 0.00001 0.00001 0.00001
0.855386 0.144594 0.00001 0.00001
0.99159 0.00001 0.00839 0.00001
0.802138 0.197842 0.00001 0.00001
0.595706 0.388167 0.016117 0.00001
0.896024 0.103956 0.00001 0.00001
0.732432 0.267548 0.00001 0.00001
0.691712 0.283843 0.024435 0.00001
0.99997 0.00001 0.00001 0.00001
0.750045 0.249935 0.00001 0.00001
0.758631 0.241349 0.00001 0.00001
0.685376 0.304116 0.010499 0.00001
0.512402 0.487578 0.00001 0.00001
0.737059 0.262921 0.00001 0.00001
0.825426 0.174554 0.00001 0.00001
0.719854 0.280126 0.00001 0.00001
0.736423 0.259593 0.00001 0.003974
0.774855 0.225125 0.00001 0.00001
0.685134 0.314846 0.00001 0.00001
0.703524 0.290609 0.005857 0.00001
0.795484 0.204496 0.00001 0.00001
0.738636 0.261344 0.00001 0.00001
0.662333 0.337647 0.00001 0.00001
0.697914 0.298095 0.003981 0.00001
0.757206 0.242774 0.00001 0.00001
0.636338 0.363642 0.00001 0.00001
0.697404 0.294514 0.008072 0.00001
0.749944 0.250036 0.00001 0.00001
0.582046 0.340739 0.077205 0.00001
0.785346 0.214634 0.00001 0.00001
0.99997 0.00001 0.00001 0.00001
0.612627 0.387353 0.00001 0.00001
0.797054 0.202921 0.000014 0.00001
0.716778 0.279903 0.003309 0.00001
0.83419 0.16579 0.00001 0.00001
0.831502 0.168478 0.00001 0.00001
0.70815 0.289274 0.002566 0.00001
0.613233 0.386747 0.00001 0.00001
0.774799 0.225181 0.00001 0.00001
0.767171 0.2202 0.01262 0.00001
0.5773 0.421235 0.00001 0.001455
0.99997 0.00001 0.00001 0.00001
0.609925 0.390055 0.00001 0.00001
0.99997 0.00001 0.00001 0.00001
0.829038 0.170432 0.00001 0.00052
0.846876 0.153104 0.00001 0.00001
0.648913 0.351067 0.00001 0.00001
0.99997 0.00001 0.00001 0.00001
0.712563 0.287417 0.00001 0.00001
0.678112 0.321868 0.00001 0.00001
0.836999 0.162981 0.00001 0.00001
0.717932 0.282048 0.00001 0.00001
0.799385 0.198441 0.002164 0.00001
0.896911 0.103069 0.00001 0.00001
0.814384 0.185596 0.00001 0.00001
0.683506 0.316474 0.00001 0.00001
0.69895 0.300327 0.000713 0.00001
0.99997 0.00001 0.00001 0.00001
0.99997 0.00001 0.00001 0.00001
0.804849 0.195131 0.00001 0.00001
0.671108 0.328872 0.00001 0.00001
0.751624 0.248356 0.00001 0.00001
0.731021 0.268959 0.00001 0.00001
0.898444 0.101536 0.00001 0.00001
0.761323 0.238657 0.00001 0.00001
0.763869 0.236111 0.00001 0.00001
0.606518 0.393462 0.00001 0.00001
0.641821 0.354401 0.003768 0.00001
0.660743 0.339237 0.00001 0.00001
0.857976 0.142004 0.00001 0.00001
0.782454 0.217526 0.00001 0.00001
0.781118 0.218862 0.00001 0.00001
0.728448 0.271532 0.00001 0.00001
0.972228 0.023846 0.00001 0.003916
0.99997 0.00001 0.00001 0.00001
0.865853 0.134127 0.00001 0.00001
0.99997 0.00001 0.00001 0.00001
0.779025 0.220955 0.00001 0.00001
0.747981 0.22377 0.028239 0.00001
0.343021 0.167098 0.391118 0.098762
0.352037 0.176427 0.382482 0.089055
0.548749 0.063236 0.24947 0.138545
0.619722 0.139047 0.161605 0.079627
0.70501 0.063766 0.185371 0.045852
0.597399 0.160762 0.196963 0.044875
0.162699 0.037707 0.526026 0.273568
0.330129 0.136448 0.448832 0.084591
0.194791 0.155257 0.479037 0.170914
0.544613 0.175725 0.178176 0.101486
0.627078 0.173374 0.190322 0.009226
0.101571 0.00001 0.573454 0.324965
0.191479 0.112037 0.640189 0.056295
0.117378 0.102904 0.493079 0.28664
0.140672 0.060509 0.669576 0.129243
0.64155 0.103167 0.176777 0.078506
0.560998 0.213663 0.17088 0.054459
0.544332 0.103318 0.237457 0.114892
0.504226 0.222042 0.273722 0.00001
0.586515 0.193068 0.220407 0.00001
0.618887 0.187382 0.193721 0.00001
0.558709 0.32877 0.112511 0.00001
0.636428 0.00001 0.203748 0.159814
0.592274 0.108691 0.261017 0.038017
0.612962 0.029838 0.35719 0.00001
0.475792 0.256571 0.060187 0.20745
0.655947 0.17502 0.118719 0.050314
0.517324 0.248254 0.201927 0.032495
0.616003 0.199057 0.18493 0.00001
0.595218 0.203262 0.107059 0.094462
0.502981 0.178395 0.249944 0.06868
0.651084 0.178457 0.097229 0.073229
0.630598 0.173619 0.131376 0.064408
0.589813 0.192407 0.050488 0.167291
0.551472 0.235865 0.14348 0.069183
0.559192 0.184364 0.216684 0.039761
0.51488 0.281397 0.203713 0.00001
0.676102 0.125191 0.148594 0.050113
0.583228 0.197631 0.219131 0.00001
0.672439 0.121999 0.144865 0.060697
0.471483 0.072256 0.456251 0.00001
0.595336 0.137234 0.197831 0.069599
0.60899 0.216561 0.108302 0.066147
0.636571 0.280678 0.00001 0.082741
0.00001 0.00001 0.869823 0.130157
0.00451 0.00001 0.814289 0.181191
0.00001 0.00001 0.905894 0.094086
0.00001 0.00001 0.99997 0.00001
0.00001 0.00001 0.890671 0.109309
0.00001 0.00001 0.863515 0.136465
0.00001 0.00001 0.905274 0.094706
0.00001 0.00001 0.868589 0.131391
0.00001 0.00001 0.826877 0.173103
0.00001 0.00001 0.755877 0.244103
0.00001 0.00001 0.99997 0.00001
0.00001 0.00001 0.945383 0.054597
0.00001 0.00001 0.8858 0.11418
0.00001 0.00001 0.920129 0.079851
0.00001 0.00001 0.99997 0.00001
0.00001 0.00001 0.959463 0.040517
0.00001 0.00001 0.874723 0.125257
0.00001 0.00001 0.892076 0.107904
0.00001 0.023575 0.78618 0.190235
0.00001 0.00001 0.820978 0.179002
0.00001 0.00001 0.919627 0.080353
0.00001 0.00001 0.912105 0.087875
0.00001 0.00001 0.79403 0.20595
0.00001 0.00001 0.757412 0.242568
0.00001 0.00001 0.874135 0.125845
0.00001 0.00001 0.871043 0.128937
0.00001 0.00001 0.843083 0.156897
0.00001 0.00001 0.772891 0.227089
0.00001 0.00001 0.887404 0.112576
0.00001 0.00001 0.817664 0.182316
0.00001 0.00001 0.912376 0.087604
0.005146 0.00001 0.875571 0.119273
0.00001 0.00001 0.890893 0.109087
0.00001 0.00001 0.813292 0.186688
0.00001 0.00001 0.941383 0.058597
0.00001 0.00001 0.809349 0.190631
0.00001 0.00001 0.975961 0.024019
0.00001 0.00001 0.98456 0.01542
0.00001 0.00001 0.941617 0.058363
0.00001 0.00001 0.897127 0.102853
0.00001 0.00001 0.769893 0.230087
0.00001 0.00001 0.807077 0.192903
0.041072 0.00001 0.958908 0.00001
0.00001 0.028506 0.971474 0.00001
0.00001 0.00001 0.701831 0.298149
0.00001 0.00001 0.918539 0.081441
0.014506 0.00001 0.764737 0.220747
0.030724 0.00001 0.933442 0.035824
0.00001 0.00001 0.772053 0.227927
0.00001 0.00001 0.740752 0.259228
0.00001 0.00001 0.868638 0.131342
0.00001 0.00001 0.860473 0.139507
0.00001 0.00001 0.956462 0.043518
0.00001 0.00001 0.922503 0.077477
0.00001 0.00001 0.905225 0.094755
0.00001 0.00001 0.873742 0.126238
0.00001 0.00001 0.921019 0.078961
0.00001 0.00001 0.834593 0.165387
0.002998 0.00001 0.865817 0.131175
0.00001 0.00001 0.757109 0.242871
0.02338 0.00001 0.942322 0.034288
0.024472 0.00001 0.975508 0.00001
0.00001 0.009471 0.911343 0.079176
0.00001 0.003246 0.996734 0.00001
0.00001 0.00001 0.99997 0.00001
0.00001 0.00001 0.99997 0.00001
0.00001 0.00001 0.765638 0.234342
0.00001 0.006269 0.875636 0.118085
0.00001 0.00001 0.857981 0.141999
0.00001 0.00001 0.829569 0.170411
0.003597 0.00001 0.828025 0.168368
0.00001 0.00001 0.973957 0.026023
0.00001 0.00001 0.924341 0.075639
0.00001 0.00001 0.878494 0.121486
0.00001 0.00001 0.980527 0.019453
0.002291 0.00001 0.92139 0.07631
0.00001 0.00001 0.927869 0.072111
0.00001 0.00001 0.88021 0.11977
0.00001 0.00001 0.858615 0.141365
0.00001 0.00001 0.95559 0.04439
0.00001 0.00001 0.99997 0.00001
0.00001 0.00001 0.974105 0.025875
0.00001 0.00001 0.863721 0.136259
0.00001 0.00001 0.787601 0.212379
0.00001 0.00001 0.846864 0.153116
0.00001 0.00001 0.850439 0.149541
0.00001 0.00001 0.864994 0.134986
0.00001 0.00001 0.825058 0.174922
0.00001 0.00001 0.838688 0.161292
0.00001 0.00001 0.941092 0.058888
0.00001 0.00001 0.824056 0.175924
0.00001 0.00001 0.818179 0.181801
0.00001 0.00001 0.698688 0.301292
0.00001 0.00001 0.685174 0.314806
0.00001 0.00001 0.701456 0.298524
0.00001 0.00001 0.748418 0.251562
0.00001 0.00001 0.867761 0.132219
0.00001 0.00001 0.802266 0.197714
0.00001 0.00001 0.674003 0.325977
0.00001 0.00001 0.6961 0.30388
0.00001 0.00001 0.681416 0.318564
0.00001 0.00001 0.99997 0.00001
0.00001 0.00001 0.99997 0.00001
0.00001 0.00001 0.845978 0.154002
0.00001 0.00001 0.800816 0.199164
0.00001 0.00001 0.99997 0.00001
0.00001 0.010069 0.869445 0.120476
0.00001 0.00001 0.283004 0.716976
0.00001 0.00001 0.533244 0.466736
0.00001 0.00001 0.531278 0.468702
0.00001 0.00001 0.297447 0.702533
0.00001 0.00001 0.33399 0.66599
0.00001 0.00001 0.571211 0.428769
0.00001 0.00001 0.500262 0.499718
0.00001 0.00001 0.36464 0.63534
0.00001 0.00001 0.232321 0.767659
0.00001 0.00001 0.699323 0.300657
0.00001 0.00001 0.579219 0.420761
0.00001 0.00001 0.358631 0.641349
0.00001 0.00001 0.347491 0.652489
0.00001 0.00001 0.681864 0.318116
0.00001 0.00001 0.433752 0.566228
0.00001 0.00001 0.451412 0.548568
0.00001 0.00001 0.36386 0.63612
0.00001 0.00001 0.360154 0.639826
0.00001 0.00001 0.354359 0.645621
0.00001 0.00001 0.524557 0.475423
0.00001 0.00001 0.68751 0.31247
0.00001 0.00001 0.3067 0.69328
0.00001 0.00001 0.289265 0.710715
0.00001 0.00001 0.290929 0.709051
0.00001 0.00001 0.608672 0.391308
0.00001 0.00001 0.41647 0.58351
0.00001 0.00001 0.520726 0.479254
0.00001 0.00001 0.480193 0.519787
0.00001 0.00001 0.00001 0.99997
0.00001 0.00001 0.030273 0.969707
0.00001 0.00001 0.00001 0.99997
0.00001 0.00001 0.00001 0.99997
0.00001 0.00001 0.00001 0.99997
0.00001 0.00001 0.00001 0.99997
0.00001 0.00001 0.027757 0.972223
0.00001 0.00001 0.057009 0.942971
0.00001 0.00001 0.00001 0.99997
0.00001 0.00001 0.00001 0.99997
0.00001 0.00001 0.00001 0.99997
0.00001 0.00001 0.00001 0.99997
0.00001 0.00001 0.00001 0.99997
0.00001 0.00001 0.00001 0.99997
0.00001 0.00001 0.00001 0.99997
0.00001 0.00001 0.00001 0.99997
0.00001 0.00001 0.061466 0.938514
0.00001 0.00001 0.051267 0.948713
0.00001 0.00001 0.00001 0.99997
0.00001 0.00001 0.00001 0.99997
0.00001 0.00001 0.00001 0.99997
0.00001 0.00001 0.00001 0.99997
0.00001 0.00001 0.107791 0.892189
0.00001 0.00001 0.00001 0.99997
0.00001 0.00001 0.00001 0.99997
0.00001 0.00001 0.195697 0.804283
0.00001 0.00001 0.281211 0.718769
0.00001 0.00001 0.149087 0.850893
0.00001 0.00001 0.055759 0.944221
0.00001 0.00001 0.231757 0.768223
0.00001 0.00001 0.269574 0.730406
0.00001 0.00001 0.143569 0.856411
0.00001 0.00001 0.256167 0.743813
0.00001 0.00001 0.048363 0.951617
0.00001 0.00001 0.182128 0.817852
0.00001 0.00001 0.185413 0.814567
0.00001 0.00001 0.164051 0.835929
0.00001 0.00001 0.080229 0.919751
0.00001 0.00001 0.169982 0.829998
0.00001 0.00001 0.204535 0.795445
0.00001 0.00001 0.221406 0.778574
0.00001 0.00001 0.167339 0.832641
0.00001 0.00001 0.198963 0.801017
0.00001 0.00001 0.14142 0.85856
0.00001 0.00001 0.257642 0.742338
0.00001 0.00001 0.174361 0.825619
0.00001 0.00001 0.157133 0.842847
0.00001 0.00001 0.195616 0.804364
0.00001 0.00001 0.056268 0.943712
0.00001 0.00001 0.181842 0.818138
0.00001 0.00001 0.201029 0.798951
0.00001 0.00001 0.22408 0.7759
0.00001 0.00001 0.137605 0.862375
0.00001 0.00001 0.098062 0.901918
0.00001 0.00001 0.067636 0.932344
0.00001 0.00001 0.189228 0.810752
0.00001 0.00001 0.17355 0.82643
0.00001 0.00001 0.153803 0.846177
0.00001 0.00001 0.031855 0.968125
0.00001 0.00001 0.167681 0.832299
0.00001 0.00001 0.00001 0.99997
0.00001 0.00001 0.110311 0.889669
0.00001 0.00001 0.00001 0.99997
0.00001 0.00001 0.008259 0.991721
0.00001 0.00001 0.104979 0.895001
0.00001 0.00001 0.048848 0.951132
0.00001 0.00001 0.161882 0.838098
0.00001 0.00001 0.195039 0.804941
0.00001 0.00001 0.038127 0.961853
0.00001 0.00001 0.095067 0.904913
0.00001 0.00001 0.132748 0.867232
0.00001 0.00001 0.036142 0.963838
0.00001 0.00001 0.131346 0.868634
0.00001 0.00001 0.170955 0.829025
0.00001 0.00001 0.126524 0.873456
0.00001 0.00001 0.102458 0.897522
0.00001 0.00001 0.132569 0.867411
0.00001 0.00001 0.058542 0.941438
0.00001 0.00001 0.13356 0.86642
0.00001 0.00001 0.221662 0.778318
0.00001 0.00001 0.00001 0.99997
0.00001 0.00001 0.239078 0.760902
0.00001 0.00001 0.074925 0.925055
0.00001 0.00001 0.134542 0.865438
0.00001 0.00001 0.172216 0.827764
0.00001 0.00001 0.131006 0.868974
0.00001 0.00001 0.173091 0.826889
0.00001 0.00001 0.206072 0.793908
0.00001 0.00001 0.195643 0.804337
