0.00001 0.00001 0.00001 0.99997
0.00001 0.00001 0.00001 0.99997
0.00001 0.00001 0.00001 0.99997
0.00001 0.00001 0.00001 0.99997
0.00001 0.00001 0.00001 0.99997
0.00001 0.00001 0.00001 0.99997
0.00001 0.338282 0.00001 0.661698
0.00001 0.321842 0.00001 0.678138
0.00001 0.00001 0.00001 0.99997
0.00001 0.00001 0.00001 0.99997
0.00001 0.00001 0.00001 0.99997
0.00001 0.00001 0.00001 0.99997
0.00001 0.00001 0.00001 0.99997
0.027158 0.475023 0.00001 0.497809
0.00001 0.00001 0.00001 0.99997
0.00001 0.00001 0.00001 0.99997
0.00001 0.00001 0.00001 0.99997
0.00001 0.00001 0.00001 0.99997
0.00001 0.00001 0.00001 0.99997
0.00001 0.453034 0.00001 0.546946
0.00001 0.00001 0.00001 0.99997
0.00001 0.482268 0.00001 0.517712
0.00001 0.99997 0.00001 0.00001
0.023594 0.976386 0.00001 0.00001
0.00001 0.710176 0.00001 0.289804
0.00001 0.792436 0.00001 0.207544
0.025629 0.757774 0.00001 0.216586
0.00001 0.748452 0.00001 0.251528
0.00001 0.754576 0.00001 0.245404
0.00001 0.623992 0.00001 0.375988
0.00001 0.710585 0.00001 0.289395
0.00001 0.709045 0.001479 0.289466
0.022382 0.649347 0.00001 0.328261
0.00001 0.777798 0.00001 0.222182
0.00001 0.904979 0.00001 0.095001
0.00001 0.99997 0.00001 0.00001
0.00001 0.807557 0.00001 0.192423
0.00001 0.729888 0.00001 0.270092
0.00001 0.683984 0.00001 0.315996
0.00001 0.881954 0.00001 0.118026
0.00001 0.867677 0.00001 0.132303
0.00001 0.99997 0.00001 0.00001
0.01694 0.777367 0.00001 0.205683
0.048354 0.705886 0.00001 0.245749
0.00001 0.675703 0.00001 0.324277
0.00001 0.779531 0.00001 0.220449
0.00001 0.874581 0.00001 0.125399
0.00001 0.708007 0.00001 0.291973
0.00001 0.805248 0.00001 0.194732
0.014854 0.628509 0.00001 0.356627
0.00001 0.679696 0.00001 0.320284
0.004899 0.759054 0.00001 0.236037
0.00001 0.99997 0.00001 0.00001
0.00001 0.852083 0.00001 0.147897
0.008301 0.991679 0.00001 0.00001
0.00001 0.805583 0.00001 0.194397
0.015806 0.593412 0.00001 0.390772
0.00001 0.943605 0.00001 0.056375
0.00001 0.746431 0.00001 0.253549
0.024387 0.703711 0.00001 0.271892
0.00001 0.99997 0.00001 0.00001
0.00001 0.755126 0.00001 0.244854
0.00001 0.771021 0.00001 0.228959
0.010435 0.698267 0.00001 0.291288
0.00001 0.51656 0.00001 0.48342
0.00001 0.75034 0.00001 0.24964
0.00001 0.827664 0.00001 0.172316
0.00001 0.741041 0.00001 0.258939
0.00001 0.741627 0.004015 0.254348
0.00001 0.802469 0.00001 0.197511
0.00001 0.69048 0.00001 0.3095
0.005816 0.717272 0.00001 0.276902
0.00001 0.800726 0.00001 0.199254
0.00001 0.744084 0.00001 0.255896
0.00001 0.661075 0.00001 0.338905
0.004088 0.699584 0.00001 0.296317
0.00001 0.765213 0.00001 0.234767
0.00001 0.63541 0.00001 0.36457
0.007949 0.710876 0.00001 0.281165
0.00001 0.757096 0.00001 0.242884
0.077197 0.59596 0.00001 0.326832
0.00001 0.792528 0.00001 0.207452
0.00001 0.985857 0.00001 0.014123
0.00001 0.624216 0.00001 0.375764
0.00001 0.807988 0.00001 0.191992
0.00338 0.720261 0.00001 0.276349
0.00001 0.845357 0.00001 0.154623
0.00001 0.850037 0.00001 0.149943
0.00257 0.716479 0.00001 0.280941
0.00001 0.622374 0.00001 0.377606
0.00001 0.781364 0.00001 0.218616
0.012634 0.775991 0.00001 0.211365
0.00001 0.590568 0.001515 0.407908
0.00001 0.99997 0.00001 0.00001
0.00001 0.618711 0.00001 0.381269
0.00001 0.99997 0.00001 0.00001
0.00001 0.837404 0.000553 0.162032
0.00001 0.855798 0.00001 0.144182
0.00001 0.660581 0.00001 0.339399
0.00001 0.99997 0.00001 0.00001
0.00001 0.726835 0.00001 0.273145
0.00001 0.687963 0.00001 0.312017
0.00001 0.849463 0.00001 0.150517
0.00001 0.737865 0.00001 0.262115
0.002234 0.80704 0.00001 0.190717
0.00001 0.895152 0.00001 0.104828
0.00001 0.824582 0.00001 0.175398
0.00001 0.684236 0.00001 0.315744
0.000707 0.708063 0.00001 0.29122
0.00001 0.99997 0.00001 0.00001
0.00001 0.99997 0.00001 0.00001
0.00001 0.810188 0.00001 0.189792
0.00001 0.687453 0.00001 0.312527
0.00001 0.754074 0.00001 0.245906
0.00001 0.743447 0.00001 0.256533
0.00001 0.89741 0.00001 0.10257
0.00001 0.775378 0.00001 0.224602
0.00001 0.773719 0.00001 0.226261
0.00001 0.622692 0.00001 0.377288
0.003673 0.661624 0.00001 0.334693
0.00001 0.669503 0.00001 0.330477
0.00001 0.863416 0.00001 0.136564
0.00001 0.798871 0.00001 0.201109
0.00001 0.791473 0.00001 0.208507
0.00001 0.745646 0.00001 0.254334
0.00001 0.973241 0.003835 0.022915
0.00001 0.99997 0.00001 0.00001
0.00001 0.880099 0.00001 0.119881
0.00001 0.99997 0.00001 0.00001
0.00001 0.784237 0.00001 0.215743
0.028222 0.763246 0.00001 0.208522
0.390946 0.355197 0.098903 0.154953
0.382613 0.362806 0.088892 0.165689
0.249362 0.54576 0.138601 0.066277
0.161484 0.620349 0.079773 0.138394
0.185513 0.707025 0.045614 0.061848
0.197014 0.609092 0.044735 0.149158
0.525956 0.163829 0.273586 0.03663
0.448655 0.337772 0.08472 0.128853
0.478821 0.202416 0.17108 0.147683
0.177686 0.559254 0.101878 0.161182
0.191355 0.63546 0.008188 0.164997
0.573366 0.10158 0.325044 0.00001
0.640283 0.191977 0.056169 0.111571
0.49324 0.118245 0.286425 0.102089
0.669083 0.152154 0.129576 0.049187
0.176524 0.644325 0.078728 0.100423
0.170877 0.567429 0.054441 0.207253
0.237667 0.539619 0.114687 0.108027
0.273685 0.514872 0.00001 0.211433
0.220405 0.586137 0.00001 0.193448
0.193686 0.627015 0.00001 0.179289
0.112494 0.569094 0.00001 0.318403
0.203386 0.636481 0.160123 0.00001
0.260655 0.589326 0.038365 0.111654
0.357111 0.617698 0.00001 0.02518
0.060113 0.485307 0.207512 0.247068
0.118651 0.663429 0.050379 0.167541
0.201905 0.530928 0.032496 0.234671
0.184893 0.624443 0.00001 0.190655
0.107479 0.593012 0.094079 0.20543
0.249524 0.519127 0.068983 0.162367
0.097165 0.65952 0.073236 0.17008
0.131436 0.638499 0.064321 0.165744
0.050417 0.600363 0.167343 0.181877
0.143484 0.555331 0.069171 0.232014
0.216877 0.564858 0.039577 0.178688
0.203712 0.527442 0.00001 0.268836
0.148403 0.691754 0.050209 0.109634
0.219117 0.596876 0.00001 0.183997
0.144996 0.678661 0.060598 0.115746
0.456144 0.466092 0.00001 0.077754
0.197278 0.602303 0.070083 0.130336
0.108135 0.609449 0.06635 0.216066
0.00001 0.644222 0.082733 0.273035
0.869374 0.00001 0.130606 0.00001
0.814681 0.004383 0.180927 0.00001
0.906185 0.00001 0.093795 0.00001
0.99997 0.00001 0.00001 0.00001
0.890971 0.00001 0.109009 0.00001
0.863573 0.00001 0.136407 0.00001
0.905514 0.00001 0.094466 0.00001
0.868892 0.00001 0.131088 0.00001
0.827045 0.00001 0.172935 0.00001
0.756185 0.00001 0.243795 0.00001
0.99997 0.00001 0.00001 0.00001
0.945733 0.00001 0.054247 0.00001
0.886115 0.00001 0.113865 0.00001
0.920352 0.00001 0.079628 0.00001
0.99997 0.00001 0.00001 0.00001
0.959906 0.00001 0.040074 0.00001
0.874846 0.00001 0.125134 0.00001
0.89213 0.00001 0.10785 0.00001
0.78549 0.00001 0.190426 0.024074
0.821467 0.00001 0.178513 0.00001
0.919823 0.00001 0.080157 0.00001
0.91231 0.00001 0.08767 0.00001
0.794252 0.00001 0.205728 0.00001
0.757798 0.00001 0.242182 0.00001
0.87416 0.00001 0.12582 0.00001
0.871467 0.00001 0.128513 0.00001
0.843295 0.00001 0.156685 0.00001
0.773222 0.00001 0.226758 0.00001
0.887693 0.00001 0.112287 0.00001
0.817681 0.00001 0.182299 0.00001
0.91252 0.00001 0.08746 0.00001
0.875634 0.005189 0.119166 0.00001
0.890927 0.00001 0.109053 0.00001
0.813467 0.00001 0.186513 0.00001
0.94171 0.00001 0.05827 0.00001
0.809622 0.00001 0.190358 0.00001
0.976278 0.00001 0.023702 0.00001
0.984759 0.00001 0.015221 0.00001
0.941909 0.00001 0.058071 0.00001
0.897507 0.00001 0.102473 0.00001
0.769711 0.00001 0.230269 0.00001
0.807399 0.00001 0.192581 0.00001
0.958957 0.041023 0.00001 0.00001
0.968606 0.031374 0.00001 0.00001
0.701901 0.00001 0.298079 0.00001
0.918717 0.00001 0.081263 0.00001
0.764785 0.014505 0.220699 0.00001
0.933617 0.030743 0.03563 0.00001
0.772007 0.00001 0.227973 0.00001
0.741006 0.00001 0.258974 0.00001
0.868939 0.00001 0.131041 0.00001
0.860604 0.00001 0.139376 0.00001
0.956856 0.00001 0.043124 0.00001
0.922842 0.00001 0.077138 0.00001
0.905595 0.00001 0.094385 0.00001
0.874095 0.00001 0.125885 0.00001
0.920913 0.00001 0.079067 0.00001
0.834908 0.00001 0.165072 0.00001
0.866174 0.002948 0.130868 0.00001
0.757405 0.00001 0.242575 0.00001
0.942968 0.023239 0.033783 0.00001
0.975314 0.024666 0.00001 0.00001
0.91184 0.00001 0.07861 0.009541
0.996825 0.00001 0.00001 0.003155
0.99997 0.00001 0.00001 0.00001
0.99997 0.00001 0.00001 0.00001
0.766134 0.00001 0.233846 0.00001
0.875559 0.00001 0.118121 0.00631
0.858253 0.00001 0.141727 0.00001
0.829948 0.000017 0.170026 0.00001
0.828141 0.00367 0.16818 0.00001
0.97418 0.00001 0.0258 0.00001
0.924512 0.00001 0.075468 0.00001
0.878701 0.00001 0.121279 0.00001
0.980897 0.00001 0.019083 0.00001
0.921439 0.002252 0.076299 0.00001
0.928164 0.00001 0.071816 0.00001
0.880679 0.00001 0.119301 0.00001
0.858748 0.00001 0.141232 0.00001
0.955909 0.00001 0.044071 0.00001
0.99997 0.00001 0.00001 0.00001
0.974518 0.00001 0.025462 0.00001
0.864033 0.00001 0.135947 0.00001
0.787926 0.00001 0.212054 0.00001
0.847096 0.00001 0.152884 0.00001
0.85083 0.00001 0.14915 0.00001
0.865176 0.00001 0.134804 0.00001
0.825156 0.00001 0.174824 0.00001
0.839037 0.00001 0.160943 0.00001
0.941408 0.00001 0.058572 0.00001
0.824304 0.00001 0.175676 0.00001
0.818238 0.00001 0.181742 0.00001
0.698546 0.00001 0.301434 0.00001
0.684985 0.00001 0.314995 0.00001
0.701715 0.00001 0.298265 0.00001
0.748724 0.00001 0.251256 0.00001
0.867978 0.00001 0.132002 0.00001
0.802466 0.00001 0.197514 0.00001
0.674257 0.00001 0.325723 0.00001
0.696287 0.00001 0.303693 0.00001
0.681538 0.00001 0.318442 0.00001
0.99997 0.00001 0.00001 0.00001
0.99997 0.00001 0.00001 0.00001
0.846219 0.00001 0.153761 0.00001
0.80109 0.00001 0.19889 0.00001
0.99997 0.00001 0.00001 0.00001
0.868427 0.00001 0.120911 0.010652
0.283436 0.00001 0.716544 0.00001
0.533703 0.00001 0.466277 0.00001
0.531639 0.00001 0.468341 0.00001
0.297576 0.00001 0.702404 0.00001
0.334285 0.00001 0.665695 0.00001
0.571437 0.00001 0.428543 0.00001
0.50069 0.00001 0.49929 0.00001
0.363849 0.00001 0.636131 0.00001
0.2326 0.00001 0.76738 0.00001
0.699676 0.00001 0.300304 0.00001
0.579473 0.00001 0.420507 0.00001
0.358824 0.00001 0.641156 0.00001
0.347939 0.00001 0.652041 0.00001
0.682299 0.00001 0.317681 0.00001
0.434017 0.00001 0.565963 0.00001
0.451665 0.00001 0.548315 0.00001
0.364189 0.00001 0.635791 0.00001
0.360404 0.00001 0.639576 0.00001
0.354368 0.00001 0.645612 0.00001
0.524466 0.00001 0.475514 0.00001
0.687687 0.00001 0.312293 0.00001
0.307046 0.00001 0.692934 0.00001
0.289693 0.00001 0.710287 0.00001
0.291307 0.00001 0.708673 0.00001
0.609006 0.00001 0.390974 0.00001
0.416731 0.00001 0.583249 0.00001
0.521053 0.00001 0.478927 0.00001
0.480563 0.00001 0.519417 0.00001
0.00001 0.00001 0.99997 0.00001
0.030926 0.00001 0.969054 0.00001
0.00001 0.00001 0.99997 0.00001
0.00001 0.00001 0.99997 0.00001
0.00001 0.00001 0.99997 0.00001
0.00001 0.00001 0.99997 0.00001
0.028009 0.00001 0.971971 0.00001
0.057442 0.00001 0.942538 0.00001
0.00001 0.00001 0.99997 0.00001
0.00001 0.00001 0.99997 0.00001
0.00001 0.00001 0.99997 0.00001
0.00001 0.00001 0.99997 0.00001
0.00001 0.00001 0.99997 0.00001
0.00001 0.00001 0.99997 0.00001
0.00001 0.00001 0.99997 0.00001
0.00001 0.00001 0.99997 0.00001
0.061648 0.00001 0.938332 0.00001
0.051517 0.00001 0.948463 0.00001
0.00001 0.00001 0.99997 0.00001
0.00001 0.00001 0.99997 0.00001
0.00001 0.00001 0.99997 0.00001
0.00001 0.00001 0.99997 0.00001
0.108097 0.00001 0.891883 0.00001
0.00001 0.00001 0.99997 0.00001
0.00001 0.00001 0.99997 0.00001
0.195688 0.00001 0.804292 0.00001
0.281504 0.00001 0.718476 0.00001
0.149459 0.000015 0.850516 0.00001
0.056154 0.00001 0.943826 0.00001
0.231958 0.00001 0.768022 0.00001
0.269945 0.00001 0.730035 0.00001
0.14383 0.00001 0.85615 0.00001
0.255866 0.00001 0.744114 0.00001
0.048664 0.00001 0.951316 0.00001
0.182441 0.00001 0.817539 0.00001
0.185684 0.00001 0.814296 0.00001
0.164332 0.00001 0.835648 0.00001
0.080566 0.00001 0.919414 0.00001
0.170463 0.00001 0.829517 0.00001
0.204799 0.00001 0.795181 0.00001
0.221736 0.000014 0.778239 0.00001
0.167715 0.00001 0.832265 0.00001
0.199245 0.00001 0.800735 0.00001
0.141876 0.00001 0.858104 0.00001
0.25799 0.00001 0.74199 0.00001
0.174806 0.00001 0.825174 0.00001
0.157788 0.00001 0.842192 0.00001
0.196036 0.00001 0.803944 0.00001
0.056745 0.00001 0.943235 0.00001
0.182314 0.00001 0.817666 0.00001
0.201301 0.00001 0.798679 0.00001
0.224372 0.00001 0.775608 0.00001
0.137917 0.000013 0.86206 0.00001
0.09836 0.00001 0.90162 0.00001
0.068189 0.00001 0.931791 0.00001
0.189573 0.00001 0.810407 0.00001
0.173712 0.00001 0.826268 0.00001
0.154127 0.00001 0.845853 0.00001
0.032365 0.00001 0.967615 0.00001
0.168304 0.00001 0.831676 0.00001
0.00001 0.00001 0.99997 0.00001
0.110652 0.00001 0.889328 0.00001
0.00001 0.00001 0.99997 0.00001
0.008453 0.00001 0.991527 0.00001
0.105357 0.00001 0.894623 0.00001
0.049417 0.00001 0.950563 0.00001
0.162254 0.000015 0.837721 0.00001
0.195015 0.00001 0.804965 0.00001
0.038554 0.00001 0.961426 0.00001
0.095512 0.00001 0.904468 0.00001
0.133317 0.00001 0.866663 0.00001
0.03699 0.00001 0.96299 0.00001
0.131674 0.00001 0.868306 0.00001
0.171431 0.00001 0.828549 0.00001
0.12675 0.00001 0.87323 0.00001
0.10286 0.00001 0.89712 0.00001
0.133023 0.00001 0.866957 0.00001
0.058259 0.00001 0.941721 0.00001
0.133724 0.00001 0.866256 0.00001
0.22193 0.00001 0.77805 0.00001
0.00001 0.00001 0.99997 0.00001
0.239472 0.00001 0.760508 0.00001
0.075509 0.00001 0.924471 0.00001
0.134462 0.00001 0.865518 0.00001
0.17255 0.00001 0.82743 0.00001
0.13135 0.00001 0.86863 0.00001
0.173629 0.00001 0.826351 0.00001
0.206725 0.00001 0.793255 0.00001
0.196024 0.00001 0.803956 0.00001
