0.99997 0.00001 0.00001 0.00001
0.99997 0.00001 0.00001 0.00001
0.99997 0.00001 0.00001 0.00001
0.99997 0.00001 0.00001 0.00001
0.99997 0.00001 0.00001 0.00001
0.99997 0.00001 0.00001 0.00001
0.99997 0.00001 0.00001 0.00001
0.99997 0.00001 0.00001 0.00001
0.99997 0.00001 0.00001 0.00001
0.99997 0.00001 0.00001 0.00001
0.99997 0.00001 0.00001 0.00001
0.99997 0.00001 0.00001 0.00001
0.99997 0.00001 0.00001 0.00001
0.970117 0.026574 0.00001 0.003299
0.99997 0.00001 0.00001 0.00001
0.99997 0.00001 0.00001 0.00001
0.99997 0.00001 0.00001 0.00001
0.99997 0.00001 0.00001 0.00001
0.99997 0.00001 0.00001 0.00001
0.99997 0.00001 0.00001 0.00001
0.99997 0.00001 0.00001 0.00001
0.99997 0.00001 0.00001 0.00001
0.99997 0.00001 0.00001 0.00001
0.966668 0.031122 0.00001 0.0022
0.99997 0.00001 0.00001 0.00001
0.99997 0.00001 0.00001 0.00001
0.971647 0.028333 0.00001 0.00001
0.99997 0.00001 0.00001 0.00001
0.998789 0.001191 0.00001 0.00001
0.99997 0.00001 0.00001 0.00001
0.99997 0.00001 0.00001 0.00001
0.996473 0.00001 0.003507 0.00001
0.976143 0.023837 0.00001 0.00001
0.99997 0.00001 0.00001 0.00001
0.99997 0.00001 0.00001 0.00001
0.99997 0.00001 0.00001 0.00001
0.99997 0.00001 0.00001 0.00001
0.99997 0.00001 0.00001 0.00001
0.99997 0.00001 0.00001 0.00001
0.995839 0.00001 0.00001 0.004141
0.998983 0.00001 0.00001 0.000997
0.99997 0.00001 0.00001 0.00001
0.979216 0.020764 0.00001 0.00001
0.950286 0.049694 0.00001 0.00001
0.995015 0.00001 0.00001 0.004965
0.99997 0.00001 0.00001 0.00001
0.99997 0.00001 0.00001 0.00001
0.99997 0.00001 0.00001 0.00001
0.99997 0.00001 0.00001 0.00001
0.983631 0.016349 0.00001 0.00001
0.997841 0.00001 0.00001 0.002139
0.992747 0.007233 0.00001 0.00001
0.99997 0.00001 0.00001 0.00001
0.99997 0.00001 0.00001 0.00001
0.983368 0.00001 0.00001 0.016612
0.99997 0.00001 0.00001 0.00001
0.981236 0.018744 0.00001 0.00001
0.997241 0.002739 0.00001 0.00001
0.99997 0.00001 0.00001 0.00001
0.973572 0.026408 0.00001 0.00001
0.99997 0.00001 0.00001 0.00001
0.99997 0.00001 0.00001 0.00001
0.99997 0.00001 0.00001 0.00001
0.985884 0.00001 0.00001 0.014096
0.99997 0.00001 0.00001 0.00001
0.99997 0.00001 0.00001 0.00001
0.99997 0.00001 0.00001 0.00001
0.99997 0.00001 0.00001 0.00001
0.991918 0.00001 0.00001 0.008062
0.99997 0.00001 0.00001 0.00001
0.99997 0.00001 0.00001 0.00001
0.988752 0.00001 0.00001 0.011228
0.99997 0.00001 0.00001 0.00001
0.99997 0.00001 0.00001 0.00001
0.99997 0.00001 0.00001 0.00001
0.993092 0.00001 0.00001 0.006888
0.99997 0.00001 0.00001 0.00001
0.99997 0.00001 0.00001 0.00001
0.989465 0.010515 0.00001 0.00001
0.99997 0.00001 0.00001 0.00001
0.922808 0.038367 0.00001 0.038815
0.99997 0.00001 0.00001 0.00001
0.99997 0.00001 0.00001 0.00001
0.999651 0.00001 0.00001 0.000329
0.99997 0.00001 0.00001 0.00001
0.992838 0.00001 0.00001 0.007142
0.99997 0.00001 0.00001 0.00001
0.99997 0.00001 0.00001 0.00001
0.995048 0.00001 0.004932 0.00001
0.997168 0.00001 0.00001 0.002812
0.99997 0.00001 0.00001 0.00001
0.985371 0.00001 0.00001 0.014609
0.995905 0.00001 0.004075 0.00001
0.99997 0.00001 0.00001 0.00001
0.99997 0.00001 0.00001 0.00001
0.99997 0.00001 0.00001 0.00001
0.996613 0.00001 0.003367 0.00001
0.99997 0.00001 0.00001 0.00001
0.99997 0.00001 0.00001 0.00001
0.99997 0.00001 0.00001 0.00001
0.99997 0.00001 0.00001 0.00001
0.99997 0.00001 0.00001 0.00001
0.992885 0.00001 0.00001 0.007095
0.995473 0.00001 0.00001 0.004507
0.994012 0.005968 0.00001 0.00001
0.99997 0.00001 0.00001 0.00001
0.993963 0.00001 0.00001 0.006017
0.99997 0.00001 0.00001 0.00001
0.997874 0.002106 0.00001 0.00001
0.99997 0.00001 0.00001 0.00001
0.99997 0.00001 0.00001 0.00001
0.99997 0.00001 0.00001 0.00001
0.99997 0.00001 0.00001 0.00001
0.99997 0.00001 0.00001 0.00001
0.99997 0.00001 0.00001 0.00001
0.99997 0.00001 0.00001 0.00001
0.99997 0.00001 0.00001 0.00001
0.99997 0.00001 0.00001 0.00001
0.99997 0.00001 0.00001 0.00001
0.995074 0.004906 0.00001 0.00001
0.99997 0.00001 0.00001 0.00001
0.99997 0.00001 0.00001 0.00001
0.99997 0.00001 0.00001 0.00001
0.99997 0.00001 0.00001 0.00001
0.99997 0.00001 0.00001 0.00001
0.988724 0.00001 0.011256 0.00001
0.995904 0.00001 0.004076 0.00001
0.99997 0.00001 0.00001 0.00001
0.996064 0.003916 0.00001 0.00001
0.99997 0.00001 0.00001 0.00001
0.968419 0.031561 0.00001 0.00001
0.507948 0.390533 0.00001 0.101509
0.527755 0.339082 0.116189 0.016974
0.610576 0.209083 0.168236 0.012105
0.755229 0.142114 0.00001 0.102647
0.765842 0.190462 0.003225 0.04047
0.757951 0.142081 0.099958 0.00001
0.199604 0.469554 0.269322 0.06152
0.466017 0.390856 0.117749 0.025378
0.350133 0.406921 0.223154 0.019792
0.719907 0.104981 0.175102 0.00001
0.799713 0.158223 0.042054 0.00001
0.097607 0.549907 0.14504 0.207445
0.303094 0.559211 0.137685 0.00001
0.219207 0.444099 0.21648 0.120213
0.198677 0.646227 0.01935 0.135745
0.742464 0.171763 0.032681 0.053091
0.77271 0.177772 0.003169 0.046348
0.645913 0.217329 0.110506 0.026252
0.72512 0.27486 0.00001 0.00001
0.777935 0.202435 0.00001 0.01962
0.804583 0.163844 0.00001 0.031563
0.886249 0.096934 0.00001 0.016807
0.634267 0.18437 0.133547 0.047816
0.698543 0.240138 0.00001 0.061308
0.641444 0.340437 0.00001 0.01811
0.731263 0.039121 0.166209 0.063406
0.828224 0.117846 0.00001 0.05392
0.765455 0.149245 0.085289 0.00001
0.813719 0.184573 0.001698 0.00001
0.797311 0.09261 0.090396 0.019683
0.680473 0.214836 0.104681 0.00001
0.82845 0.079119 0.084974 0.007456
0.803682 0.085444 0.110864 0.00001
0.780928 0.045393 0.13218 0.041499
0.785946 0.141601 0.00001 0.072443
0.742924 0.188841 0.068225 0.00001
0.794964 0.195475 0.00001 0.00955
0.800573 0.110283 0.089134 0.00001
0.779428 0.220552 0.00001 0.00001
0.79314 0.12896 0.071473 0.006426
0.541914 0.441886 0.00001 0.016189
0.730477 0.18351 0.066168 0.019845
0.823609 0.122692 0.003934 0.049765
0.917154 0.00001 0.00001 0.082826
0.00001 0.780325 0.167087 0.052578
0.002064 0.701937 0.295988 0.00001
0.00001 0.843052 0.062161 0.094777
0.00001 0.899462 0.00001 0.100518
0.00001 0.825625 0.092541 0.081824
0.00001 0.826249 0.043402 0.130339
0.00001 0.798644 0.201336 0.00001
0.00001 0.76446 0.208169 0.027361
0.00001 0.766073 0.113371 0.120546
0.00001 0.648487 0.345078 0.006425
0.00001 0.99997 0.00001 0.00001
0.00001 0.856252 0.095695 0.048043
0.00001 0.795723 0.160413 0.043853
0.00001 0.7955 0.20448 0.00001
0.00001 0.872487 0.127493 0.00001
0.00001 0.879717 0.04538 0.074893
0.00001 0.800235 0.093751 0.106004
0.00001 0.785473 0.207384 0.007132
0.018211 0.688677 0.278634 0.014477
0.00001 0.752683 0.143582 0.103725
0.00001 0.833943 0.117155 0.048892
0.00001 0.820642 0.170038 0.00931
0.00001 0.718086 0.184657 0.097246
0.00001 0.67263 0.23795 0.08941
0.00001 0.834929 0.056015 0.109045
0.00001 0.834869 0.00001 0.165111
0.00001 0.793452 0.077334 0.129204
0.00001 0.699545 0.220252 0.080194
0.00001 0.853971 0.00001 0.146009
0.00001 0.724988 0.228073 0.046929
0.00001 0.865468 0.042928 0.091595
0.003218 0.745733 0.251038 0.00001
0.00001 0.776918 0.223062 0.00001
0.00001 0.756933 0.106261 0.136796
0.00001 0.882174 0.00001 0.117806
0.00001 0.720557 0.229694 0.049739
0.00001 0.876937 0.098112 0.024941
0.00001 0.8717 0.12828 0.00001
0.00001 0.843738 0.117038 0.039214
0.00001 0.850433 0.040587 0.10897
0.00001 0.658213 0.341767 0.00001
0.00001 0.701962 0.298018 0.00001
0.037799 0.888577 0.00001 0.073614
0.025466 0.894915 0.00001 0.07961
0.00001 0.644222 0.218904 0.136864
0.00001 0.813071 0.147034 0.039885
0.00001 0.762471 0.00853 0.228989
0.027227 0.864516 0.033705 0.074552
0.00001 0.671966 0.294063 0.033961
0.00001 0.648152 0.322325 0.029513
0.00001 0.737408 0.262572 0.00001
0.00001 0.788007 0.128781 0.083203
0.00001 0.855489 0.105615 0.038886
0.00001 0.789819 0.210161 0.00001
0.00001 0.775228 0.224752 0.00001
0.00001 0.781011 0.16133 0.057649
0.00001 0.829636 0.123073 0.047281
0.00001 0.732332 0.226236 0.041422
0.001644 0.761797 0.220574 0.015985
0.00001 0.656189 0.299862 0.043939
0.018531 0.883785 0.018416 0.079268
0.021166 0.898119 0.00001 0.080705
0.00253 0.830452 0.127067 0.039952
0.00001 0.920853 0.00001 0.079127
0.00001 0.908298 0.00001 0.091682
0.00001 0.99997 0.00001 0.00001
0.00001 0.681707 0.269057 0.049226
0.001558 0.808536 0.11084 0.079066
0.00001 0.805599 0.089109 0.105283
0.00001 0.792396 0.052666 0.154928
0.00001 0.779443 0.10369 0.116857
0.00001 0.912292 0.00001 0.087688
0.00001 0.815134 0.169995 0.014861
0.00001 0.787421 0.165093 0.047477
0.00001 0.855687 0.144293 0.00001
0.00001 0.833675 0.098069 0.068246
0.00001 0.812725 0.177619 0.009646
0.00001 0.831864 0.051891 0.116235
0.00001 0.782232 0.128139 0.089619
0.00001 0.894579 0.00001 0.105401
0.00001 0.907682 0.079305 0.013003
0.00001 0.901034 0.00001 0.098946
0.00001 0.769047 0.186791 0.044151
0.00001 0.692054 0.256809 0.051127
0.00001 0.747635 0.1967 0.055656
0.00001 0.776678 0.154159 0.069153
0.00001 0.794697 0.117037 0.088256
0.00001 0.75582 0.131192 0.112978
0.00001 0.751433 0.179075 0.069482
0.00001 0.888304 0.00001 0.111676
0.00001 0.736805 0.218014 0.04517
0.00001 0.737681 0.196225 0.066084
0.00001 0.629469 0.251882 0.11864
0.00001 0.617976 0.265221 0.116793
0.00001 0.627427 0.297119 0.075444
0.00001 0.653658 0.290791 0.05554
0.00001 0.755973 0.244007 0.00001
0.00001 0.72116 0.213487 0.065343
0.00001 0.586078 0.338742 0.075171
0.00001 0.585538 0.36963 0.044822
0.00001 0.636083 0.17969 0.184217
0.00001 0.924422 0.00001 0.075558
0.00001 0.922529 0.00001 0.077451
0.00001 0.809753 0.064021 0.126216
0.00001 0.709089 0.255705 0.035195
0.00001 0.921934 0.052684 0.025372
0.006048 0.790867 0.181821 0.021264
0.00001 0.179743 0.742343 0.077905
0.00001 0.420588 0.516625 0.062777
0.00001 0.439879 0.484305 0.075806
0.00001 0.147141 0.852839 0.00001
0.00001 0.28195 0.508102 0.209937
0.00001 0.48121 0.417965 0.100815
0.00001 0.347867 0.652113 0.00001
0.00001 0.302545 0.501584 0.195861
0.00001 0.118263 0.826035 0.055692
0.00001 0.613088 0.262681 0.124221
0.00001 0.473137 0.504166 0.022687
0.00001 0.242847 0.69004 0.067103
0.00001 0.237905 0.670949 0.091136
0.00001 0.601034 0.299679 0.099277
0.00001 0.36645 0.477765 0.155775
0.00001 0.328857 0.649199 0.021934
0.00001 0.26897 0.629034 0.101986
0.00001 0.248038 0.67553 0.076422
0.00001 0.25882 0.634254 0.106917
0.00001 0.435176 0.482542 0.082273
0.00001 0.58796 0.358435 0.053595
0.00001 0.199492 0.707654 0.092845
0.00001 0.158653 0.787431 0.053907
0.00001 0.159287 0.826828 0.013875
0.00001 0.537361 0.310796 0.151833
0.00001 0.353363 0.507526 0.139101
0.00001 0.41469 0.507413 0.077887
0.00001 0.386983 0.538192 0.074815
0.00001 0.00001 0.767671 0.232309
0.00001 0.00001 0.801613 0.198367
0.00001 0.00001 0.825783 0.174197
0.00001 0.00001 0.699403 0.300577
0.00001 0.00001 0.780916 0.219064
0.00001 0.00001 0.693653 0.306327
0.00001 0.00001 0.87929 0.12069
0.00001 0.00001 0.955349 0.044631
0.00001 0.00001 0.88287 0.11711
0.00001 0.00001 0.769473 0.230507
0.00001 0.00001 0.770119 0.229861
0.00001 0.00001 0.825042 0.174938
0.00001 0.00001 0.781991 0.217989
0.00001 0.00001 0.00001 0.99997
0.00001 0.00001 0.00001 0.99997
0.000011 0.00001 0.798888 0.201091
0.00001 0.022765 0.756579 0.220645
0.00001 0.026064 0.751024 0.222902
0.00001 0.00001 0.847965 0.152015
0.00001 0.00001 0.801965 0.198015
0.00001 0.00001 0.746451 0.253529
0.00001 0.00001 0.791394 0.208586
0.00001 0.015883 0.842543 0.141564
0.00001 0.00001 0.00001 0.99997
0.00001 0.00001 0.705109 0.294871
0.00001 0.054246 0.906292 0.039452
0.00001 0.160524 0.739155 0.100311
0.00001 0.032807 0.793652 0.173531
0.00001 0.00001 0.936514 0.063466
0.00001 0.172591 0.633555 0.193844
0.00001 0.140649 0.833723 0.025618
0.00001 0.049439 0.775809 0.174742
0.00001 0.146518 0.784847 0.068626
0.00001 0.00001 0.833637 0.166343
0.00001 0.110794 0.756955 0.132242
0.00001 0.038416 0.89138 0.070194
0.00001 0.090999 0.766008 0.142983
0.00001 0.00001 0.846057 0.153923
0.00001 0.057089 0.857026 0.085874
0.00001 0.008082 0.991898 0.00001
0.00001 0.130374 0.703605 0.166011
0.00001 0.00001 0.99997 0.00001
0.00001 0.00001 0.99997 0.00001
0.00001 0.00001 0.99997 0.00001
0.00001 0.086273 0.913707 0.00001
0.00001 0.089602 0.796169 0.11422
0.00001 0.028509 0.866725 0.104755
0.00001 0.024576 0.937603 0.037811
0.00001 0.00001 0.891589 0.108391
0.00001 0.091638 0.755412 0.152939
0.00001 0.09978 0.811745 0.088466
0.00001 0.001591 0.998389 0.00001
0.00001 0.061529 0.718483 0.219977
0.00001 0.00001 0.93382 0.06616
0.00001 0.00001 0.833012 0.166968
0.00001 0.087697 0.794286 0.118007
0.00001 0.00001 0.99997 0.00001
0.00001 0.00001 0.99997 0.00001
0.00001 0.00001 0.899375 0.100605
0.00001 0.00001 0.99997 0.00001
0.00001 0.00001 0.00001 0.99997
0.00001 0.03934 0.798817 0.161833
0.00001 0.00001 0.00001 0.99997
0.00001 0.00001 0.896667 0.103313
0.00001 0.00001 0.99997 0.00001
0.00001 0.00001 0.840656 0.159324
0.00001 0.00001 0.99997 0.00001
0.00001 0.00001 0.99997 0.00001
0.00001 0.00001 0.901944 0.098036
0.00001 0.010121 0.844159 0.14571
0.00001 0.00001 0.951085 0.048895
0.00001 0.00001 0.914856 0.085124
0.00001 0.006348 0.919652 0.073989
0.00001 0.00001 0.99997 0.00001
0.00001 0.024938 0.849639 0.125413
0.00001 0.025425 0.79964 0.174926
0.00001 0.049712 0.792215 0.158064
0.00001 0.00001 0.896948 0.103032
0.00001 0.00001 0.99997 0.00001
0.00001 0.117486 0.783414 0.09909
0.00001 0.00001 0.863435 0.136545
0.00001 0.079522 0.920458 0.00001
0.00001 0.00001 0.827684 0.172296
0.00001 0.038441 0.85175 0.109799
0.00001 0.00001 0.99997 0.00001
0.00001 0.05224 0.765269 0.182481
0.00001 0.050812 0.871344 0.077835
0.00001 0.133012 0.677656 0.189322
0.00001 0.011104 0.988876 0.00001
