0.123078 0.00001 0.876902 0.00001
0.089832 0.00001 0.910148 0.00001
0.09961 0.00001 0.90037 0.00001
0.146716 0.00001 0.853264 0.00001
0.99997 0.00001 0.00001 0.00001
0.131596 0.00001 0.868384 0.00001
0.103951 0.00001 0.896029 0.00001
0.097406 0.00001 0.902574 0.00001
0.1072 0.00001 0.89278 0.00001
0.14736 0.00001 0.85262 0.00001
0.371629 0.00001 0.628351 0.00001
0.143112 0.00001 0.856868 0.00001
0.083323 0.00001 0.916657 0.00001
0.065761 0.00001 0.906096 0.028134
0.109059 0.00001 0.890921 0.00001
0.090416 0.00001 0.909564 0.00001
0.112871 0.00001 0.887109 0.00001
0.138272 0.00001 0.861708 0.00001
0.079518 0.00001 0.920462 0.00001
0.106017 0.00001 0.893963 0.00001
0.99997 0.00001 0.00001 0.00001
0.112635 0.00001 0.887345 0.00001
0.014304 0.00001 0.985676 0.00001
0.00001 0.00001 0.968264 0.031716
0.026067 0.00001 0.973913 0.00001
0.00001 0.00001 0.99997 0.00001
0.000556 0.00001 0.972255 0.027179
0.021285 0.00001 0.978695 0.00001
0.046314 0.00001 0.953009 0.000667
0.065101 0.00001 0.934879 0.00001
0.007625 0.00001 0.992355 0.00001
0.03502 0.002997 0.961973 0.00001
0.036181 0.00001 0.940799 0.02301
0.01195 0.00001 0.98803 0.00001
0.00001 0.00001 0.99997 0.00001
0.00001 0.00001 0.99997 0.00001
0.035166 0.00001 0.964814 0.00001
0.045765 0.00001 0.954215 0.00001
0.01638 0.00001 0.9836 0.00001
0.006699 0.001205 0.992086 0.00001
0.011526 0.00001 0.988454 0.00001
0.00001 0.00001 0.99997 0.00001
0.066425 0.00001 0.9163 0.017265
0.017872 0.00001 0.932908 0.04921
0.043746 0.00001 0.956234 0.00001
0.003342 0.00001 0.996638 0.00001
0.00001 0.00001 0.99997 0.00001
0.005438 0.00001 0.994542 0.00001
0.02817 0.00001 0.97181 0.00001
0.056377 0.00001 0.928431 0.015182
0.042103 0.000016 0.957872 0.00001
0.02325 0.00001 0.970077 0.006663
0.00001 0.00001 0.99997 0.00001
0.018965 0.00001 0.981015 0.00001
0.008497 0.00001 0.976388 0.015104
0.043579 0.00001 0.956401 0.00001
0.068027 0.00001 0.91657 0.015393
0.000555 0.00001 0.997987 0.001448
0.019667 0.00001 0.980313 0.00001
0.011913 0.00001 0.963091 0.024986
0.00001 0.00001 0.99997 0.00001
0.00671 0.00001 0.99327 0.00001
0.032458 0.00001 0.967522 0.00001
0.043594 0.00001 0.945101 0.011294
0.068316 0.00001 0.931664 0.00001
0.00712 0.00001 0.99286 0.00001
0.00001 0.00001 0.99997 0.00001
0.039863 0.00001 0.960117 0.00001
0.00001 0.004948 0.995032 0.00001
0.00001 0.00001 0.99997 0.00001
0.017167 0.00001 0.982813 0.00001
0.061243 0.00001 0.93281 0.005937
0.034913 0.00001 0.965067 0.00001
0.039298 0.000011 0.960682 0.00001
0.070615 0.00001 0.929365 0.00001
0.032922 0.00001 0.962006 0.005062
0.00001 0.00001 0.99997 0.00001
0.063845 0.00001 0.936135 0.00001
0.01906 0.00001 0.97215 0.00878
0.030552 0.00001 0.969428 0.00001
0.048317 0.00001 0.874064 0.077609
0.00693 0.00001 0.99305 0.00001
0.021495 0.00001 0.978485 0.00001
0.062527 0.000011 0.937451 0.00001
0.00001 0.00001 0.99997 0.00001
0.021906 0.00001 0.973242 0.004842
0.00001 0.00001 0.99997 0.00001
0.007847 0.00001 0.992133 0.00001
0.015111 0.00001 0.981591 0.003288
0.030727 0.000437 0.968826 0.00001
0.017325 0.00001 0.982655 0.00001
0.026703 0.00001 0.959309 0.013978
0.016358 0.002908 0.980725 0.00001
0.015157 0.00001 0.984823 0.00001
0.039966 0.00001 0.960014 0.00001
0.00001 0.00001 0.99997 0.00001
0.022533 0.001927 0.975529 0.00001
0.007189 0.00001 0.992791 0.00001
0.04374 0.00001 0.95624 0.00001
0.012484 0.00001 0.987496 0.00001
0.028163 0.00001 0.971817 0.00001
0.028566 0.00001 0.971414 0.00001
0.020951 0.00001 0.979029 0.00001
0.008069 0.00001 0.991911 0.00001
0.024328 0.00001 0.971137 0.004526
0.00001 0.00001 0.99997 0.00001
0.068093 0.00001 0.931887 0.00001
0.024701 0.00001 0.975279 0.00001
0.054042 0.00001 0.944549 0.001399
0.028682 0.00001 0.971298 0.00001
0.00001 0.00001 0.99997 0.00001
0.026764 0.00001 0.973216 0.00001
0.023207 0.00001 0.976773 0.00001
0.027415 0.00001 0.972565 0.00001
0.02271 0.00001 0.97727 0.00001
0.020142 0.00001 0.979838 0.00001
0.00001 0.00001 0.99997 0.00001
0.023853 0.00001 0.976127 0.00001
0.030513 0.00001 0.969467 0.00001
0.011825 0.00001 0.984449 0.003717
0.0377 0.00001 0.96228 0.00001
0.00001 0.00001 0.99997 0.00001
0.025044 0.00001 0.974936 0.00001
0.02124 0.00001 0.97874 0.00001
0.010697 0.00001 0.989283 0.00001
0.024554 0.010013 0.965424 0.00001
0.00001 0.00001 0.998921 0.001059
0.020144 0.00001 0.979836 0.00001
0.003913 0.00001 0.993622 0.002454
0.022873 0.00001 0.977107 0.00001
0.034907 0.00001 0.934342 0.03074
0.019053 0.099953 0.490826 0.390168
0.030071 0.089554 0.498096 0.38228
0.0074 0.136425 0.603385 0.25279
0.034974 0.078101 0.722592 0.164333
0.00001 0.047375 0.767652 0.184963
0.007474 0.042556 0.749979 0.199991
0.006116 0.274155 0.194448 0.525281
0.036039 0.088437 0.430519 0.445005
0.027666 0.170164 0.322232 0.479939
0.019677 0.101188 0.700026 0.179108
0.03401 0.007863 0.765867 0.19226
0.079084 0.324886 0.007675 0.588355
0.032021 0.056609 0.271425 0.639944
0.04634 0.286804 0.173012 0.493843
0.018669 0.128637 0.182109 0.670585
0.00001 0.076494 0.743617 0.179878
0.022067 0.0548 0.751982 0.171151
0.017716 0.11389 0.628911 0.239483
0.048691 0.00001 0.677249 0.27405
0.020208 0.00001 0.75853 0.221252
0.034347 0.00001 0.771278 0.194365
0.06376 0.00001 0.82359 0.11264
0.00001 0.160083 0.634991 0.204916
0.009385 0.03673 0.690525 0.26336
0.020998 0.00001 0.621495 0.357497
0.028085 0.206534 0.703864 0.061517
0.005581 0.051291 0.824582 0.118547
0.032807 0.03256 0.732245 0.202388
0.025334 0.00001 0.789129 0.185528
0.041305 0.091099 0.756347 0.11125
0.001765 0.06511 0.679016 0.254109
0.026513 0.071672 0.801894 0.099921
0.023984 0.06579 0.779344 0.130882
0.030329 0.164466 0.750989 0.054216
0.05877 0.071129 0.728392 0.141708
0.000074 0.04405 0.742893 0.212984
0.024587 0.00001 0.770999 0.204403
0.017747 0.045672 0.782561 0.15402
0.019703 0.00001 0.760645 0.219643
0.00001 0.054886 0.79265 0.152453
0.000011 0.00001 0.542983 0.456996
0.00984 0.070978 0.721498 0.197683
0.05794 0.065249 0.766924 0.109887
0.026539 0.083565 0.889886 0.00001
0.00001 0.129478 0.00001 0.870502
0.00001 0.179294 0.004083 0.816614
0.00001 0.092622 0.00001 0.907358
0.00001 0.00001 0.00001 0.99997
0.005423 0.114759 0.00001 0.879808
0.00001 0.134588 0.00001 0.865392
0.00001 0.094568 0.00001 0.905412
0.00001 0.132737 0.00001 0.867243
0.00001 0.172822 0.00001 0.827158
0.00001 0.244719 0.00001 0.755261
0.00001 0.00001 0.00001 0.99997
0.00001 0.054758 0.00001 0.945222
0.00001 0.113362 0.00001 0.886618
0.00001 0.07809 0.00001 0.92189
0.00001 0.00001 0.00001 0.99997
0.00001 0.040799 0.00001 0.959181
0.00001 0.125873 0.00001 0.874107
0.00001 0.107723 0.00001 0.892257
0.024356 0.200062 0.00001 0.775573
0.00001 0.18054 0.00001 0.81944
0.00001 0.078981 0.00001 0.920999
0.00001 0.086578 0.00001 0.913402
0.00001 0.203993 0.00001 0.795987
0.00001 0.241666 0.00001 0.758314
0.00001 0.12667 0.00001 0.87331
0.00001 0.128052 0.00001 0.871928
0.00001 0.157578 0.00001 0.842402
0.00001 0.227513 0.00001 0.772467
0.00001 0.112659 0.00001 0.887321
0.00001 0.180908 0.00001 0.819072
0.00001 0.086959 0.00001 0.913021
0.00001 0.114624 0.00215 0.883216
0.00001 0.108317 0.00001 0.891663
0.00001 0.185512 0.00001 0.814468
0.00001 0.057837 0.00001 0.942143
0.004202 0.193399 0.00001 0.802389
0.00001 0.023906 0.00001 0.976074
0.00001 0.014594 0.00001 0.985386
0.00001 0.058697 0.00001 0.941283
0.00001 0.10302 0.00001 0.89696
0.00001 0.229132 0.00001 0.770848
0.00001 0.192354 0.00001 0.807626
0.00001 0.00001 0.040441 0.959539
0.031074 0.00001 0.00001 0.968906
0.00001 0.297006 0.00001 0.702974
0.00001 0.081946 0.00001 0.918034
0.00001 0.218167 0.013252 0.768571
0.00001 0.032853 0.030185 0.936951
0.00001 0.226652 0.00001 0.773328
0.00001 0.258347 0.00001 0.741633
0.00001 0.129607 0.00001 0.870373
0.00001 0.138172 0.00001 0.861808
0.00001 0.042287 0.00001 0.957693
0.00001 0.076413 0.00001 0.923567
0.00001 0.094476 0.00001 0.905504
0.00001 0.126134 0.00001 0.873846
0.00001 0.077783 0.00001 0.922197
0.00001 0.165205 0.00001 0.834775
0.00001 0.12996 0.002575 0.867455
0.00001 0.243567 0.00001 0.756413
0.00001 0.032782 0.02231 0.944898
0.00001 0.00001 0.024507 0.975473
0.017067 0.090384 0.00001 0.892539
0.00001 0.00001 0.00001 0.99997
0.00001 0.00001 0.00001 0.99997
0.00001 0.00001 0.00001 0.99997
0.00001 0.235252 0.00001 0.764728
0.009135 0.122546 0.00001 0.868309
0.003674 0.146287 0.00001 0.85003
0.00001 0.16983 0.00001 0.83015
0.010812 0.174711 0.00001 0.814467
0.00001 0.027711 0.00001 0.972269
0.00001 0.074448 0.00001 0.925532
0.00001 0.122447 0.00001 0.877533
0.00001 0.019239 0.00001 0.980741
0.00001 0.073482 0.000127 0.926381
0.00001 0.072175 0.00001 0.927805
0.00001 0.118694 0.00001 0.881286
0.00001 0.140237 0.00001 0.859743
0.00001 0.043684 0.00001 0.956296
0.00001 0.00001 0.00001 0.99997
0.00001 0.026394 0.00001 0.973586
0.00001 0.135224 0.00001 0.864756
0.00001 0.211462 0.00001 0.788518
0.00001 0.152077 0.00001 0.847903
0.00001 0.149865 0.00001 0.850115
0.00001 0.134576 0.00001 0.865404
0.00001 0.173225 0.00001 0.826755
0.00001 0.159323 0.00001 0.840657
0.00001 0.060178 0.00001 0.939802
0.00001 0.174053 0.00001 0.825927
0.00001 0.180585 0.00001 0.819395
0.00001 0.301218 0.00001 0.698762
0.00001 0.311717 0.00001 0.688263
0.00001 0.296361 0.00001 0.703619
0.00001 0.250094 0.00001 0.749886
0.00001 0.131356 0.00001 0.868624
0.00001 0.197581 0.00001 0.802399
0.00001 0.3247 0.00001 0.67528
0.00001 0.301797 0.00001 0.698183
0.00001 0.316947 0.00001 0.683033
0.00001 0.00001 0.00001 0.99997
0.00001 0.00001 0.00001 0.99997
0.00001 0.15387 0.00001 0.84611
0.00001 0.198564 0.00001 0.801416
0.00001 0.00001 0.00001 0.99997
0.00001 0.119169 0.0089 0.871921
0.00001 0.715807 0.00001 0.284173
0.00001 0.465761 0.00001 0.534219
0.00001 0.467958 0.00001 0.532022
0.00001 0.701064 0.00001 0.298916
0.00001 0.666209 0.00001 0.333771
0.00001 0.426515 0.00001 0.573465
0.00001 0.497416 0.00001 0.502564
0.00001 0.63551 0.00001 0.36447
0.00001 0.76503 0.00001 0.23495
0.003818 0.303959 0.00001 0.692213
0.00001 0.420291 0.00001 0.579689
0.00001 0.639764 0.00001 0.360216
0.00001 0.651293 0.00001 0.348687
0.00001 0.317365 0.00001 0.682615
0.00001 0.565808 0.00001 0.434172
0.00001 0.547281 0.00001 0.452699
0.00001 0.634777 0.00001 0.365203
0.00001 0.637045 0.00001 0.362935
0.00001 0.644006 0.00001 0.355974
0.00001 0.474757 0.00001 0.525223
0.00001 0.311072 0.00001 0.688908
0.00001 0.691628 0.00001 0.308352
0.00001 0.709597 0.00001 0.290383
0.00001 0.706829 0.00001 0.293151
0.00001 0.389729 0.00001 0.610251
0.00001 0.581983 0.00001 0.417997
0.00001 0.480825 0.00001 0.519155
0.00001 0.517645 0.00001 0.482335
0.00001 0.99997 0.00001 0.00001
0.00001 0.964887 0.00001 0.035093
0.00001 0.99997 0.00001 0.00001
0.00001 0.99997 0.00001 0.00001
0.00001 0.99997 0.00001 0.00001
0.00001 0.99997 0.00001 0.00001
0.00001 0.968574 0.00001 0.031406
0.00001 0.940575 0.00001 0.059405
0.00001 0.99997 0.00001 0.00001
0.00001 0.99997 0.00001 0.00001
0.00001 0.99997 0.00001 0.00001
0.00001 0.99997 0.00001 0.00001
0.00001 0.99997 0.00001 0.00001
0.00001 0.99997 0.00001 0.00001
0.00001 0.99997 0.00001 0.00001
0.00001 0.99997 0.00001 0.00001
0.00001 0.939095 0.00001 0.060885
0.00001 0.945053 0.00001 0.054927
0.00001 0.99997 0.00001 0.00001
0.00001 0.99997 0.00001 0.00001
0.00001 0.99997 0.00001 0.00001
0.00001 0.99997 0.00001 0.00001
0.00001 0.889287 0.00001 0.110693
0.00001 0.99997 0.00001 0.00001
0.00001 0.99997 0.00001 0.00001
0.00001 0.800337 0.00001 0.199643
0.00001 0.717557 0.00001 0.282423
0.00001 0.846805 0.00001 0.153175
0.00001 0.939744 0.00001 0.060236
0.00001 0.767336 0.00001 0.232644
0.00001 0.729514 0.00001 0.270466
0.00001 0.854569 0.00001 0.145411
0.00001 0.742254 0.00001 0.257726
0.00001 0.949497 0.00001 0.050483
0.00001 0.818474 0.00001 0.181506
0.00001 0.81362 0.00001 0.18636
0.00001 0.833214 0.00001 0.166766
0.00001 0.916897 0.00001 0.083083
0.00001 0.828667 0.00001 0.171313
0.00001 0.793931 0.00001 0.206049
0.00001 0.776866 0.00001 0.223114
0.00001 0.830955 0.00001 0.169025
0.00001 0.799509 0.00001 0.200471
0.00001 0.857188 0.00001 0.142792
0.00001 0.73999 0.00001 0.25999
0.00001 0.82408 0.00001 0.1759
0.00001 0.841012 0.00001 0.158968
0.00001 0.801323 0.00001 0.198657
0.00001 0.940251 0.00001 0.059729
0.00001 0.816568 0.00001 0.183412
0.00001 0.796468 0.00001 0.203512
0.00001 0.775462 0.00001 0.224518
0.00001 0.859803 0.00001 0.140177
0.00001 0.897302 0.00001 0.102678
0.00001 0.930461 0.00001 0.069519
0.00001 0.809233 0.00001 0.190747
0.00001 0.825608 0.00001 0.174372
0.00001 0.843827 0.00001 0.156153
0.00001 0.965589 0.00001 0.034391
0.00001 0.82901 0.00001 0.17097
0.00001 0.99997 0.00001 0.00001
0.00001 0.887936 0.00001 0.112044
0.00001 0.99997 0.00001 0.00001
0.00001 0.988836 0.00001 0.011144
0.00001 0.892283 0.00001 0.107697
0.00001 0.949142 0.00001 0.050838
0.00001 0.835386 0.00001 0.164594
0.00001 0.803587 0.00001 0.196393
0.00001 0.95872 0.00001 0.04126
0.00001 0.901233 0.00001 0.098747
0.00001 0.862816 0.00001 0.137164
0.00001 0.960377 0.00001 0.039603
0.00001 0.865344 0.00001 0.134636
0.00001 0.826442 0.00001 0.173538
0.00001 0.86813 0.00001 0.13185
0.00001 0.894157 0.00001 0.105823
0.00001 0.86636 0.00001 0.13362
0.00001 0.938183 0.00001 0.061797
0.00001 0.864147 0.00001 0.135833
0.00001 0.776454 0.00001 0.223526
0.00001 0.99997 0.00001 0.00001
0.00001 0.761023 0.00001 0.238957
0.00001 0.925072 0.00001 0.074908
0.00001 0.862151 0.00001 0.137829
0.00001 0.825509 0.00001 0.174471
0.00001 0.866988 0.00001 0.132992
0.00001 0.824776 0.00001 0.175204
0.00001 0.792081 0.00001 0.207899
0.00001 0.80283 0.00001 0.19715
