0.00001 0.99996 0.00001 0.00001 0.00001
0.00001 0.99996 0.00001 0.00001 0.00001
0.00001 0.99996 0.00001 0.00001 0.00001
0.00001 0.99996 0.00001 0.00001 0.00001
0.00001 0.99996 0.00001 0.00001 0.00001
0.00001 0.99996 0.00001 0.00001 0.00001
0.00001 0.687878 0.312092 0.00001 0.00001
0.00001 0.99996 0.00001 0.00001 0.00001
0.00001 0.99996 0.00001 0.00001 0.00001
0.00001 0.99996 0.00001 0.00001 0.00001
0.00001 0.99996 0.00001 0.00001 0.00001
0.00001 0.99996 0.00001 0.00001 0.00001
0.00001 0.99996 0.00001 0.00001 0.00001
0.00001 0.508586 0.462439 0.028954 0.00001
0.00001 0.99996 0.00001 0.00001 0.00001
0.00001 0.99996 0.00001 0.00001 0.00001
0.00001 0.99996 0.00001 0.00001 0.00001
0.00001 0.99996 0.00001 0.00001 0.00001
0.00001 0.99996 0.00001 0.00001 0.00001
0.00001 0.564787 0.435183 0.00001 0.00001
0.00001 0.99996 0.00001 0.00001 0.00001
0.00001 0.517649 0.482321 0.00001 0.00001
0.00001 0.00001 0.99996 0.00001 0.00001
0.00001 0.00001 0.975679 0.024291 0.00001
0.00001 0.296403 0.703567 0.00001 0.00001
0.00001 0.214606 0.785364 0.00001 0.00001
0.00001 0.22672 0.74496 0.0283 0.00001
0.00001 0.256801 0.743169 0.00001 0.00001
0.00001 0.264593 0.735377 0.00001 0.00001
0.00001 0.381547 0.618423 0.00001 0.00001
0.00001 0.294607 0.705363 0.00001 0.00001
0.005096 0.295856 0.699028 0.00001 0.00001
0.023194 0.349793 0.626994 0.00001 0.00001
0.00001 0.23599 0.76398 0.00001 0.00001
0.00001 0.098775 0.901195 0.00001 0.00001
0.00001 0.00001 0.99996 0.00001 0.00001
0.00001 0.205954 0.794016 0.00001 0.00001
0.00001 0.267196 0.732774 0.00001 0.00001
0.00001 0.335269 0.664701 0.00001 0.00001
0.00001 0.122108 0.877862 0.00001 0.00001
0.00001 0.133916 0.866054 0.00001 0.00001
0.00001 0.00001 0.99996 0.00001 0.00001
0.00001 0.205978 0.775436 0.018567 0.00001
0.034586 0.256479 0.69506 0.013866 0.00001
0.00001 0.323783 0.676187 0.00001 0.00001
0.00001 0.21853 0.78144 0.00001 0.00001
0.00001 0.119799 0.880171 0.00001 0.00001
0.00001 0.302165 0.697805 0.00001 0.00001
0.000017 0.201745 0.798218 0.00001 0.00001
0.018248 0.361628 0.620104 0.00001 0.00001
0.00001 0.340406 0.659564 0.00001 0.00001
0.00001 0.244294 0.74901 0.006676 0.00001
0.00001 0.00001 0.99996 0.00001 0.00001
0.00001 0.140147 0.859823 0.00001 0.00001
0.00001 0.00001 0.990467 0.009503 0.00001
0.00001 0.198549 0.801421 0.00001 0.00001
0.00001 0.385539 0.596517 0.017924 0.00001
0.000199 0.100916 0.898865 0.00001 0.00001
0.00001 0.267764 0.732205 0.000011 0.00001
0.00001 0.282834 0.69139 0.025756 0.00001
0.00001 0.00001 0.99996 0.00001 0.00001
0.00001 0.247882 0.752088 0.00001 0.00001
0.00001 0.239978 0.759992 0.00001 0.00001
0.012305 0.302479 0.685196 0.00001 0.00001
0.00001 0.486831 0.513139 0.00001 0.00001
0.00001 0.261687 0.738283 0.00001 0.00001
0.00001 0.172706 0.827264 0.00001 0.00001
0.00001 0.27951 0.72046 0.00001 0.00001
0.00001 0.258374 0.737142 0.00001 0.004465
0.00001 0.226421 0.773549 0.00001 0.00001
0.00001 0.317241 0.682729 0.00001 0.00001
0.00001 0.290155 0.703272 0.006553 0.00001
0.00001 0.204616 0.795354 0.00001 0.00001
0.00001 0.257508 0.742462 0.00001 0.00001
0.00001 0.339275 0.660695 0.00001 0.00001
0.00001 0.297275 0.697232 0.005473 0.00001
0.00001 0.240968 0.759002 0.00001 0.00001
0.00001 0.365432 0.634538 0.00001 0.00001
0.00001 0.294136 0.696071 0.009773 0.00001
0.00001 0.248982 0.750988 0.00001 0.00001
0.00001 0.343773 0.579437 0.07677 0.00001
0.00001 0.215271 0.784699 0.00001 0.00001
0.00001 0.00001 0.99996 0.00001 0.00001
0.00001 0.384164 0.615806 0.00001 0.00001
0.000011 0.201195 0.798774 0.00001 0.00001
0.00001 0.279041 0.715813 0.005126 0.00001
0.00001 0.166325 0.833645 0.00001 0.00001
0.00001 0.164979 0.834991 0.00001 0.00001
0.006355 0.28825 0.705375 0.00001 0.00001
0.00001 0.383077 0.616887 0.000016 0.00001
0.00001 0.223748 0.776222 0.00001 0.00001
0.013972 0.219134 0.766873 0.00001 0.00001
0.00001 0.419088 0.578851 0.00001 0.002042
0.00001 0.00001 0.99996 0.00001 0.00001
0.00001 0.38727 0.6127 0.00001 0.00001
0.00001 0.00001 0.99996 0.00001 0.00001
0.001486 0.170017 0.828477 0.00001 0.00001
0.00001 0.14913 0.85084 0.00001 0.00001
0.00001 0.347596 0.652374 0.00001 0.00001
0.00001 0.00001 0.99996 0.00001 0.00001
0.00001 0.28603 0.71394 0.00001 0.00001
0.00001 0.318912 0.681058 0.00001 0.00001
0.00001 0.157993 0.841977 0.00001 0.00001
0.00001 0.281178 0.718792 0.00001 0.00001
0.004417 0.200913 0.794651 0.00001 0.00001
0.00001 0.099305 0.900665 0.00001 0.00001
0.00001 0.184476 0.814771 0.000733 0.00001
0.00001 0.313664 0.685872 0.000445 0.00001
0.001858 0.298412 0.69971 0.00001 0.00001
0.00001 0.00001 0.99996 0.00001 0.00001
0.00001 0.00001 0.99996 0.00001 0.00001
0.00001 0.193546 0.806424 0.00001 0.00001
0.00001 0.326182 0.673788 0.00001 0.00001
0.00001 0.24382 0.75615 0.00001 0.00001
0.00001 0.265499 0.734471 0.00001 0.00001
0.00001 0.095029 0.904941 0.00001 0.00001
0.00001 0.236586 0.763384 0.00001 0.00001
0.000017 0.235682 0.764281 0.00001 0.00001
0.00001 0.391304 0.608666 0.00001 0.00001
0.00001 0.348964 0.644595 0.006421 0.00001
0.00001 0.336175 0.663795 0.00001 0.00001
0.00001 0.137185 0.862785 0.00001 0.00001
0.00001 0.219286 0.780684 0.00001 0.00001
0.00001 0.215624 0.784346 0.00001 0.00001
0.00001 0.270053 0.729917 0.00001 0.00001
0.00001 0.023791 0.971613 0.00001 0.004575
0.00001 0.00001 0.99996 0.00001 0.00001
0.00001 0.135106 0.864864 0.00001 0.00001
0.00001 0.00001 0.996717 0.003253 0.00001
0.00001 0.21807 0.7819 0.00001 0.00001
0.00001 0.222261 0.748585 0.029133 0.00001
0.495578 0.153684 0.350718 0.00001 0.00001
0.185213 0.172811 0.3549 0.2432 0.043875
0.377183 0.048705 0.557252 0.00001 0.01685
0.246334 0.137967 0.615679 0.00001 0.00001
0.229561 0.052215 0.713617 0.00001 0.004597
0.149043 0.158123 0.597934 0.064968 0.029931
0.224821 0.037543 0.163031 0.348406 0.226199
0.539893 0.131947 0.32814 0.00001 0.00001
0.426803 0.157743 0.18742 0.121145 0.106889
0.082089 0.172984 0.546717 0.125424 0.072785
0.119613 0.171371 0.627553 0.081453 0.00001
0.470241 0.00001 0.095903 0.183872 0.249973
0.498588 0.116255 0.182917 0.20223 0.00001
0.627591 0.111656 0.099281 0.00001 0.161462
0.377608 0.060036 0.139385 0.349406 0.073565
0.149348 0.103399 0.640132 0.053881 0.05324
0.00001 0.2084 0.566243 0.197701 0.027646
0.182219 0.100444 0.545523 0.09262 0.079193
0.168978 0.221784 0.50335 0.105877 0.00001
0.00001 0.189555 0.592037 0.218388 0.00001
0.160736 0.188865 0.614793 0.035597 0.00001
0.00001 0.321854 0.56631 0.111816 0.00001
0.063978 0.00001 0.636536 0.155603 0.143873
0.123304 0.107049 0.593459 0.155492 0.020696
0.361145 0.006442 0.632392 0.00001 0.00001
0.00001 0.254965 0.477012 0.089274 0.17874
0.095413 0.172394 0.657426 0.041157 0.03361
0.151663 0.249193 0.515369 0.083734 0.000041
0.18988 0.200188 0.609911 0.00001 0.00001
0.139074 0.202247 0.594552 0.00001 0.064117
0.156587 0.175415 0.505212 0.112347 0.050438
0.00001 0.171892 0.657787 0.099865 0.070447
0.041209 0.172593 0.631365 0.098709 0.056124
0.139906 0.19191 0.584711 0.00001 0.083463
0.214942 0.226405 0.557899 0.00001 0.000744
0.25946 0.174199 0.566321 0.00001 0.00001
0.00001 0.278739 0.519548 0.201694 0.00001
0.20207 0.117601 0.680309 0.00001 0.00001
0.067401 0.195477 0.585851 0.15126 0.00001
0.208933 0.119634 0.671413 0.00001 0.00001
0.316018 0.066379 0.475067 0.142526 0.00001
0.270585 0.133762 0.595633 0.00001 0.00001
0.096695 0.215498 0.608503 0.025719 0.053585
0.00001 0.277534 0.639529 0.00001 0.082916
0.247045 0.00001 0.00001 0.678614 0.074321
0.600651 0.00001 0.00001 0.29777 0.101558
0.00001 0.00001 0.00001 0.99996 0.00001
0.506326 0.00001 0.00001 0.493644 0.00001
0.471412 0.00001 0.00001 0.497769 0.030799
0.421388 0.00001 0.00001 0.502221 0.076371
0.316215 0.00001 0.00001 0.630096 0.05367
0.341303 0.00001 0.00001 0.584613 0.074064
0.348357 0.00001 0.00001 0.543486 0.108137
0.99996 0.00001 0.00001 0.00001 0.00001
0.00001 0.00001 0.00001 0.99996 0.00001
0.00001 0.00001 0.00001 0.99996 0.00001
0.00001 0.00001 0.00001 0.99996 0.00001
0.00001 0.00001 0.00001 0.99996 0.00001
0.00001 0.00001 0.00001 0.99996 0.00001
0.00001 0.00001 0.00001 0.99996 0.00001
0.99996 0.00001 0.00001 0.00001 0.00001
0.328401 0.00001 0.00001 0.63194 0.039639
0.19484 0.021874 0.00001 0.646574 0.136702
0.497893 0.00001 0.00001 0.399101 0.102986
0.468906 0.00001 0.00001 0.515548 0.015526
0.482045 0.00001 0.00001 0.515274 0.002661
0.409029 0.00001 0.00001 0.452213 0.138738
0.371744 0.00001 0.00001 0.452244 0.175992
0.621347 0.00001 0.00001 0.366274 0.012359
0.597453 0.00001 0.00001 0.360181 0.042346
0.51039 0.000016 0.00001 0.411989 0.077596
0.41449 0.00001 0.00001 0.417451 0.168038
0.342314 0.00001 0.00001 0.605567 0.052098
0.498459 0.00001 0.00001 0.411259 0.090262
0.659625 0.00001 0.00001 0.340345 0.00001
0.456648 0.00001 0.00001 0.510879 0.032453
0.627654 0.00001 0.00001 0.368595 0.003732
0.582619 0.00001 0.00001 0.320061 0.0973
0.491316 0.00001 0.00001 0.508654 0.00001
0.46389 0.00001 0.00001 0.420609 0.115481
0.544353 0.00001 0.00001 0.455617 0.00001
0.394566 0.00001 0.00001 0.605404 0.00001
0.00001 0.00001 0.00001 0.99996 0.00001
0.271072 0.00001 0.00001 0.675191 0.053717
0.507768 0.00001 0.00001 0.338215 0.153997
0.544003 0.00001 0.00001 0.355908 0.100069
0.487513 0.00001 0.040274 0.472194 0.00001
0.476118 0.00001 0.030833 0.493029 0.00001
0.267771 0.00001 0.00001 0.488035 0.244174
0.546569 0.00001 0.00001 0.453401 0.00001
0.99996 0.00001 0.00001 0.00001 0.00001
0.33043 0.00001 0.031445 0.638104 0.00001
0.382316 0.00001 0.00001 0.468979 0.148685
0.507364 0.00001 0.00001 0.304614 0.188002
0.00001 0.00001 0.00001 0.963712 0.036258
0.00001 0.00001 0.00001 0.927278 0.072692
0.318563 0.00001 0.00001 0.678863 0.002554
0.00001 0.00001 0.00001 0.99996 0.00001
0.00001 0.00001 0.00001 0.99996 0.00001
0.294029 0.00001 0.00001 0.638591 0.06736
0.211684 0.00001 0.00001 0.755339 0.032957
0.37911 0.00001 0.00001 0.51258 0.108291
0.536313 0.00001 0.00001 0.428607 0.035061
0.410659 0.00001 0.00001 0.417484 0.171837
0.99996 0.00001 0.00001 0.00001 0.00001
0.606218 0.00001 0.017572 0.37619 0.00001
0.302789 0.011483 0.00001 0.650302 0.035415
0.395694 0.006068 0.00001 0.598217 0.00001
0.00001 0.00001 0.00001 0.99996 0.00001
0.00001 0.00001 0.00001 0.99996 0.00001
0.571414 0.00001 0.00001 0.291357 0.13721
0.633066 0.00001 0.00001 0.366904 0.00001
0.571019 0.00001 0.00001 0.371336 0.057624
0.335722 0.00001 0.00001 0.556567 0.107691
0.99996 0.00001 0.00001 0.00001 0.00001
0.546402 0.00001 0.00001 0.453568 0.00001
0.00001 0.00001 0.00001 0.99996 0.00001
0.00001 0.00001 0.00001 0.99996 0.00001
0.401214 0.00001 0.00001 0.598756 0.00001
0.00001 0.00001 0.00001 0.99996 0.00001
0.368335 0.00001 0.00001 0.631635 0.00001
0.544199 0.00001 0.00001 0.419987 0.035794
0.00001 0.00001 0.00001 0.99996 0.00001
0.00001 0.00001 0.00001 0.99996 0.00001
0.99996 0.00001 0.00001 0.00001 0.00001
0.665356 0.00001 0.00001 0.334614 0.00001
0.432375 0.00001 0.00001 0.498788 0.068817
0.347825 0.00001 0.00001 0.49723 0.154925
0.445812 0.00001 0.00001 0.474887 0.079281
0.438855 0.00001 0.00001 0.49257 0.068555
0.267734 0.00001 0.00001 0.644841 0.087404
0.289559 0.00001 0.00001 0.57944 0.130981
0.461362 0.00001 0.00001 0.460512 0.078106
0.404402 0.00001 0.00001 0.595568 0.00001
0.194986 0.00001 0.00001 0.679211 0.125783
0.545485 0.00001 0.00001 0.357059 0.097436
0.476924 0.00001 0.00001 0.315819 0.207237
0.427979 0.00001 0.00001 0.335889 0.236112
0.539312 0.00001 0.00001 0.244806 0.215863
0.405744 0.00001 0.00001 0.412395 0.181842
0.345894 0.00001 0.00001 0.594252 0.059835
0.430149 0.00001 0.00001 0.453827 0.116003
0.412163 0.00001 0.00001 0.339703 0.248114
0.460209 0.00001 0.00001 0.31204 0.227731
0.867609 0.00001 0.00001 0.00001 0.132361
0.00001 0.00001 0.00001 0.99996 0.00001
0.432839 0.00001 0.00001 0.567131 0.00001
0.499023 0.00001 0.00001 0.426461 0.074496
0.347598 0.00001 0.00001 0.520322 0.13206
0.454487 0.00001 0.00001 0.545483 0.00001
0.531969 0.002098 0.00001 0.436962 0.02896
0.019478 0.00001 0.00001 0.294912 0.68559
0.288704 0.00001 0.00001 0.320111 0.391165
0.188548 0.00001 0.00001 0.399594 0.411838
0.083833 0.00001 0.00001 0.270088 0.646059
0.226076 0.00001 0.00001 0.185134 0.58877
0.21277 0.00001 0.00001 0.423575 0.363636
0.102357 0.00001 0.00001 0.45915 0.438473
0.121513 0.00001 0.00001 0.28884 0.589627
0.00001 0.00001 0.00001 0.262008 0.737962
0.535959 0.00001 0.00001 0.254057 0.209964
0.511293 0.00001 0.00001 0.163566 0.325121
0.083937 0.00001 0.00001 0.332363 0.583681
0.305857 0.00001 0.00001 0.112438 0.581685
0.512991 0.00001 0.00001 0.261759 0.22523
0.274925 0.00001 0.00001 0.224505 0.50055
0.231136 0.00001 0.00001 0.287007 0.481837
0.100186 0.00001 0.00001 0.322456 0.577338
0.402602 0.00001 0.00001 0.035265 0.562113
0.344323 0.00001 0.00001 0.065445 0.590212
0.210231 0.00001 0.00001 0.362463 0.427286
0.21328 0.00001 0.00001 0.521874 0.264827
0.144014 0.00001 0.00001 0.226512 0.629454
0.092911 0.00001 0.00001 0.258919 0.64815
0.00001 0.00001 0.00001 0.351545 0.648425
0.99996 0.00001 0.00001 0.00001 0.00001
0.540617 0.00001 0.00001 0.00001 0.459353
0.691007 0.00001 0.00001 0.00001 0.308963
0.494644 0.00001 0.00001 0.083805 0.421532
0.054716 0.00001 0.00001 0.00001 0.945254
0.00101 0.00001 0.00001 0.079125 0.919845
0.00001 0.00001 0.00001 0.00001 0.99996
0.00001 0.00001 0.00001 0.00001 0.99996
0.00001 0.00001 0.00001 0.00001 0.99996
0.00001 0.00001 0.00001 0.080244 0.919726
0.12866 0.00001 0.00001 0.00001 0.87131
0.00001 0.00001 0.00001 0.164418 0.835552
0.00001 0.00001 0.00001 0.00001 0.99996
0.00001 0.00001 0.00001 0.00001 0.99996
0.00001 0.00001 0.00001 0.045652 0.954318
0.00001 0.00001 0.00001 0.022414 0.977556
0.00001 0.00001 0.00001 0.042654 0.957316
0.00001 0.00001 0.00001 0.00001 0.99996
0.00001 0.00001 0.00001 0.00001 0.99996
0.00001 0.00001 0.00001 0.00001 0.99996
0.00001 0.00001 0.00001 0.144096 0.855874
0.128187 0.00001 0.00001 0.00001 0.871783
0.00001 0.00001 0.00001 0.00001 0.99996
0.00001 0.00001 0.00001 0.00001 0.99996
0.00001 0.00001 0.00001 0.00001 0.99996
0.00001 0.00001 0.00001 0.00001 0.99996
0.00001 0.00001 0.00001 0.19117 0.8088
0.00001 0.00001 0.00001 0.00001 0.99996
0.00001 0.00001 0.00001 0.00001 0.99996
0.045271 0.00001 0.00001 0.189208 0.765501
0.254902 0.00001 0.00001 0.106582 0.638497
0.247602 0.00001 0.00001 0.00001 0.752368
0.00001 0.00001 0.00001 0.123809 0.876161
0.007397 0.00001 0.00001 0.254154 0.738429
0.144757 0.00001 0.00001 0.18788 0.667342
0.200018 0.00001 0.00001 0.00001 0.799952
0.144104 0.00001 0.00001 0.186627 0.669249
0.13896 0.00001 0.00001 0.00001 0.86101
0.00001 0.00001 0.00001 0.243446 0.756524
0.110362 0.00001 0.00001 0.153155 0.736463
0.161551 0.00001 0.00001 0.074415 0.764013
0.00001 0.00001 0.00001 0.160598 0.839372
0.255161 0.00001 0.00001 0.00001 0.744809
0.274286 0.00001 0.00001 0.00122 0.724475
0.12691 0.00001 0.00001 0.151161 0.721909
0.212463 0.00001 0.00001 0.02954 0.757978
0.134537 0.00001 0.00001 0.148577 0.716867
0.00001 0.00001 0.00001 0.203278 0.796692
0.174402 0.00001 0.00001 0.143692 0.681886
0.00001 0.00001 0.00001 0.265435 0.734535
0.043043 0.00001 0.00001 0.17634 0.780597
0.0472 0.00001 0.00001 0.209448 0.743333
0.185378 0.00001 0.00001 0.00001 0.814592
0.00001 0.00001 0.00001 0.234082 0.765888
0.129617 0.00001 0.00001 0.13857 0.731793
0.000015 0.00001 0.00001 0.29629 0.703676
0.212551 0.00001 0.00001 0.00001 0.787419
0.000015 0.00001 0.00001 0.170431 0.829535
0.00001 0.00001 0.00001 0.19346 0.80651
0.00001 0.00001 0.00001 0.277337 0.722633
0.00001 0.00001 0.00001 0.236333 0.763637
0.215413 0.00001 0.00001 0.015037 0.76953
0.00001 0.00001 0.00001 0.1373 0.86267
0.079942 0.00001 0.00001 0.170035 0.750003
0.00001 0.00001 0.00001 0.00001 0.99996
0.175788 0.00001 0.00001 0.00001 0.824182
0.00001 0.00001 0.00001 0.00001 0.99996
0.12109 0.00001 0.00001 0.00001 0.87888
0.081179 0.00001 0.00001 0.099168 0.819633
0.00001 0.00001 0.00001 0.128521 0.871449
0.00001 0.00001 0.00001 0.256202 0.743768
0.00001 0.00001 0.00001 0.251301 0.748669
0.143875 0.00001 0.00001 0.00001 0.856095
0.126379 0.00001 0.00001 0.041119 0.832482
0.00001 0.00001 0.00001 0.207992 0.791978
0.125167 0.00001 0.00001 0.00001 0.874803
0.08326 0.00001 0.00001 0.106809 0.80991
0.108569 0.00001 0.00001 0.142253 0.749158
0.038731 0.00001 0.00001 0.141819 0.819431
0.220884 0.00001 0.00001 0.00001 0.779086
0.010138 0.00001 0.00001 0.18555 0.804292
0.112469 0.00001 0.00001 0.042014 0.845497
0.00001 0.00001 0.00001 0.173758 0.826212
0.125152 0.00001 0.00001 0.155666 0.719162
0.00001 0.00001 0.00001 0.034183 0.965787
0.333774 0.00001 0.00001 0.00001 0.666196
0.00001 0.00001 0.00001 0.145931 0.854039
0.214892 0.00001 0.00001 0.00001 0.785078
0.00001 0.00001 0.00001 0.243475 0.756495
0.00001 0.00001 0.00001 0.234694 0.765276
0.00001 0.00001 0.00001 0.254545 0.745425
0.153706 0.00001 0.00001 0.119109 0.727165
0.168841 0.00001 0.00001 0.093736 0.737404
