0.00001 0.99996 0.00001 0.00001 0.00001
0.00001 0.99996 0.00001 0.00001 0.00001
0.00001 0.99996 0.00001 0.00001 0.00001
0.00001 0.99996 0.00001 0.00001 0.00001
0.99996 0.00001 0.00001 0.00001 0.00001
0.038474 0.961496 0.00001 0.00001 0.00001
0.011068 0.988902 0.00001 0.00001 0.00001
0.00001 0.99996 0.00001 0.00001 0.00001
0.00001 0.99996 0.00001 0.00001 0.00001
0.006439 0.993531 0.00001 0.00001 0.00001
0.320934 0.679036 0.00001 0.00001 0.00001
0.06246 0.93751 0.00001 0.00001 0.00001
0.00001 0.99996 0.00001 0.00001 0.00001
0.020787 0.540724 0.411021 0.00001 0.027458
0.00001 0.99996 0.00001 0.00001 0.00001
0.00001 0.99996 0.00001 0.00001 0.00001
0.00001 0.99996 0.00001 0.00001 0.00001
0.06982 0.93015 0.00001 0.00001 0.00001
0.00001 0.99996 0.00001 0.00001 0.00001
0.058971 0.543313 0.397696 0.00001 0.00001
0.99996 0.00001 0.00001 0.00001 0.00001
0.074923 0.451629 0.473428 0.00001 0.00001
0.031759 0.00001 0.968211 0.00001 0.00001
0.008026 0.00001 0.970279 0.00001 0.021675
0.009432 0.388035 0.602513 0.00001 0.00001
0.004035 0.284835 0.71111 0.00001 0.00001
0.00001 0.290691 0.683762 0.00001 0.025527
0.009777 0.305638 0.684565 0.00001 0.00001
0.028997 0.282058 0.688925 0.00001 0.00001
0.032249 0.3925 0.575231 0.00001 0.00001
0.00001 0.369563 0.630407 0.00001 0.00001
0.014395 0.357447 0.626486 0.001661 0.00001
0.013532 0.393959 0.570991 0.00001 0.021508
0.003962 0.282897 0.713121 0.00001 0.00001
0.009593 0.153472 0.836915 0.00001 0.00001
0.012879 0.00001 0.987091 0.00001 0.00001
0.030464 0.228485 0.741031 0.00001 0.00001
0.033384 0.278162 0.688434 0.00001 0.00001
0.000011 0.402478 0.597492 0.00001 0.00001
0.015246 0.153329 0.831406 0.00001 0.00001
0.008627 0.174976 0.816377 0.00001 0.00001
0.000011 0.00001 0.999959 0.00001 0.00001
0.063353 0.183669 0.740097 0.00001 0.01287
0.006042 0.310041 0.635796 0.00001 0.048111
0.027364 0.360107 0.612509 0.00001 0.00001
0.00001 0.293838 0.706132 0.00001 0.00001
0.00001 0.179243 0.820727 0.00001 0.00001
0.00001 0.396069 0.603901 0.00001 0.00001
0.019053 0.250295 0.730632 0.00001 0.00001
0.045732 0.351106 0.589275 0.00001 0.013876
0.010482 0.397588 0.59191 0.00001 0.00001
0.000884 0.29183 0.70228 0.00001 0.004996
0.0207 0.00001 0.97927 0.00001 0.00001
0.018759 0.167387 0.813834 0.00001 0.00001
0.03033 0.00001 0.962814 0.00001 0.006837
0.050992 0.174449 0.774539 0.00001 0.00001
0.04977 0.370184 0.565788 0.00001 0.014248
0.004509 0.171925 0.823547 0.00001 0.00001
0.00001 0.335681 0.664289 0.00001 0.00001
0.001373 0.328275 0.646231 0.00001 0.024111
0.024621 0.00001 0.975349 0.00001 0.00001
0.002147 0.302371 0.695462 0.00001 0.00001
0.024156 0.27595 0.699875 0.00001 0.00001
0.043732 0.308834 0.637767 0.00001 0.009656
0.025253 0.494572 0.480154 0.00001 0.00001
0.004206 0.31342 0.682354 0.00001 0.00001
0.005018 0.225966 0.768996 0.00001 0.00001
0.026537 0.315051 0.658392 0.00001 0.00001
0.00001 0.372024 0.624237 0.003719 0.00001
0.00001 0.304963 0.695007 0.00001 0.00001
0.00001 0.397165 0.602805 0.00001 0.00001
0.038083 0.305828 0.650672 0.00001 0.005407
0.028727 0.216929 0.754323 0.00001 0.00001
0.026634 0.275248 0.698098 0.00001 0.00001
0.050997 0.303093 0.64589 0.00001 0.00001
0.016393 0.329038 0.650577 0.00001 0.003982
0.000017 0.320696 0.679267 0.00001 0.00001
0.03099 0.388365 0.580625 0.00001 0.00001
0.00001 0.361138 0.631271 0.00001 0.007571
0.022989 0.269727 0.707263 0.00001 0.00001
0.025005 0.338743 0.559074 0.00001 0.077167
0.002665 0.269795 0.72752 0.00001 0.00001
0.042083 0.00001 0.957887 0.00001 0.00001
0.021356 0.396009 0.582616 0.00001 0.00001
0.000011 0.259249 0.74072 0.00001 0.00001
0.00562 0.334184 0.656949 0.00001 0.003238
0.00001 0.260901 0.739069 0.00001 0.00001
0.012476 0.222067 0.765437 0.00001 0.00001
0.002431 0.345303 0.650133 0.00001 0.002123
0.010991 0.430002 0.558987 0.00001 0.00001
0.016426 0.255048 0.728507 0.00001 0.00001
0.0215 0.245313 0.720684 0.00001 0.012493
0.00001 0.483318 0.516651 0.00001 0.00001
0.040284 0.00001 0.959686 0.00001 0.00001
0.008927 0.435835 0.555218 0.00001 0.00001
0.000679 0.00001 0.999291 0.00001 0.00001
0.022206 0.186237 0.791367 0.00018 0.00001
0.003698 0.211857 0.784425 0.00001 0.00001
0.014545 0.396715 0.58872 0.00001 0.00001
0.035375 0.00001 0.964595 0.00001 0.00001
0.017176 0.31482 0.667984 0.00001 0.00001
0.00751 0.370347 0.622123 0.00001 0.00001
0.03223 0.168172 0.799578 0.00001 0.00001
0.000011 0.318978 0.680991 0.00001 0.00001
0.024865 0.220136 0.753144 0.00001 0.001845
0.00001 0.164572 0.835398 0.00001 0.00001
0.072255 0.098975 0.82875 0.00001 0.00001
0.002641 0.38703 0.610309 0.00001 0.00001
0.034015 0.293525 0.672055 0.00001 0.000394
0.044876 0.00001 0.955094 0.00001 0.00001
0.018372 0.00001 0.981598 0.00001 0.00001
0.021501 0.213253 0.765226 0.00001 0.00001
0.006954 0.361521 0.631504 0.00001 0.00001
0.013662 0.290343 0.695974 0.00001 0.00001
0.020319 0.305747 0.673914 0.00001 0.00001
0.023739 0.145574 0.830667 0.00001 0.00001
0.00001 0.301292 0.698678 0.00001 0.00001
0.021189 0.258882 0.719909 0.00001 0.00001
0.005976 0.450573 0.543431 0.00001 0.00001
0.00001 0.445003 0.551908 0.00001 0.003069
0.01476 0.382224 0.602996 0.00001 0.00001
0.011337 0.185085 0.803559 0.00001 0.00001
0.01284 0.254275 0.732865 0.00001 0.00001
0.015665 0.251598 0.732717 0.00001 0.00001
0.006184 0.323198 0.670598 0.00001 0.00001
0.044472 0.00001 0.9536 0.001908 0.00001
0.00001 0.099883 0.900087 0.00001 0.00001
0.022422 0.153913 0.823644 0.00001 0.00001
0.026919 0.00001 0.973051 0.00001 0.00001
0.017477 0.23802 0.744483 0.00001 0.00001
0.022247 0.253658 0.696081 0.00001 0.028004
0.000249 0.191932 0.318147 0.10183 0.387842
0.01024 0.19598 0.322467 0.088011 0.383303
0.015307 0.085495 0.511566 0.137259 0.250373
0.034964 0.151024 0.572704 0.076572 0.164736
0.012531 0.119732 0.636636 0.042879 0.188222
0.00001 0.21908 0.539379 0.043557 0.197973
0.007008 0.039451 0.154198 0.272282 0.527061
0.029935 0.121946 0.315384 0.088224 0.444511
0.016419 0.146262 0.187624 0.169148 0.480547
0.009895 0.207996 0.502599 0.101779 0.177731
0.023285 0.181788 0.59563 0.007533 0.191764
0.078035 0.00001 0.011383 0.32424 0.586332
0.025592 0.092893 0.185485 0.055621 0.640409
0.040919 0.073024 0.106429 0.286684 0.492944
0.009667 0.070138 0.121684 0.127662 0.67085
0.00001 0.162322 0.582548 0.078359 0.176761
0.001352 0.251344 0.522012 0.054175 0.171117
0.011494 0.141241 0.495127 0.11418 0.237958
0.033756 0.223308 0.469576 0.00001 0.27335
0.012493 0.198268 0.569099 0.00001 0.22013
0.023774 0.196322 0.586427 0.00001 0.193467
0.02685 0.339785 0.52083 0.00001 0.112525
0.008735 0.00001 0.627973 0.162283 0.200999
0.00811 0.152004 0.54119 0.039671 0.259025
0.027408 0.027734 0.587999 0.00001 0.356849
0.010071 0.280007 0.442126 0.204803 0.062993
0.005541 0.217806 0.607633 0.048414 0.120606
0.015579 0.283275 0.466763 0.03139 0.202993
0.017883 0.217046 0.580312 0.00001 0.184749
0.026725 0.214732 0.557153 0.093388 0.108002
0.00001 0.219156 0.46238 0.06805 0.250403
0.014201 0.198761 0.616698 0.07156 0.09878
0.008493 0.221015 0.574831 0.066725 0.128937
0.017841 0.208275 0.556274 0.167364 0.050246
0.043096 0.228655 0.515996 0.070326 0.141927
0.00001 0.235394 0.508467 0.040234 0.215895
0.00001 0.335835 0.460661 0.00001 0.203484
0.015834 0.167147 0.618544 0.049097 0.149377
0.008476 0.240197 0.532366 0.00001 0.218951
0.00001 0.169179 0.625445 0.058688 0.146678
0.00001 0.124809 0.419313 0.00001 0.455859
0.000344 0.172469 0.55982 0.068785 0.198582
0.049661 0.199625 0.576689 0.067818 0.106207
0.00001 0.357199 0.560546 0.082234 0.00001
0.00001 0.00001 0.00001 0.128696 0.871274
0.00001 0.00001 0.005636 0.181003 0.813342
0.00001 0.00001 0.00001 0.090605 0.909365
0.00001 0.00001 0.00001 0.00001 0.99996
0.003503 0.00001 0.00001 0.11122 0.885258
0.00001 0.00001 0.00001 0.134053 0.865917
0.00001 0.00001 0.00001 0.093605 0.906365
0.00001 0.00001 0.00001 0.130015 0.869955
0.00001 0.00001 0.00001 0.170726 0.829243
0.00001 0.00001 0.00001 0.242445 0.757525
0.00001 0.00001 0.00001 0.00001 0.99996
0.00001 0.00001 0.00001 0.051689 0.948281
0.00001 0.00001 0.00001 0.11166 0.88831
0.00001 0.00001 0.00001 0.077497 0.922473
0.00001 0.00001 0.00001 0.00001 0.99996
0.00001 0.00001 0.00001 0.037507 0.962463
0.00001 0.00001 0.00001 0.124019 0.875951
0.00437 0.00001 0.00001 0.111741 0.883869
0.023546 0.00001 0.00001 0.196524 0.779909
0.00001 0.00001 0.00001 0.177663 0.822307
0.000011 0.00001 0.00001 0.077944 0.922024
0.00001 0.00001 0.00001 0.085277 0.914693
0.00001 0.00001 0.00001 0.203046 0.796924
0.000018 0.00001 0.00001 0.240017 0.759945
0.00001 0.000212 0.00001 0.124972 0.874795
0.00001 0.00001 0.00001 0.126068 0.873902
0.000016 0.00001 0.00001 0.154708 0.845256
0.000012 0.00001 0.00001 0.224475 0.775492
0.00001 0.00001 0.00001 0.110684 0.889286
0.00001 0.00001 0.00001 0.179706 0.820264
0.005798 0.00001 0.00001 0.09404 0.900142
0.010555 0.00001 0.00001 0.12522 0.864206
0.00001 0.00001 0.00001 0.10643 0.89354
0.00001 0.00001 0.00001 0.183851 0.816119
0.00001 0.00001 0.00001 0.056155 0.943815
0.006385 0.00001 0.00001 0.192514 0.801081
0.00001 0.00001 0.00001 0.022533 0.977437
0.000019 0.00001 0.00001 0.014088 0.985873
0.00001 0.00001 0.00001 0.056208 0.943762
0.00001 0.00001 0.00001 0.101179 0.898791
0.00002 0.00001 0.00001 0.22803 0.77193
0.00001 0.00001 0.00001 0.190133 0.809837
0.00001 0.00001 0.041854 0.00001 0.958116
0.034883 0.00001 0.00001 0.006619 0.958478
0.00001 0.00001 0.00001 0.296303 0.703667
0.00001 0.00001 0.00001 0.080762 0.919208
0.00001 0.00001 0.015209 0.219084 0.765687
0.00001 0.00001 0.031059 0.03424 0.93468
0.00001 0.00001 0.00001 0.224053 0.775917
0.00001 0.00001 0.00001 0.256845 0.743125
0.000019 0.00001 0.00001 0.129578 0.870383
0.000019 0.00001 0.00001 0.137966 0.861996
0.00001 0.00001 0.00001 0.039416 0.960554
0.00001 0.00001 0.00001 0.073638 0.926332
0.00001 0.00001 0.00001 0.093127 0.906843
0.00001 0.00001 0.00001 0.122766 0.877204
0.00001 0.00001 0.00001 0.075718 0.924252
0.00001 0.00001 0.00001 0.165269 0.834701
0.007309 0.00001 0.00001 0.134977 0.857694
0.001775 0.00001 0.00001 0.242639 0.755567
0.00001 0.00001 0.02441 0.035392 0.940177
0.00001 0.00001 0.025025 0.00001 0.974945
0.013535 0.00001 0.00001 0.082521 0.903924
0.00001 0.00468 0.00001 0.00001 0.99529
0.00001 0.00001 0.00001 0.00001 0.99996
0.00001 0.00001 0.00001 0.00001 0.99996
0.00001 0.000313 0.00001 0.23487 0.764797
0.010616 0.00001 0.00001 0.122207 0.867157
0.00001 0.00001 0.00001 0.139737 0.860233
0.00001 0.00001 0.00001 0.168891 0.831079
0.012053 0.00001 0.00001 0.173193 0.814733
0.00001 0.00001 0.00001 0.026709 0.973261
0.00001 0.00001 0.00001 0.072368 0.927602
0.000016 0.00001 0.00001 0.119604 0.880361
0.00001 0.00001 0.00001 0.01756 0.98241
0.00001 0.00001 0.003498 0.076303 0.920179
0.00001 0.00001 0.00001 0.069379 0.930591
0.00001 0.00001 0.00001 0.118405 0.881565
0.000014 0.00001 0.00001 0.139103 0.860864
0.00001 0.00001 0.00001 0.042999 0.956971
0.00001 0.00001 0.00001 0.00001 0.99996
0.00001 0.00001 0.00001 0.023802 0.976168
0.00001 0.00001 0.00001 0.134662 0.865308
0.00001 0.00001 0.00001 0.209483 0.790487
0.00001 0.00001 0.00001 0.151439 0.848531
0.000011 0.00001 0.00001 0.146491 0.853478
0.00001 0.00001 0.00001 0.132221 0.867749
0.000011 0.00001 0.00001 0.172643 0.827326
0.00001 0.00001 0.00001 0.15798 0.84199
0.000013 0.00001 0.00001 0.057479 0.942488
0.00001 0.00001 0.00001 0.1737 0.82627
0.000018 0.00001 0.00001 0.179266 0.820696
0.00001 0.00001 0.00001 0.297809 0.702161
0.000017 0.00001 0.00001 0.311297 0.688665
0.00001 0.00001 0.00001 0.294438 0.705532
0.000017 0.00001 0.00001 0.249251 0.750712
0.00001 0.00001 0.00001 0.127742 0.872228
0.000019 0.00001 0.00001 0.194766 0.805195
0.00001 0.00001 0.00001 0.322606 0.677364
0.00001 0.00001 0.00001 0.300574 0.699396
0.00001 0.00001 0.00001 0.315813 0.684157
0.00001 0.00001 0.00001 0.00001 0.99996
0.00001 0.00001 0.00001 0.00001 0.99996
0.00001 0.00001 0.00001 0.152559 0.847411
0.00001 0.00001 0.00001 0.196637 0.803333
0.00001 0.00001 0.00001 0.00001 0.99996
0.000012 0.011192 0.00001 0.121827 0.866959
0.000018 0.00001 0.00001 0.713418 0.286544
0.00001 0.00001 0.00001 0.464136 0.535834
0.000014 0.00001 0.00001 0.465377 0.534588
0.000011 0.00001 0.00001 0.698489 0.30148
0.00001 0.00001 0.00001 0.661536 0.338434
0.00001 0.00001 0.00001 0.426511 0.573459
0.000018 0.00001 0.00001 0.496113 0.503849
0.000015 0.00001 0.00001 0.636281 0.363683
0.00001 0.00001 0.00001 0.763283 0.236687
0.005667 0.00001 0.00001 0.303633 0.69068
0.00001 0.00001 0.00001 0.41925 0.58072
0.00002 0.00001 0.00001 0.637593 0.362367
0.00001 0.00001 0.00001 0.649287 0.350683
0.00001 0.00001 0.00001 0.316106 0.683864
0.00001 0.00001 0.00001 0.563699 0.436271
0.000018 0.00001 0.00001 0.546469 0.453493
0.00001 0.00001 0.00001 0.632964 0.367006
0.00001 0.00001 0.00001 0.635714 0.364256
0.00001 0.00001 0.00001 0.641113 0.358857
0.000019 0.00001 0.00001 0.472906 0.527055
0.00001 0.00001 0.00001 0.308982 0.690988
0.00001 0.00001 0.00001 0.689407 0.310563
0.000014 0.00001 0.00001 0.705752 0.294214
0.00001 0.00001 0.00001 0.704076 0.295894
0.000016 0.00001 0.00001 0.388195 0.611769
0.00001 0.00001 0.00001 0.580234 0.419736
0.00001 0.00001 0.00001 0.47571 0.52426
0.000017 0.00001 0.00001 0.515476 0.484487
0.00001 0.00001 0.00001 0.99996 0.00001
0.000019 0.00001 0.00001 0.964108 0.035853
0.00001 0.00001 0.00001 0.99996 0.00001
0.00001 0.00001 0.00001 0.99996 0.00001
0.00001 0.00001 0.00001 0.99996 0.00001
0.00001 0.00001 0.00001 0.99996 0.00001
0.000014 0.00001 0.00001 0.965913 0.034053
0.00001 0.00001 0.00001 0.938393 0.061577
0.000012 0.00001 0.00001 0.999958 0.00001
0.00001 0.00001 0.00001 0.99996 0.00001
0.00001 0.00001 0.00001 0.99996 0.00001
0.000017 0.00001 0.00001 0.999953 0.00001
0.00001 0.00001 0.00001 0.99996 0.00001
0.000012 0.00001 0.00001 0.999958 0.00001
0.00001 0.00001 0.00001 0.99996 0.00001
0.00001 0.00001 0.00001 0.99996 0.00001
0.00001 0.00001 0.00001 0.936855 0.063115
0.00001 0.00001 0.00001 0.943916 0.056054
0.000017 0.00001 0.00001 0.999953 0.00001
0.00001 0.00001 0.00001 0.99996 0.00001
0.000018 0.00001 0.00001 0.999952 0.00001
0.00001 0.00001 0.00001 0.99996 0.00001
0.00001 0.00001 0.00001 0.887461 0.112509
0.00001 0.00001 0.00001 0.99996 0.00001
0.00001 0.00001 0.00001 0.99996 0.00001
0.00001 0.00001 0.00001 0.798658 0.201312
0.000014 0.00001 0.00001 0.714818 0.285149
0.00001 0.00001 0.00001 0.845755 0.154215
0.00001 0.00001 0.00001 0.937242 0.062728
0.00001 0.00001 0.00001 0.766757 0.233213
0.00001 0.00001 0.00001 0.727652 0.272318
0.00001 0.00001 0.00001 0.852878 0.147092
0.000015 0.00001 0.00001 0.742671 0.257295
0.00001 0.00001 0.00001 0.946696 0.053274
0.00001 0.00001 0.00001 0.815965 0.184005
0.00001 0.00001 0.00001 0.811521 0.188449
0.000015 0.00001 0.00001 0.830522 0.169442
0.000011 0.00001 0.00001 0.91509 0.084879
0.00001 0.00001 0.00001 0.826264 0.173706
0.00001 0.00001 0.00001 0.791471 0.208498
0.000019 0.00001 0.00001 0.774829 0.225131
0.000011 0.00001 0.00001 0.828081 0.171888
0.00001 0.00001 0.00001 0.79712 0.20285
0.000015 0.00001 0.00001 0.85435 0.145614
0.000018 0.00001 0.00001 0.738864 0.261098
0.000015 0.00001 0.00001 0.821855 0.17811
0.00001 0.00001 0.00001 0.838218 0.161752
0.00001 0.00001 0.00001 0.799586 0.200384
0.000011 0.00001 0.00001 0.936835 0.063134
0.00001 0.00001 0.00001 0.814307 0.185663
0.00001 0.00001 0.00001 0.795063 0.204907
0.00001 0.00001 0.00001 0.772655 0.227315
0.00001 0.00001 0.00001 0.856785 0.143185
0.00001 0.00001 0.00001 0.894659 0.105311
0.000013 0.00001 0.00001 0.926241 0.073726
0.00001 0.00001 0.00001 0.807266 0.192704
0.00001 0.00001 0.00001 0.821949 0.178021
0.00001 0.00001 0.00001 0.842223 0.157747
0.00001 0.00001 0.00001 0.962251 0.037719
0.00001 0.00001 0.00001 0.826748 0.173222
0.00001 0.00001 0.00001 0.99996 0.00001
0.00001 0.00001 0.00001 0.885753 0.114217
0.000011 0.00001 0.00001 0.999959 0.00001
0.000013 0.00001 0.00001 0.985602 0.014365
0.00001 0.00001 0.00001 0.888943 0.111027
0.00001 0.00001 0.00001 0.945206 0.054764
0.00001 0.00001 0.00001 0.833134 0.166836
0.00001 0.00001 0.00001 0.800757 0.199213
0.00001 0.00001 0.00001 0.956132 0.043838
0.00001 0.00001 0.00001 0.899625 0.100345
0.00001 0.00001 0.00001 0.859237 0.140733
0.000013 0.00001 0.00001 0.95777 0.042198
0.00001 0.00001 0.00001 0.862183 0.137787
0.00001 0.00001 0.00001 0.82303 0.17694
0.00001 0.00001 0.00001 0.865418 0.134552
0.00001 0.00001 0.00001 0.891903 0.108067
0.00001 0.00001 0.00001 0.862189 0.137781
0.000018 0.00001 0.00001 0.93553 0.064432
0.00001 0.00001 0.00001 0.862569 0.137401
0.000015 0.00001 0.00001 0.774161 0.225804
0.00001 0.00001 0.00001 0.99996 0.00001
0.00001 0.00001 0.00001 0.756925 0.243045
0.00001 0.00001 0.00001 0.920773 0.079197
0.00001 0.00001 0.00001 0.861689 0.138281
0.00001 0.00001 0.00001 0.821943 0.178027
0.00001 0.00001 0.00001 0.864207 0.135763
0.00001 0.00001 0.00001 0.82198 0.17799
0.000018 0.00001 0.00001 0.789876 0.210086
0.00001 0.00001 0.00001 0.80088 0.19909
