0.99996 0.00001 0.00001 0.00001 0.00001
0.99996 0.00001 0.00001 0.00001 0.00001
0.99996 0.00001 0.00001 0.00001 0.00001
0.99996 0.00001 0.00001 0.00001 0.00001
0.99996 0.00001 0.00001 0.00001 0.00001
0.99996 0.00001 0.00001 0.00001 0.00001
0.689012 0.310958 0.00001 0.00001 0.00001
0.99996 0.00001 0.00001 0.00001 0.00001
0.99996 0.00001 0.00001 0.00001 0.00001
0.99996 0.00001 0.00001 0.00001 0.00001
0.99996 0.00001 0.00001 0.00001 0.00001
0.99996 0.00001 0.00001 0.00001 0.00001
0.99996 0.00001 0.00001 0.00001 0.00001
0.509554 0.461245 0.00001 0.00001 0.029182
0.99996 0.00001 0.00001 0.00001 0.00001
0.99996 0.00001 0.00001 0.00001 0.00001
0.99996 0.00001 0.00001 0.00001 0.00001
0.99996 0.00001 0.00001 0.00001 0.00001
0.99996 0.00001 0.00001 0.00001 0.00001
0.567137 0.432833 0.00001 0.00001 0.00001
0.99996 0.00001 0.00001 0.00001 0.00001
0.51879 0.48118 0.00001 0.00001 0.00001
0.00001 0.99996 0.00001 0.00001 0.00001
0.00001 0.975062 0.00001 0.024908 0.00001
0.293323 0.706647 0.00001 0.00001 0.00001
0.211324 0.788646 0.00001 0.00001 0.00001
0.225231 0.748601 0.00001 0.026147 0.00001
0.255414 0.744556 0.00001 0.00001 0.00001
0.264246 0.735689 0.00001 0.00001 0.000044
0.383912 0.616058 0.00001 0.00001 0.00001
0.294651 0.705319 0.00001 0.00001 0.00001
0.296738 0.700709 0.000013 0.00001 0.00253
0.348367 0.627843 0.00001 0.00001 0.02377
0.235615 0.764355 0.00001 0.00001 0.00001
0.099808 0.900162 0.00001 0.00001 0.00001
0.00001 0.99996 0.00001 0.00001 0.00001
0.204975 0.794995 0.00001 0.00001 0.00001
0.267917 0.732053 0.00001 0.00001 0.00001
0.337022 0.662948 0.00001 0.00001 0.00001
0.122428 0.877542 0.00001 0.00001 0.00001
0.135913 0.864057 0.00001 0.00001 0.00001
0.00001 0.99996 0.00001 0.00001 0.00001
0.208325 0.771775 0.00001 0.01988 0.00001
0.259359 0.690799 0.00001 0.00001 0.049822
0.324854 0.675116 0.00001 0.00001 0.00001
0.222116 0.777854 0.00001 0.00001 0.00001
0.117774 0.882196 0.00001 0.00001 0.00001
0.300236 0.699734 0.00001 0.00001 0.00001
0.20237 0.7976 0.00001 0.00001 0.00001
0.360651 0.621791 0.00001 0.00001 0.017538
0.338206 0.661764 0.00001 0.00001 0.00001
0.245096 0.747921 0.00001 0.00001 0.006964
0.00001 0.99996 0.00001 0.00001 0.00001
0.139599 0.860371 0.00001 0.00001 0.00001
0.00001 0.990788 0.00001 0.009182 0.00001
0.195701 0.804269 0.00001 0.00001 0.00001
0.385282 0.597373 0.00001 0.017325 0.00001
0.099659 0.900311 0.00001 0.00001 0.00001
0.267916 0.732054 0.00001 0.00001 0.00001
0.284534 0.689973 0.00001 0.025473 0.00001
0.00001 0.99996 0.00001 0.00001 0.00001
0.24834 0.75163 0.00001 0.00001 0.00001
0.237458 0.762512 0.00001 0.00001 0.00001
0.30249 0.685387 0.00001 0.00001 0.012103
0.486898 0.513072 0.00001 0.00001 0.00001
0.260251 0.739719 0.00001 0.00001 0.00001
0.173774 0.826196 0.00001 0.00001 0.00001
0.279918 0.720052 0.00001 0.00001 0.00001
0.258206 0.737451 0.004323 0.00001 0.00001
0.224477 0.775493 0.00001 0.00001 0.00001
0.317206 0.682764 0.00001 0.00001 0.00001
0.289338 0.70222 0.00001 0.00001 0.008423
0.202506 0.797464 0.00001 0.00001 0.00001
0.25823 0.74174 0.00001 0.00001 0.00001
0.336161 0.663809 0.00001 0.00001 0.00001
0.29639 0.698321 0.00001 0.00001 0.005269
0.242091 0.757879 0.00001 0.00001 0.00001
0.363238 0.636732 0.00001 0.00001 0.00001
0.294543 0.694299 0.00001 0.011138 0.00001
0.247281 0.752689 0.00001 0.00001 0.00001
0.334975 0.584064 0.00001 0.00001 0.08094
0.213191 0.786779 0.00001 0.00001 0.00001
0.00001 0.99996 0.00001 0.00001 0.00001
0.384523 0.615447 0.00001 0.00001 0.00001
0.199827 0.800143 0.00001 0.00001 0.00001
0.27986 0.715237 0.00001 0.00001 0.004884
0.160411 0.839559 0.00001 0.00001 0.00001
0.164933 0.835037 0.00001 0.00001 0.00001
0.284919 0.708051 0.00001 0.00701 0.00001
0.384724 0.615085 0.00001 0.000171 0.00001
0.22268 0.77729 0.00001 0.00001 0.00001
0.21784 0.768453 0.00001 0.013687 0.00001
0.420627 0.577728 0.001625 0.00001 0.00001
0.00001 0.99996 0.00001 0.00001 0.00001
0.386413 0.613557 0.00001 0.00001 0.00001
0.00001 0.99996 0.00001 0.00001 0.00001
0.168215 0.830254 0.00001 0.00001 0.001511
0.150516 0.849454 0.00001 0.00001 0.00001
0.347633 0.652337 0.00001 0.00001 0.00001
0.00001 0.99996 0.00001 0.00001 0.00001
0.283835 0.716135 0.00001 0.00001 0.00001
0.318373 0.681597 0.00001 0.00001 0.00001
0.157533 0.842437 0.00001 0.00001 0.00001
0.280959 0.719011 0.00001 0.00001 0.00001
0.196628 0.799693 0.00001 0.00001 0.003659
0.099863 0.900107 0.00001 0.00001 0.00001
0.184573 0.815397 0.00001 0.00001 0.00001
0.313094 0.686876 0.00001 0.00001 0.00001
0.297816 0.699848 0.00001 0.00001 0.002316
0.00001 0.99996 0.00001 0.00001 0.00001
0.00001 0.99996 0.00001 0.00001 0.00001
0.194423 0.805547 0.00001 0.00001 0.00001
0.327328 0.672642 0.00001 0.00001 0.00001
0.246671 0.753299 0.00001 0.00001 0.00001
0.264765 0.735205 0.00001 0.00001 0.00001
0.094111 0.905859 0.00001 0.00001 0.00001
0.234883 0.765087 0.00001 0.00001 0.00001
0.233462 0.766508 0.00001 0.00001 0.00001
0.389443 0.610527 0.00001 0.00001 0.00001
0.352899 0.642332 0.00001 0.00001 0.004749
0.334246 0.665724 0.00001 0.00001 0.00001
0.137542 0.862428 0.00001 0.00001 0.00001
0.213803 0.786167 0.00001 0.00001 0.00001
0.21689 0.78308 0.00001 0.00001 0.00001
0.270747 0.729223 0.00001 0.00001 0.00001
0.027349 0.967771 0.00486 0.00001 0.00001
0.00001 0.99996 0.00001 0.00001 0.00001
0.13406 0.86591 0.00001 0.00001 0.00001
0.00001 0.996461 0.00001 0.003509 0.00001
0.220356 0.779614 0.00001 0.00001 0.00001
0.221509 0.749837 0.00001 0.00001 0.028634
0.149715 0.36727 0.036841 0.446164 0.00001
0.174443 0.361063 0.012844 0.45164 0.00001
0.062617 0.549846 0.115661 0.16058 0.111297
0.138132 0.619332 0.074552 0.00001 0.167974
0.047848 0.716246 0.00001 0.00001 0.235885
0.156726 0.596096 0.00001 0.00001 0.247158
0.038281 0.160101 0.220039 0.175685 0.405893
0.124136 0.345719 0.035064 0.347258 0.147823
0.149484 0.201353 0.096582 0.323999 0.228582
0.171171 0.549746 0.070453 0.156752 0.051878
0.170367 0.629866 0.00001 0.105815 0.093942
0.00001 0.102984 0.262497 0.359277 0.275231
0.112473 0.189558 0.009452 0.248672 0.439844
0.102259 0.116487 0.229075 0.195871 0.356309
0.053682 0.150188 0.068153 0.439122 0.288855
0.101225 0.643345 0.067482 0.087951 0.099997
0.208622 0.56818 0.047873 0.175315 0.00001
0.093191 0.556426 0.0906 0.220588 0.039195
0.217507 0.508885 0.00001 0.11902 0.154578
0.190586 0.587733 0.00001 0.065402 0.156269
0.188074 0.616783 0.00001 0.052661 0.142471
0.328646 0.55666 0.00001 0.00001 0.114674
0.00001 0.633776 0.133496 0.00001 0.232708
0.107081 0.593902 0.033125 0.117693 0.148199
0.02888 0.612003 0.00001 0.07642 0.282687
0.254928 0.47541 0.177372 0.00001 0.09228
0.172757 0.654952 0.014392 0.00001 0.157889
0.245987 0.516143 0.00001 0.00001 0.23785
0.197143 0.613676 0.00001 0.00001 0.189161
0.201722 0.594629 0.057571 0.00001 0.146068
0.174521 0.50582 0.054889 0.062963 0.201807
0.175673 0.652003 0.061423 0.00001 0.110891
0.171922 0.633543 0.060215 0.11463 0.01969
0.190564 0.587004 0.10862 0.00001 0.113803
0.234522 0.550459 0.043781 0.00001 0.171228
0.182888 0.562072 0.035216 0.137198 0.082626
0.271349 0.529075 0.00001 0.178772 0.020793
0.126905 0.671497 0.00001 0.00001 0.201578
0.193344 0.587264 0.00001 0.085292 0.134089
0.124236 0.667199 0.012628 0.00001 0.195926
0.068221 0.474171 0.00001 0.125283 0.332316
0.13576 0.595903 0.046091 0.078908 0.143338
0.216632 0.605659 0.020789 0.00001 0.15691
0.279591 0.637467 0.082923 0.00001 0.00001
0.00001 0.00001 0.00001 0.99996 0.00001
0.00001 0.00001 0.096952 0.00001 0.903018
0.00001 0.00001 0.025779 0.587229 0.386972
0.00001 0.00001 0.00001 0.99996 0.00001
0.00001 0.00001 0.045096 0.378902 0.575982
0.00001 0.00001 0.074365 0.443597 0.482018
0.00001 0.00001 0.039287 0.357072 0.603621
0.00001 0.00001 0.077438 0.324932 0.59761
0.00001 0.00001 0.110714 0.491225 0.398041
0.00001 0.00001 0.17432 0.271209 0.554451
0.00001 0.00001 0.00001 0.99996 0.00001
0.00001 0.000011 0.00001 0.999959 0.00001
0.00001 0.00001 0.06252 0.573878 0.363582
0.00001 0.00001 0.00001 0.99996 0.00001
0.00001 0.00001 0.00001 0.50978 0.49019
0.00001 0.00001 0.00001 0.506845 0.493125
0.00001 0.00001 0.055122 0.439766 0.505092
0.00001 0.00001 0.02983 0.502506 0.467643
0.022085 0.00001 0.101314 0.446022 0.430568
0.00001 0.00001 0.104986 0.333985 0.561009
0.00001 0.00001 0.026874 0.346753 0.626353
0.00001 0.00001 0.021195 0.319099 0.659685
0.00001 0.00001 0.144259 0.139244 0.716477
0.00001 0.00001 0.177567 0.326977 0.495435
0.00001 0.00001 0.053675 0.249433 0.696872
0.00001 0.00001 0.057161 0.305803 0.637016
0.00001 0.00001 0.094828 0.397484 0.507668
0.00001 0.00001 0.00001 0.99996 0.00001
0.00001 0.00001 0.043373 0.392213 0.564394
0.00001 0.00001 0.109303 0.312769 0.577908
0.00001 0.00001 0.024417 0.374734 0.600829
0.00001 0.00001 0.030203 0.240384 0.729393
0.00001 0.00001 0.047605 0.306302 0.646073
0.00001 0.00001 0.109395 0.182268 0.708318
0.00001 0.00001 0.00001 0.182536 0.817434
0.00001 0.00001 0.108035 0.323098 0.568847
0.00001 0.00001 0.00001 0.328698 0.671272
0.00001 0.00001 0.00001 0.396191 0.603779
0.00001 0.00001 0.005596 0.456792 0.537592
0.00001 0.00001 0.00001 0.99996 0.00001
0.00001 0.00001 0.148778 0.354057 0.497145
0.00001 0.00001 0.130675 0.313805 0.555499
0.00001 0.042322 0.00001 0.397009 0.560649
0.00001 0.032706 0.00001 0.539957 0.427317
0.00001 0.00001 0.238201 0.372146 0.389633
0.00001 0.00001 0.008033 0.364704 0.627244
0.00001 0.00001 0.084377 0.00001 0.915593
0.00001 0.00001 0.00001 0.00001 0.99996
0.00001 0.00001 0.144827 0.434531 0.420622
0.00001 0.00001 0.180424 0.206888 0.612669
0.00001 0.00001 0.077427 0.243113 0.679441
0.00001 0.00001 0.092583 0.440055 0.467341
0.00001 0.00001 0.00001 0.359706 0.640264
0.00001 0.00001 0.017125 0.382082 0.600772
0.00001 0.00001 0.00001 0.00001 0.99996
0.00001 0.00001 0.00001 0.00001 0.99996
0.00001 0.00001 0.011999 0.422901 0.56508
0.00001 0.00001 0.102284 0.349342 0.548354
0.00001 0.00001 0.00001 0.00001 0.99996
0.00001 0.00001 0.185232 0.28178 0.532967
0.00001 0.00001 0.00001 0.00001 0.99996
0.00001 0.026753 0.00001 0.522423 0.450804
0.01091 0.00001 0.029002 0.437438 0.522641
0.002014 0.00001 0.00001 0.340463 0.657503
0.00001 0.00001 0.00001 0.55052 0.44945
0.000015 0.00001 0.00001 0.477929 0.522036
0.00001 0.00001 0.157673 0.245962 0.596345
0.00001 0.00001 0.00001 0.00001 0.99996
0.00001 0.00001 0.063241 0.329682 0.607058
0.00001 0.00001 0.103077 0.306244 0.590659
0.00001 0.00001 0.00001 0.00001 0.99996
0.00001 0.00001 0.00001 0.00001 0.99996
0.00001 0.00001 0.004225 0.699116 0.296639
0.00001 0.00001 0.00001 0.99996 0.00001
0.00001 0.00001 0.00001 0.311283 0.688687
0.00001 0.000809 0.01076 0.386574 0.601846
0.00001 0.00001 0.001282 0.489301 0.509397
0.00001 0.00001 0.051006 0.401015 0.547959
0.00001 0.00001 0.086204 0.416702 0.497074
0.00001 0.00001 0.00001 0.369402 0.630568
0.00001 0.00001 0.00001 0.380895 0.619075
0.00001 0.00001 0.00001 0.00001 0.99996
0.00001 0.00001 0.03564 0.00001 0.96433
0.00001 0.00001 0.158592 0.409043 0.432345
0.00001 0.00001 0.067687 0.532369 0.399924
0.00001 0.00001 0.078012 0.451199 0.470769
0.00001 0.00001 0.077962 0.529312 0.392706
0.00001 0.00001 0.106672 0.373815 0.519493
0.00001 0.00001 0.086848 0.412841 0.500291
0.00001 0.00001 0.007695 0.393897 0.598388
0.00001 0.00001 0.117205 0.324506 0.55827
0.000014 0.00001 0.076365 0.00001 0.9236
0.00001 0.00001 0.237291 0.239801 0.522888
0.00001 0.00001 0.235421 0.363884 0.400676
0.00001 0.00001 0.24145 0.148984 0.609545
0.00001 0.00001 0.182233 0.393931 0.423816
0.00001 0.00001 0.064796 0.38404 0.551144
0.00001 0.00001 0.119388 0.318261 0.562332
0.00001 0.00001 0.250739 0.00001 0.749231
0.00001 0.00001 0.197045 0.00001 0.802925
0.00001 0.00001 0.263818 0.135201 0.600961
0.00001 0.00001 0.00001 0.304213 0.695757
0.00001 0.00001 0.00001 0.309439 0.690531
0.00001 0.00001 0.095125 0.280122 0.624733
0.00001 0.00001 0.134715 0.331468 0.533797
0.00001 0.00001 0.00001 0.415402 0.584568
0.00392 0.00001 0.049637 0.30387 0.642563
0.00001 0.00001 0.635509 0.078046 0.286426
0.00001 0.00001 0.389016 0.208794 0.40217
0.00001 0.00001 0.41237 0.209592 0.378019
0.00001 0.00001 0.544161 0.455809 0.00001
0.00001 0.00001 0.581745 0.00001 0.418225
0.00001 0.00001 0.356961 0.377 0.266018
0.00001 0.00001 0.410183 0.293333 0.296464
0.00001 0.00001 0.58971 0.065224 0.345047
0.00001 0.00001 0.701898 0.282945 0.015137
0.00001 0.00001 0.221885 0.189105 0.58899
0.00001 0.00001 0.343793 0.218357 0.43783
0.00001 0.00001 0.542063 0.344034 0.113883
0.00001 0.00001 0.562142 0.202195 0.235643
0.00001 0.00001 0.238665 0.417772 0.343543
0.00001 0.00001 0.507857 0.10799 0.384133
0.00001 0.00001 0.471035 0.37941 0.149535
0.00001 0.00001 0.554825 0.38 0.065155
0.00001 0.00001 0.551759 0.26472 0.183501
0.00001 0.00001 0.575342 0.2893 0.135338
0.00001 0.00001 0.00001 0.99996 0.00001
0.00001 0.00001 0.00001 0.99996 0.00001
0.00001 0.00001 0.609229 0.111028 0.279723
0.00001 0.00001 0.625182 0.16882 0.205978
0.00001 0.00001 0.614438 0.133874 0.251668
0.00001 0.00001 0.230476 0.00001 0.769494
0.00001 0.00001 0.516828 0.163714 0.319437
0.00001 0.00001 0.401247 0.087889 0.510844
0.00001 0.00001 0.425754 0.043995 0.53023
0.00001 0.00001 0.901167 0.098803 0.00001
0.00001 0.00001 0.83243 0.16754 0.00001
0.00001 0.00001 0.892576 0.107394 0.00001
0.00001 0.00001 0.982579 0.017391 0.00001
0.00001 0.00001 0.920157 0.079813 0.00001
0.00001 0.00001 0.99996 0.00001 0.00001
0.00001 0.00001 0.889682 0.00001 0.110288
0.00001 0.00001 0.824819 0.175151 0.00001
0.00001 0.00001 0.99996 0.00001 0.00001
0.00001 0.00001 0.99996 0.00001 0.00001
0.00001 0.00001 0.963223 0.036747 0.00001
0.00001 0.00001 0.990216 0.009754 0.00001
0.00001 0.00001 0.960964 0.039006 0.00001
0.00001 0.00001 0.99996 0.00001 0.00001
0.00001 0.00001 0.99996 0.00001 0.00001
0.00001 0.00001 0.99996 0.00001 0.00001
0.00001 0.00001 0.743606 0.256364 0.00001
0.00001 0.00001 0.850542 0.139522 0.009917
0.00001 0.00001 0.99996 0.00001 0.00001
0.00001 0.00001 0.99996 0.00001 0.00001
0.00001 0.00001 0.99996 0.00001 0.00001
0.00001 0.00001 0.99996 0.00001 0.00001
0.00001 0.00001 0.784709 0.00001 0.215261
0.00001 0.00001 0.99996 0.00001 0.00001
0.000011 0.00001 0.999959 0.00001 0.00001
0.00001 0.00001 0.738557 0.219962 0.04146
0.00001 0.00001 0.634928 0.293131 0.071921
0.00001 0.00001 0.765807 0.00001 0.234163
0.00001 0.00001 0.802207 0.197763 0.00001
0.00001 0.00001 0.712675 0.237395 0.04991
0.00001 0.00001 0.645177 0.00001 0.354793
0.00001 0.00001 0.796078 0.055067 0.148835
0.00001 0.00001 0.653088 0.222352 0.12454
0.00001 0.00001 0.812341 0.187629 0.00001
0.00001 0.00001 0.748566 0.2088 0.042614
0.00001 0.00001 0.730084 0.101108 0.168788
0.00001 0.00001 0.753996 0.179854 0.06613
0.00001 0.00001 0.848294 0.129984 0.021703
0.00001 0.00001 0.766009 0.233961 0.00001
0.00001 0.00001 0.711919 0.101424 0.186637
0.00001 0.00001 0.686966 0.127883 0.185131
0.00001 0.00001 0.766497 0.016938 0.216545
0.00001 0.00001 0.730115 0.182807 0.087058
0.00001 0.00001 0.779377 0.19861 0.021993
0.00001 0.00001 0.656971 0.122613 0.220397
0.00001 0.00001 0.680833 0.319137 0.00001
0.00001 0.00001 0.769244 0.177942 0.052794
0.00001 0.00001 0.712232 0.219927 0.067821
0.00001 0.00001 0.833116 0.00001 0.166854
0.00001 0.00001 0.748189 0.197054 0.054737
0.00001 0.00001 0.708394 0.183978 0.107608
0.00001 0.00001 0.697932 0.301644 0.000404
0.00001 0.00001 0.729547 0.270423 0.00001
0.00001 0.00001 0.824557 0.00001 0.175413
0.00001 0.00001 0.765456 0.234514 0.00001
0.00001 0.00001 0.759838 0.226248 0.013894
0.00001 0.00001 0.704583 0.295387 0.00001
0.00001 0.00001 0.732732 0.267238 0.00001
0.00001 0.00001 0.782952 0.217018 0.00001
0.00001 0.00001 0.771948 0.228022 0.00001
0.00001 0.00001 0.99996 0.00001 0.00001
0.00001 0.00001 0.798299 0.196666 0.005015
0.00001 0.00001 0.988306 0.011664 0.00001
0.00001 0.00001 0.828195 0.00001 0.171775
0.00001 0.00001 0.803377 0.015472 0.181132
0.00001 0.00001 0.851807 0.148163 0.00001
0.00001 0.00001 0.776184 0.223786 0.00001
0.00001 0.00001 0.733557 0.266413 0.00001
0.00001 0.00001 0.850339 0.00001 0.149631
0.00001 0.00001 0.816887 0.149893 0.033199
0.00001 0.00001 0.764728 0.165423 0.069829
0.000013 0.00001 0.800872 0.199095 0.00001
0.00001 0.00001 0.772361 0.227609 0.00001
0.00001 0.00001 0.738393 0.249286 0.012301
0.00001 0.00001 0.791235 0.061083 0.147663
0.00001 0.00001 0.792571 0.171988 0.035421
0.00001 0.00001 0.771762 0.159383 0.068834
0.00001 0.00001 0.827695 0.118942 0.053342
0.000012 0.00001 0.774393 0.127173 0.098412
0.00001 0.00001 0.707122 0.199961 0.092897
0.00001 0.00001 0.971504 0.028466 0.00001
0.00001 0.00001 0.67947 0.027282 0.293228
0.00001 0.00001 0.785246 0.214724 0.00001
0.00001 0.00001 0.79002 0.043612 0.166347
0.00001 0.00001 0.738814 0.00001 0.261156
0.00001 0.00001 0.763046 0.236924 0.00001
0.00001 0.00001 0.747997 0.111329 0.140655
0.00001 0.00001 0.733919 0.00001 0.266051
0.00001 0.00001 0.670033 0.329937 0.00001
