0.99997 0.00001 0.00001 0.00001
0.99997 0.00001 0.00001 0.00001
0.99997 0.00001 0.00001 0.00001
0.99997 0.00001 0.00001 0.00001
0.99997 0.00001 0.00001 0.00001
0.99997 0.00001 0.00001 0.00001
0.689696 0.310284 0.00001 0.00001
0.99997 0.00001 0.00001 0.00001
0.99997 0.00001 0.00001 0.00001
0.99997 0.00001 0.00001 0.00001
0.99997 0.00001 0.00001 0.00001
0.99997 0.00001 0.00001 0.00001
0.99997 0.00001 0.00001 0.00001
0.511285 0.461508 0.00001 0.027197
0.99997 0.00001 0.00001 0.00001
0.99997 0.00001 0.00001 0.00001
0.99997 0.00001 0.00001 0.00001
0.99997 0.00001 0.00001 0.00001
0.99997 0.00001 0.00001 0.00001
0.568076 0.431904 0.00001 0.00001
0.99997 0.00001 0.00001 0.00001
0.521197 0.478783 0.00001 0.00001
0.00001 0.99997 0.00001 0.00001
0.00001 0.976436 0.00001 0.023544
0.298014 0.701966 0.00001 0.00001
0.215463 0.784517 0.00001 0.00001
0.229904 0.744358 0.00001 0.025728
0.25872 0.74126 0.00001 0.00001
0.265417 0.734563 0.00001 0.00001
0.384313 0.615667 0.00001 0.00001
0.296134 0.703846 0.00001 0.00001
0.298324 0.700194 0.001472 0.00001
0.352902 0.624792 0.00001 0.022296
0.236836 0.763144 0.00001 0.00001
0.103794 0.896186 0.00001 0.00001
0.00001 0.99997 0.00001 0.00001
0.208087 0.791893 0.00001 0.00001
0.271634 0.728346 0.00001 0.00001
0.34736 0.65262 0.00001 0.00001
0.125087 0.874893 0.00001 0.00001
0.140417 0.859563 0.00001 0.00001
0.00001 0.99997 0.00001 0.00001
0.209804 0.773369 0.00001 0.016817
0.258408 0.693215 0.00001 0.048368
0.333045 0.666935 0.00001 0.00001
0.226118 0.773862 0.00001 0.00001
0.121188 0.878792 0.00001 0.00001
0.302826 0.697154 0.00001 0.00001
0.205989 0.793991 0.00001 0.00001
0.364787 0.62032 0.00001 0.014883
0.343236 0.656744 0.00001 0.00001
0.250272 0.744796 0.00001 0.004922
0.00001 0.99997 0.00001 0.00001
0.142611 0.857369 0.00001 0.00001
0.00001 0.991603 0.00001 0.008377
0.197523 0.802457 0.00001 0.00001
0.388433 0.595434 0.00001 0.016123
0.104307 0.895673 0.00001 0.00001
0.269564 0.730416 0.00001 0.00001
0.284656 0.690885 0.00001 0.024449
0.00001 0.99997 0.00001 0.00001
0.249401 0.750579 0.00001 0.00001
0.239844 0.760136 0.00001 0.00001
0.304715 0.684782 0.00001 0.010493
0.489053 0.510927 0.00001 0.00001
0.262721 0.737259 0.00001 0.00001
0.173639 0.826341 0.00001 0.00001
0.282221 0.717759 0.00001 0.00001
0.261114 0.734888 0.003988 0.00001
0.225355 0.774625 0.00001 0.00001
0.313323 0.686657 0.00001 0.00001
0.291928 0.702197 0.00001 0.005866
0.206314 0.793666 0.00001 0.00001
0.260166 0.739814 0.00001 0.00001
0.337314 0.662666 0.00001 0.00001
0.301678 0.694276 0.00001 0.004036
0.244001 0.755979 0.00001 0.00001
0.362133 0.637847 0.00001 0.00001
0.293965 0.697982 0.00001 0.008043
0.24955 0.75043 0.00001 0.00001
0.341038 0.581749 0.00001 0.077203
0.216315 0.783665 0.00001 0.00001
0.00001 0.99997 0.00001 0.00001
0.387295 0.612685 0.00001 0.00001
0.201929 0.798051 0.00001 0.00001
0.281884 0.714802 0.00001 0.003304
0.166335 0.833645 0.00001 0.00001
0.16685 0.83313 0.00001 0.00001
0.288716 0.70872 0.00001 0.002554
0.389027 0.610953 0.00001 0.00001
0.225703 0.774277 0.00001 0.00001
0.220515 0.766858 0.00001 0.012616
0.423634 0.57493 0.001426 0.00001
0.00001 0.99997 0.00001 0.00001
0.39009 0.60989 0.00001 0.00001
0.00001 0.99997 0.00001 0.00001
0.17305 0.826427 0.000513 0.00001
0.153304 0.846676 0.00001 0.00001
0.350581 0.649399 0.00001 0.00001
0.00001 0.99997 0.00001 0.00001
0.28848 0.7115 0.00001 0.00001
0.322513 0.677467 0.00001 0.00001
0.161681 0.838299 0.00001 0.00001
0.283442 0.716538 0.00001 0.00001
0.199462 0.798341 0.00001 0.002188
0.103565 0.896415 0.00001 0.00001
0.186916 0.813064 0.00001 0.00001
0.316415 0.683565 0.00001 0.00001
0.30003 0.699251 0.00001 0.000709
0.00001 0.99997 0.00001 0.00001
0.00001 0.99997 0.00001 0.00001
0.195393 0.804587 0.00001 0.00001
0.329041 0.670939 0.00001 0.00001
0.249109 0.750871 0.00001 0.00001
0.269572 0.730408 0.00001 0.00001
0.100462 0.899518 0.00001 0.00001
0.24094 0.75904 0.00001 0.00001
0.237212 0.762768 0.00001 0.00001
0.394249 0.605731 0.00001 0.00001
0.354905 0.641312 0.00001 0.003773
0.339644 0.660336 0.00001 0.00001
0.142116 0.857864 0.00001 0.00001
0.215706 0.784274 0.00001 0.00001
0.220385 0.779595 0.00001 0.00001
0.273098 0.726882 0.00001 0.00001
0.024299 0.971818 0.003873 0.00001
0.00001 0.99997 0.00001 0.00001
0.133954 0.866026 0.00001 0.00001
0.00001 0.99997 0.00001 0.00001
0.222401 0.777579 0.00001 0.00001
0.224373 0.747367 0.00001 0.02825
0.166758 0.34337 0.098794 0.391078
0.174624 0.353856 0.08921 0.38231
0.064829 0.547166 0.138635 0.24937
0.141239 0.617534 0.079624 0.161603
0.065638 0.703133 0.045854 0.185374
0.161679 0.5965 0.045125 0.196696
0.040148 0.160321 0.273735 0.525795
0.136561 0.330035 0.084801 0.448602
0.15694 0.193091 0.170693 0.479276
0.176816 0.543534 0.101568 0.178082
0.174723 0.625718 0.009031 0.190528
0.00001 0.101581 0.324717 0.573693
0.112319 0.191179 0.056072 0.640429
0.103297 0.116964 0.286559 0.49318
0.058774 0.14246 0.129505 0.66926
0.107092 0.63767 0.078794 0.176445
0.214104 0.560554 0.054354 0.170988
0.102142 0.545525 0.115276 0.237056
0.222384 0.503885 0.00001 0.273721
0.195454 0.584123 0.00001 0.220413
0.187279 0.618989 0.00001 0.193721
0.33005 0.557445 0.00001 0.112494
0.00001 0.636416 0.159733 0.203842
0.111834 0.589135 0.037847 0.261184
0.028495 0.614293 0.00001 0.357202
0.259139 0.473203 0.207398 0.06026
0.177875 0.653086 0.050205 0.118834
0.248912 0.516658 0.032285 0.202145
0.20078 0.61428 0.00001 0.18493
0.205794 0.592672 0.094557 0.106976
0.176962 0.504429 0.06865 0.249959
0.177489 0.652065 0.073418 0.097029
0.174211 0.630012 0.064614 0.131163
0.193923 0.588295 0.167268 0.050514
0.236454 0.550893 0.069296 0.143357
0.185288 0.558272 0.039714 0.216726
0.281857 0.51443 0.00001 0.203703
0.127458 0.673829 0.049897 0.148816
0.198244 0.582616 0.00001 0.21913
0.119769 0.674654 0.060678 0.144899
0.073539 0.470238 0.00001 0.456213
0.138698 0.593883 0.069836 0.197582
0.216942 0.60861 0.066104 0.108344
0.281885 0.635362 0.082743 0.00001
0.00001 0.00001 0.130539 0.869441
0.00001 0.004571 0.181205 0.814214
0.00001 0.00001 0.09368 0.9063
0.00001 0.00001 0.00001 0.99997
0.00001 0.00001 0.109001 0.890979
0.00001 0.00001 0.136272 0.863708
0.00001 0.00001 0.094278 0.905702
0.00001 0.00001 0.131095 0.868885
0.00001 0.00001 0.172882 0.827098
0.00001 0.00001 0.244011 0.755969
0.00001 0.00001 0.00001 0.99997
0.00001 0.00001 0.054072 0.945908
0.00001 0.00001 0.114074 0.885906
0.00001 0.00001 0.079583 0.920397
0.00001 0.00001 0.00001 0.99997
0.00001 0.00001 0.040213 0.959767
0.00001 0.00001 0.125114 0.874866
0.00001 0.00001 0.107787 0.892193
0.023575 0.00001 0.190207 0.786208
0.00001 0.00001 0.178835 0.821145
0.00001 0.00001 0.080206 0.919774
0.00001 0.00001 0.087417 0.912563
0.00001 0.00001 0.205338 0.794642
0.00001 0.00001 0.242266 0.757714
0.000018 0.00001 0.125739 0.874233
0.00001 0.00001 0.128464 0.871516
0.00001 0.00001 0.156665 0.843315
0.00001 0.00001 0.226792 0.773188
0.00001 0.00001 0.111721 0.888259
0.00001 0.00001 0.182133 0.817847
0.00001 0.00001 0.087189 0.912791
0.00001 0.005188 0.119338 0.875463
0.00001 0.00001 0.109222 0.890758
0.00001 0.00001 0.186973 0.813007
0.00001 0.00001 0.058157 0.941823
0.00001 0.00001 0.190586 0.809394
0.00001 0.00001 0.023868 0.976112
0.00001 0.00001 0.01537 0.98461
0.00001 0.00001 0.058353 0.941627
0.00001 0.00001 0.102543 0.897437
0.00001 0.00001 0.230399 0.769581
0.00001 0.00001 0.192703 0.807277
0.00001 0.041071 0.00001 0.958909
0.00001 0.03141 0.00001 0.96857
0.00001 0.00001 0.298319 0.701661
0.00001 0.00001 0.081419 0.918561
0.00001 0.014569 0.220763 0.764658
0.028288 0.00001 0.028369 0.943332
0.00001 0.00001 0.228123 0.771857
0.00001 0.00001 0.259078 0.740902
0.00001 0.00001 0.131076 0.868904
0.00001 0.00001 0.139089 0.860891
0.00001 0.00001 0.042541 0.957439
0.00001 0.00001 0.077277 0.922703
0.00001 0.00001 0.09419 0.90579
0.00001 0.00001 0.126847 0.873133
0.00001 0.00001 0.078861 0.921119
0.00001 0.00001 0.165191 0.834789
0.00001 0.002973 0.130901 0.866116
0.00001 0.00001 0.242891 0.757089
0.00001 0.023416 0.034204 0.942369
0.00001 0.024484 0.00001 0.975496
0.009331 0.00001 0.078777 0.911882
0.003208 0.00001 0.00001 0.996772
0.00001 0.00001 0.00001 0.99997
0.00001 0.00001 0.00001 0.99997
0.00001 0.00001 0.233954 0.766026
0.006303 0.00001 0.118028 0.875659
0.00001 0.00001 0.141839 0.858141
0.00001 0.00001 0.170095 0.829885
0.00001 0.003624 0.168273 0.828093
0.00001 0.00001 0.025563 0.974417
0.00001 0.00001 0.075591 0.924389
0.00001 0.00001 0.121551 0.878429
0.00001 0.00001 0.019083 0.980897
0.00001 0.002353 0.076404 0.921233
0.00001 0.00001 0.071624 0.928356
0.00001 0.00001 0.119162 0.880818
0.00001 0.00001 0.141325 0.858655
0.00001 0.00001 0.043802 0.956178
0.00001 0.00001 0.00001 0.99997
0.00001 0.00001 0.025716 0.974264
0.00001 0.00001 0.136125 0.863855
0.00001 0.00001 0.21209 0.78789
0.00001 0.00001 0.15307 0.84691
0.00001 0.00001 0.148796 0.851184
0.00001 0.00001 0.134789 0.865191
0.00001 0.00001 0.175373 0.824607
0.00001 0.00001 0.160835 0.839145
0.00001 0.00001 0.058497 0.941483
0.00001 0.00001 0.175756 0.824224
0.00001 0.00001 0.181244 0.818736
0.00001 0.00001 0.301478 0.698502
0.00001 0.00001 0.314682 0.685298
0.00001 0.00001 0.298349 0.701631
0.00001 0.00001 0.251381 0.748599
0.00001 0.00001 0.132117 0.867863
0.00001 0.00001 0.197637 0.802343
0.00001 0.00001 0.325657 0.674323
0.00001 0.00001 0.303797 0.696183
0.00001 0.00001 0.31853 0.68145
0.00001 0.00001 0.00001 0.99997
0.00001 0.00001 0.00001 0.99997
0.00001 0.00001 0.153742 0.846238
0.00001 0.00001 0.199102 0.800878
0.00001 0.00001 0.00001 0.99997
0.010099 0.00001 0.120045 0.869846
0.00001 0.00001 0.716828 0.283152
0.00001 0.00001 0.466819 0.533161
0.00001 0.00001 0.468609 0.531371
0.00001 0.00001 0.702578 0.297402
0.00001 0.00001 0.665945 0.334035
0.00001 0.00001 0.428785 0.571195
0.00001 0.00001 0.499549 0.500431
0.00001 0.00001 0.636424 0.363556
0.00001 0.00001 0.767708 0.232272
0.00001 0.00001 0.300763 0.699217
0.00001 0.00001 0.420761 0.579219
0.00001 0.00001 0.641389 0.358591
0.00001 0.00001 0.652428 0.347552
0.00001 0.00001 0.317958 0.682022
0.00001 0.00001 0.566171 0.433809
0.00001 0.00001 0.548376 0.451604
0.00001 0.00001 0.63605 0.36393
0.00001 0.00001 0.639889 0.360091
0.00001 0.00001 0.645854 0.354126
0.00001 0.00001 0.475979 0.524001
0.00001 0.00001 0.312533 0.687447
0.00001 0.00001 0.693329 0.306651
0.00001 0.00001 0.710624 0.289356
0.00001 0.00001 0.708939 0.291041
0.00001 0.00001 0.390711 0.609269
0.00001 0.00001 0.583338 0.416642
0.00001 0.00001 0.479076 0.520904
0.00001 0.00001 0.519661 0.480319
0.00001 0.00001 0.99997 0.00001
0.00001 0.00001 0.969437 0.030543
0.00001 0.00001 0.99997 0.00001
0.00001 0.00001 0.99997 0.00001
0.00001 0.00001 0.99997 0.00001
0.00001 0.00001 0.99997 0.00001
0.00001 0.00001 0.971965 0.028015
0.00001 0.00001 0.942841 0.057139
0.00001 0.00001 0.99997 0.00001
0.00001 0.00001 0.99997 0.00001
0.00001 0.00001 0.99997 0.00001
0.00001 0.00001 0.99997 0.00001
0.00001 0.00001 0.99997 0.00001
0.00001 0.00001 0.99997 0.00001
0.00001 0.00001 0.99997 0.00001
0.00001 0.00001 0.99997 0.00001
0.00001 0.00001 0.939221 0.060759
0.00001 0.00001 0.948641 0.051339
0.00001 0.00001 0.99997 0.00001
0.00001 0.00001 0.99997 0.00001
0.00001 0.00001 0.99997 0.00001
0.00001 0.00001 0.99997 0.00001
0.00001 0.00001 0.892241 0.107739
0.00001 0.00001 0.99997 0.00001
0.00001 0.00001 0.99997 0.00001
0.00001 0.00001 0.804501 0.195479
0.00001 0.00001 0.719049 0.280931
0.00001 0.00001 0.850971 0.149009
0.00001 0.00001 0.944238 0.055742
0.00001 0.00001 0.768261 0.231719
0.00001 0.00001 0.730464 0.269516
0.00001 0.00001 0.856645 0.143335
0.00001 0.00001 0.744591 0.255389
0.00001 0.00001 0.951999 0.047981
0.00001 0.00001 0.8179 0.18208
0.00001 0.00001 0.814564 0.185416
0.00001 0.00001 0.835842 0.164138
0.00001 0.00001 0.91986 0.08012
0.00001 0.00001 0.82989 0.17009
0.00001 0.00001 0.795522 0.204458
0.00001 0.00001 0.778741 0.221239
0.00001 0.00001 0.832656 0.167324
0.00001 0.00001 0.80085 0.19913
0.00001 0.00001 0.858888 0.141092
0.00001 0.00001 0.742376 0.257604
0.00001 0.00001 0.825582 0.174398
0.00001 0.00001 0.842668 0.157312
0.00001 0.00001 0.805107 0.194873
0.00001 0.00001 0.944016 0.055964
0.00001 0.00001 0.818252 0.181728
0.00001 0.00001 0.799106 0.200874
0.00001 0.00001 0.77603 0.22395
0.00001 0.00001 0.862399 0.137581
0.00001 0.00001 0.902009 0.097971
0.00001 0.00001 0.93246 0.06752
0.00001 0.00001 0.810639 0.189341
0.00001 0.00001 0.826317 0.173663
0.00001 0.00001 0.846506 0.153474
0.00001 0.00001 0.968016 0.031964
0.00001 0.00001 0.831805 0.168175
0.00001 0.00001 0.99997 0.00001
0.00001 0.00001 0.889604 0.110376
0.00001 0.00001 0.99997 0.00001
0.00001 0.00001 0.991627 0.008353
0.00001 0.00001 0.894857 0.105123
0.00001 0.00001 0.950769 0.049211
0.00001 0.00001 0.838212 0.161768
0.00001 0.00001 0.805663 0.194317
0.00001 0.00001 0.961615 0.038365
0.00001 0.00001 0.904927 0.095053
0.00001 0.00001 0.867048 0.132932
0.00001 0.00001 0.96378 0.0362
0.00001 0.00001 0.868497 0.131483
0.00001 0.00001 0.829025 0.170955
0.00001 0.00001 0.873632 0.126348
0.00001 0.00001 0.897423 0.102557
0.00001 0.00001 0.867639 0.132341
0.00001 0.00001 0.942263 0.057717
0.00001 0.00001 0.866863 0.133117
0.00001 0.00001 0.778312 0.221668
0.00001 0.00001 0.99997 0.00001
0.00001 0.00001 0.76092 0.23906
0.00001 0.00001 0.924779 0.075201
0.00001 0.00001 0.865811 0.134169
0.00001 0.00001 0.827952 0.172028
0.00001 0.00001 0.868813 0.131167
0.00001 0.00001 0.826786 0.173194
0.00001 0.00001 0.793472 0.206508
0.00001 0.00001 0.804434 0.195546
