0.00001 0.00001 0.00001 0.99996 0.00001
0.00001 0.00001 0.00001 0.99996 0.00001
0.00001 0.00001 0.00001 0.99996 0.00001
0.00001 0.000019 0.00001 0.999951 0.00001
0.00001 0.00001 0.00001 0.99996 0.00001
0.00001 0.00001 0.00001 0.99996 0.00001
0.38585 0.00001 0.00001 0.61412 0.00001
0.333245 0.00001 0.008265 0.65847 0.00001
0.00001 0.00001 0.00001 0.99996 0.00001
0.00001 0.00001 0.00001 0.99996 0.00001
0.00001 0.00001 0.00001 0.99996 0.00001
0.00001 0.00001 0.00001 0.99996 0.00001
0.295324 0.00001 0.00001 0.704646 0.00001
0.463118 0.025379 0.05335 0.458143 0.00001
0.00001 0.00001 0.005793 0.994177 0.00001
0.00001 0.00001 0.00001 0.99996 0.00001
0.00001 0.00001 0.00001 0.99996 0.00001
0.00001 0.00001 0.012784 0.987186 0.00001
0.00001 0.00001 0.00001 0.99996 0.00001
0.483201 0.00001 0.00001 0.516769 0.00001
0.00001 0.00001 0.00001 0.99996 0.00001
0.511735 0.00001 0.00001 0.488235 0.00001
0.99996 0.00001 0.00001 0.00001 0.00001
0.906592 0.020314 0.073074 0.00001 0.00001
0.787276 0.00001 0.00001 0.212694 0.00001
0.848135 0.00001 0.00001 0.151835 0.00001
0.762803 0.02528 0.034811 0.177097 0.00001
0.749432 0.00001 0.032787 0.217762 0.00001
0.751991 0.00001 0.036683 0.211306 0.00001
0.626862 0.00001 0.022076 0.351042 0.00001
0.717386 0.00001 0.033911 0.248682 0.00001
0.751825 0.00001 0.00001 0.246698 0.001457
0.654941 0.021703 0.038417 0.284928 0.00001
0.767056 0.00001 0.039798 0.193126 0.00001
0.933143 0.00001 0.010644 0.056193 0.00001
0.962361 0.00001 0.037609 0.00001 0.00001
0.819543 0.00001 0.00001 0.180427 0.00001
0.721599 0.00001 0.038017 0.240364 0.00001
0.701796 0.00001 0.029144 0.26904 0.00001
0.815666 0.00001 0.088591 0.095722 0.00001
0.844633 0.00001 0.061992 0.093355 0.00001
0.975008 0.00001 0.024962 0.00001 0.00001
0.823098 0.016949 0.00001 0.159933 0.00001
0.683091 0.044641 0.060274 0.211984 0.00001
0.697665 0.00001 0.030047 0.272268 0.00001
0.818453 0.00001 0.002574 0.178953 0.00001
0.848598 0.00001 0.049872 0.10151 0.00001
0.690438 0.00001 0.061045 0.248497 0.00001
0.794908 0.00001 0.058277 0.146795 0.00001
0.627679 0.01099 0.063457 0.297864 0.00001
0.66624 0.00001 0.066447 0.267293 0.00001
0.732434 0.00001 0.074822 0.192723 0.00001
0.985257 0.00001 0.014713 0.00001 0.00001
0.824225 0.00001 0.05684 0.118915 0.00001
0.904061 0.004443 0.0877 0.003786 0.00001
0.767421 0.00001 0.064501 0.168059 0.00001
0.600808 0.015691 0.023506 0.359985 0.00001
0.988771 0.00001 0.007802 0.003406 0.00001
0.792601 0.00001 0.00001 0.207369 0.00001
0.742546 0.024332 0.00001 0.233102 0.00001
0.974414 0.00001 0.025556 0.00001 0.00001
0.752526 0.00001 0.034365 0.213088 0.00001
0.752809 0.00001 0.073396 0.173775 0.00001
0.744447 0.010868 0.00001 0.244665 0.00001
0.496313 0.00001 0.063534 0.440133 0.00001
0.750931 0.00001 0.028933 0.220116 0.00001
0.837222 0.00001 0.010135 0.152622 0.00001
0.743676 0.00001 0.024708 0.231597 0.00001
0.71786 0.00001 0.064191 0.217929 0.00001
0.757961 0.00001 0.054463 0.187556 0.00001
0.682177 0.00001 0.030375 0.287428 0.00001
0.747527 0.005796 0.00001 0.246657 0.00001
0.85984 0.00001 0.00001 0.14013 0.00001
0.727366 0.00001 0.049603 0.223011 0.00001
0.68551 0.00001 0.00898 0.305491 0.00001
0.670545 0.00001 0.071304 0.258132 0.00001
0.796373 0.00001 0.000655 0.202952 0.00001
0.683015 0.00001 0.00001 0.316955 0.00001
0.713679 0.007799 0.025641 0.252872 0.00001
0.763948 0.00001 0.026085 0.209947 0.00001
0.00001 0.00001 0.99996 0.00001 0.00001
0.788833 0.000016 0.02524 0.185902 0.00001
0.917607 0.00001 0.072763 0.00961 0.00001
0.621478 0.00001 0.033239 0.345263 0.00001
0.771043 0.00001 0.057153 0.171784 0.00001
0.677787 0.00001 0.086552 0.235641 0.00001
0.918943 0.00001 0.000232 0.080805 0.00001
0.874923 0.00001 0.00001 0.125047 0.00001
0.709127 0.000011 0.060175 0.230677 0.00001
0.621983 0.00001 0.034917 0.34308 0.00001
0.800367 0.00001 0.012062 0.187551 0.00001
0.797521 0.014125 0.00001 0.188334 0.00001
0.623648 0.00001 0.00001 0.373212 0.003121
0.965745 0.00001 0.034225 0.00001 0.00001
0.596431 0.00001 0.070357 0.333192 0.00001
0.993452 0.00001 0.006518 0.00001 0.00001
0.815864 0.00001 0.048691 0.135425 0.00001
0.808651 0.00001 0.072776 0.118553 0.00001
0.630061 0.00001 0.060652 0.309266 0.00001
0.980302 0.00001 0.019668 0.00001 0.00001
0.709778 0.00001 0.052753 0.237448 0.00001
0.686645 0.00001 0.031632 0.281702 0.00001
0.846024 0.00001 0.046527 0.107428 0.00001
0.760565 0.00001 0.00001 0.239405 0.00001
0.817188 0.002573 0.022596 0.157633 0.00001
0.966767 0.00001 0.00001 0.033203 0.00001
0.779366 0.00001 0.073076 0.147538 0.00001
0.722502 0.00001 0.00001 0.277468 0.00001
0.700228 0.000237 0.040255 0.25927 0.00001
0.944253 0.00001 0.055717 0.00001 0.00001
0.957327 0.00001 0.042643 0.00001 0.00001
0.841797 0.00001 0.00001 0.158173 0.00001
0.709391 0.00001 0.00001 0.290579 0.00001
0.771517 0.00001 0.025502 0.202962 0.00001
0.788939 0.00001 0.00001 0.211031 0.00001
0.951079 0.00001 0.020411 0.02849 0.00001
0.787972 0.00001 0.03345 0.178559 0.00001
0.78065 0.00001 0.029334 0.189996 0.00001
0.624586 0.00001 0.052253 0.323141 0.00001
0.693769 0.003442 0.008564 0.294215 0.00001
0.661432 0.00001 0.050477 0.288071 0.00001
0.868633 0.00001 0.025141 0.106206 0.00001
0.746997 0.00001 0.068541 0.184442 0.00001
0.838452 0.00001 0.00001 0.161518 0.00001
0.800576 0.00001 0.00001 0.199394 0.00001
0.947169 0.00001 0.021312 0.026766 0.004742
0.974886 0.00001 0.025084 0.00001 0.00001
0.799778 0.00001 0.074018 0.126184 0.00001
0.00001 0.00001 0.99996 0.00001 0.00001
0.824861 0.00001 0.000015 0.175104 0.00001
0.76874 0.028199 0.02737 0.17568 0.00001
0.334708 0.393595 0.047772 0.129679 0.094246
0.334029 0.387807 0.047964 0.148341 0.081859
0.543831 0.249196 0.042082 0.027282 0.137609
0.621834 0.16159 0.045789 0.092333 0.078454
0.688929 0.186846 0.044126 0.036517 0.043582
0.618394 0.196945 0.030448 0.110023 0.04419
0.167927 0.529667 0.00001 0.032239 0.270158
0.330914 0.442641 0.051632 0.086685 0.088128
0.191094 0.475996 0.029822 0.1309 0.172188
0.541938 0.178051 0.043893 0.135869 0.10025
0.587116 0.191834 0.086585 0.13076 0.003705
0.05257 0.568145 0.047723 0.00001 0.331552
0.193533 0.644957 0.00001 0.110057 0.051444
0.117056 0.495223 0.01015 0.0936 0.283972
0.13734 0.665432 0.028308 0.037846 0.131074
0.648935 0.177617 0.04392 0.052666 0.076861
0.541946 0.174064 0.053522 0.180959 0.049509
0.541224 0.238548 0.0263 0.080512 0.113416
0.546002 0.274371 0.00001 0.179607 0.00001
0.609139 0.221474 0.000012 0.169365 0.00001
0.619402 0.193157 0.032054 0.155377 0.00001
0.574738 0.110875 0.048051 0.266326 0.00001
0.59172 0.203011 0.045896 0.00001 0.159363
0.616511 0.262024 0.00458 0.078903 0.037982
0.608806 0.356955 0.01975 0.014479 0.00001
0.498375 0.063638 0.006398 0.226725 0.204865
0.670524 0.118847 0.029448 0.131309 0.049871
0.513497 0.202732 0.032227 0.220598 0.030947
0.632483 0.185629 0.006077 0.175801 0.00001
0.625969 0.111401 0.00001 0.171495 0.091126
0.495774 0.248139 0.042345 0.144767 0.068975
0.614692 0.092131 0.091609 0.128383 0.073184
0.629785 0.131489 0.039834 0.135311 0.063581
0.5862 0.049776 0.048277 0.149388 0.166358
0.582314 0.146711 0.00001 0.203739 0.067226
0.593198 0.218738 0.00001 0.149061 0.038993
0.566898 0.20459 0.00001 0.228492 0.00001
0.649969 0.147951 0.109239 0.047609 0.045232
0.588197 0.218169 0.040205 0.153418 0.00001
0.638335 0.14702 0.070774 0.08815 0.055721
0.501854 0.456277 0.00001 0.041849 0.00001
0.623047 0.202052 0.00001 0.108318 0.066573
0.585358 0.105253 0.047903 0.193679 0.067808
0.694602 0.00001 0.00001 0.221784 0.083594
0.00001 0.871126 0.00001 0.00001 0.128844
0.005268 0.817966 0.00001 0.00001 0.176746
0.00001 0.911809 0.00001 0.00001 0.088161
0.00001 0.99996 0.00001 0.00001 0.00001
0.00001 0.895592 0.00001 0.00001 0.104378
0.00001 0.868683 0.00001 0.00001 0.131287
0.00001 0.907855 0.00001 0.00001 0.092115
0.00001 0.873212 0.00001 0.00001 0.126758
0.00001 0.831061 0.00001 0.00001 0.168909
0.00001 0.760362 0.00001 0.00001 0.239608
0.00001 0.99996 0.00001 0.00001 0.00001
0.00001 0.951995 0.00001 0.00001 0.047975
0.00001 0.888477 0.00001 0.00001 0.111493
0.00001 0.925134 0.00001 0.00001 0.074836
0.00001 0.99996 0.00001 0.00001 0.00001
0.00001 0.964504 0.00001 0.00001 0.035466
0.00001 0.879572 0.00001 0.00001 0.120398
0.00001 0.880951 0.005961 0.00001 0.113068
0.00001 0.779788 0.026749 0.00001 0.193443
0.00001 0.82657 0.00001 0.00001 0.1734
0.00001 0.923651 0.00001 0.00001 0.076319
0.00001 0.914478 0.00001 0.00001 0.085492
0.00001 0.801728 0.00001 0.00001 0.198242
0.00001 0.76335 0.00001 0.00001 0.23662
0.00001 0.875651 0.00001 0.00001 0.124319
0.00001 0.875212 0.00001 0.00001 0.124758
0.00001 0.848519 0.00001 0.00001 0.151451
0.00001 0.777526 0.00001 0.00001 0.222444
0.00001 0.894345 0.00001 0.00001 0.105625
0.00001 0.822075 0.00001 0.00001 0.177895
0.00001 0.912289 0.00001 0.00001 0.087681
0.00001 0.859026 0.013385 0.00001 0.127569
0.00001 0.893553 0.00001 0.00001 0.106417
0.00001 0.818605 0.00001 0.00001 0.181365
0.00001 0.943723 0.00001 0.00001 0.056247
0.00001 0.814048 0.00001 0.00001 0.185922
0.00001 0.979471 0.00001 0.00001 0.020499
0.00001 0.989646 0.00001 0.00001 0.010324
0.00001 0.946134 0.00001 0.00001 0.053836
0.00001 0.904674 0.00001 0.00001 0.095296
0.00001 0.777043 0.00001 0.00001 0.222927
0.00001 0.810469 0.00001 0.00001 0.189501
0.00001 0.958135 0.041835 0.00001 0.00001
0.00001 0.951171 0.038336 0.00001 0.010473
0.00001 0.705581 0.00001 0.00001 0.294389
0.00001 0.921489 0.00001 0.00001 0.078481
0.00001 0.736555 0.027595 0.00001 0.23583
0.031085 0.93596 0.00001 0.00001 0.032935
0.00001 0.773892 0.00001 0.00001 0.226078
0.00001 0.744961 0.00001 0.00001 0.255009
0.00001 0.872693 0.00001 0.00001 0.127277
0.00001 0.865872 0.00001 0.00001 0.134098
0.00001 0.963243 0.00001 0.00001 0.036727
0.00001 0.929817 0.00001 0.00001 0.070153
0.00001 0.910465 0.00001 0.00001 0.089505
0.00001 0.876318 0.00001 0.00001 0.123652
0.00001 0.925472 0.00001 0.00001 0.074498
0.00001 0.837674 0.00001 0.00001 0.162296
0.003347 0.870073 0.00001 0.00001 0.12656
0.00001 0.761638 0.00001 0.00001 0.238332
0.023994 0.946852 0.00001 0.00001 0.029134
0.00001 0.971237 0.028733 0.00001 0.00001
0.00001 0.886832 0.019082 0.00001 0.094066
0.00001 0.995669 0.00001 0.004301 0.00001
0.00001 0.99996 0.00001 0.00001 0.00001
0.00001 0.99996 0.00001 0.00001 0.00001
0.00001 0.766421 0.00001 0.000466 0.233092
0.00001 0.883791 0.00001 0.005425 0.110765
0.00001 0.862155 0.00001 0.00001 0.137815
0.00001 0.833723 0.00001 0.00001 0.166247
0.00001 0.797096 0.020498 0.00001 0.182386
0.00001 0.978763 0.00001 0.00001 0.021207
0.00001 0.929322 0.00001 0.00001 0.070648
0.00001 0.880885 0.00001 0.00001 0.119085
0.00001 0.986849 0.00001 0.00001 0.013121
0.00001 0.902265 0.010718 0.00001 0.086997
0.00001 0.932719 0.00001 0.00001 0.067251
0.00001 0.884161 0.00001 0.00001 0.115809
0.00001 0.862156 0.00001 0.00001 0.137814
0.00001 0.95886 0.000211 0.00001 0.04091
0.00001 0.99996 0.00001 0.00001 0.00001
0.00001 0.976902 0.00001 0.00001 0.023068
0.000011 0.866077 0.00001 0.00001 0.133893
0.00001 0.794029 0.00001 0.00001 0.205941
0.00001 0.852209 0.00001 0.00001 0.147761
0.00001 0.855555 0.00001 0.00001 0.144415
0.00001 0.870847 0.00001 0.00001 0.129123
0.00001 0.828747 0.00001 0.00001 0.171223
0.00001 0.846423 0.00001 0.00001 0.153547
0.00001 0.944664 0.00001 0.00001 0.055306
0.00001 0.828771 0.000229 0.00001 0.17098
0.00001 0.82158 0.00001 0.00001 0.17839
0.00001 0.704237 0.00001 0.00001 0.295733
0.00001 0.688296 0.00001 0.00001 0.311674
0.00001 0.706855 0.00001 0.00001 0.293115
0.00001 0.752975 0.00001 0.00001 0.246995
0.00001 0.873657 0.00001 0.00001 0.126313
0.00001 0.808478 0.00001 0.00001 0.191492
0.00001 0.67881 0.00001 0.00001 0.32116
0.00001 0.70289 0.00001 0.00001 0.29708
0.00001 0.687201 0.00001 0.00001 0.312769
0.00001 0.99996 0.00001 0.00001 0.00001
0.00001 0.99996 0.00001 0.00001 0.00001
0.00001 0.847275 0.00001 0.00001 0.152695
0.00001 0.789606 0.007021 0.00001 0.203353
0.00001 0.99996 0.00001 0.00001 0.00001
0.00001 0.86856 0.00001 0.011811 0.119609
0.00001 0.291766 0.00001 0.00001 0.708204
0.00001 0.538485 0.00001 0.00001 0.461485
0.00001 0.536948 0.00001 0.00001 0.463022
0.00001 0.303534 0.00001 0.00001 0.696436
0.00001 0.338766 0.00001 0.00001 0.661204
0.00001 0.576066 0.00001 0.00001 0.423904
0.00001 0.507629 0.00001 0.00001 0.492341
0.00001 0.369433 0.00001 0.00001 0.630537
0.00001 0.238179 0.00001 0.00001 0.761791
0.00001 0.705106 0.00001 0.00001 0.294864
0.00001 0.583009 0.00001 0.00001 0.416961
0.00001 0.365945 0.00001 0.00001 0.634025
0.00001 0.356 0.00001 0.00001 0.64397
0.00001 0.688192 0.00001 0.00001 0.311778
0.00001 0.440385 0.00001 0.00001 0.559585
0.00001 0.457015 0.00001 0.00001 0.542955
0.00001 0.371619 0.00001 0.00001 0.628351
0.00001 0.365204 0.00001 0.00001 0.634766
0.00001 0.363126 0.00001 0.00001 0.636844
0.00001 0.530326 0.00001 0.00001 0.469644
0.00001 0.695968 0.00001 0.00001 0.304002
0.00001 0.31226 0.00001 0.00001 0.68771
0.00001 0.298382 0.00001 0.00001 0.701588
0.00001 0.298699 0.00001 0.00001 0.701271
0.00001 0.61716 0.00001 0.00001 0.38281
0.00001 0.422443 0.00001 0.00001 0.577527
0.00001 0.527115 0.00001 0.00001 0.472855
0.00001 0.486459 0.00001 0.00001 0.513511
0.00001 0.00001 0.00001 0.00001 0.99996
0.00001 0.039681 0.00001 0.00001 0.960289
0.00001 0.00001 0.00001 0.00001 0.99996
0.00001 0.00001 0.00001 0.00001 0.99996
0.00001 0.00001 0.00001 0.00001 0.99996
0.00001 0.00001 0.00001 0.00001 0.99996
0.00001 0.036398 0.00001 0.00001 0.963572
0.00001 0.067029 0.00001 0.00001 0.932941
0.00001 0.00001 0.00001 0.00001 0.99996
0.00001 0.00001 0.00001 0.00001 0.99996
0.00001 0.00001 0.00001 0.00001 0.99996
0.00001 0.00001 0.00001 0.00001 0.99996
0.00001 0.00001 0.00001 0.00001 0.99996
0.00001 0.00001 0.00001 0.00001 0.99996
0.00001 0.00001 0.00001 0.00001 0.99996
0.00001 0.00001 0.00001 0.00001 0.99996
0.00001 0.067291 0.00001 0.00001 0.932679
0.00001 0.059768 0.00001 0.00001 0.940202
0.00001 0.00001 0.00001 0.00001 0.99996
0.00001 0.00001 0.00001 0.00001 0.99996
0.00001 0.00001 0.00001 0.00001 0.99996
0.00001 0.00001 0.00001 0.00001 0.99996
0.00001 0.112935 0.00001 0.00001 0.887035
0.00001 0.00001 0.00001 0.00001 0.99996
0.00001 0.00001 0.00001 0.00001 0.99996
0.00001 0.20211 0.00001 0.00001 0.79786
0.00001 0.288427 0.00001 0.00001 0.711543
0.00001 0.157571 0.00001 0.00001 0.842399
0.00001 0.065305 0.00001 0.00001 0.934665
0.00001 0.240853 0.00001 0.00001 0.759117
0.00001 0.277581 0.00001 0.00001 0.722389
0.00001 0.152294 0.00001 0.00001 0.847676
0.00001 0.260926 0.00001 0.00001 0.739044
0.00001 0.059972 0.00001 0.00001 0.939998
0.00001 0.187558 0.00001 0.00001 0.812412
0.00001 0.19072 0.00001 0.00001 0.80925
0.00001 0.171955 0.00001 0.00001 0.828015
0.00001 0.088415 0.00001 0.00001 0.911555
0.00001 0.177084 0.00001 0.00001 0.822886
0.00001 0.211022 0.00001 0.00001 0.788948
0.00001 0.230164 0.00001 0.00001 0.769806
0.00001 0.175195 0.00001 0.00001 0.824775
0.00001 0.211268 0.00001 0.00001 0.788702
0.00001 0.147751 0.00001 0.00001 0.852219
0.00001 0.26071 0.00001 0.00001 0.73926
0.00001 0.179604 0.00001 0.00001 0.820366
0.00001 0.166817 0.00001 0.00001 0.833153
0.00001 0.203569 0.00001 0.00001 0.796401
0.00001 0.066354 0.00001 0.00001 0.933616
0.00001 0.187417 0.00001 0.00001 0.812553
0.00001 0.209636 0.00001 0.00001 0.790334
0.00001 0.231187 0.00001 0.00001 0.768783
0.00001 0.146978 0.00001 0.00001 0.852992
0.00001 0.107444 0.00001 0.00001 0.892526
0.00001 0.077675 0.00001 0.00001 0.922295
0.00001 0.196553 0.00001 0.00001 0.803417
0.00001 0.182103 0.00001 0.00001 0.817867
0.00001 0.161917 0.00001 0.00001 0.838053
0.00001 0.041506 0.00001 0.00001 0.958464
0.00001 0.177209 0.00001 0.00001 0.822761
0.00001 0.00001 0.00001 0.00001 0.99996
0.00001 0.121288 0.00001 0.00001 0.878682
0.00001 0.00001 0.00001 0.00001 0.99996
0.00001 0.017845 0.00001 0.00001 0.982125
0.00001 0.115724 0.00001 0.00001 0.884246
0.00001 0.059598 0.00001 0.00001 0.940372
0.00001 0.168361 0.00001 0.00001 0.831609
0.00001 0.203834 0.00001 0.00001 0.796136
0.00001 0.049615 0.00001 0.00001 0.950355
0.00001 0.103561 0.00001 0.00001 0.896409
0.00001 0.144482 0.00001 0.00001 0.855488
0.00001 0.043103 0.00001 0.00001 0.956867
0.00001 0.140845 0.00001 0.00001 0.859125
0.00001 0.180067 0.00001 0.00001 0.819903
0.00001 0.13522 0.00001 0.00001 0.86475
0.00001 0.111691 0.00001 0.00001 0.888279
0.00001 0.141747 0.00001 0.00001 0.858223
0.00001 0.067421 0.00001 0.00001 0.932549
0.00001 0.141359 0.00001 0.00001 0.858611
0.00001 0.226247 0.00001 0.00001 0.773723
0.00001 0.00001 0.00001 0.00001 0.99996
0.00001 0.246848 0.00001 0.00001 0.753122
0.00001 0.08489 0.00001 0.00001 0.91508
0.00001 0.140891 0.00001 0.00001 0.859079
0.00001 0.179958 0.00001 0.00001 0.820012
0.00001 0.139613 0.00001 0.00001 0.860357
0.00001 0.179362 0.00001 0.00001 0.820608
0.00001 0.212247 0.00001 0.00001 0.787723
0.00001 0.202939 0.00001 0.00001 0.797031
