0.00001 0.00001 0.00001 0.00001 0.99996
0.00001 0.00001 0.00001 0.00001 0.99996
0.00001 0.00001 0.00001 0.00001 0.99996
0.00001 0.00001 0.00001 0.00001 0.99996
0.00001 0.00001 0.00001 0.00001 0.99996
0.00001 0.00001 0.00001 0.00001 0.99996
0.00001 0.000017 0.00001 0.311711 0.688252
0.000014 0.00001 0.00001 0.00001 0.999956
0.00001 0.00001 0.00001 0.00001 0.99996
0.00001 0.00001 0.00001 0.00001 0.99996
0.00001 0.00001 0.00001 0.00001 0.99996
0.00001 0.00001 0.00001 0.00001 0.99996
0.00001 0.00001 0.00001 0.00001 0.99996
0.00001 0.028579 0.00001 0.463066 0.508335
0.00001 0.00001 0.00001 0.00001 0.99996
0.00001 0.00001 0.00001 0.00001 0.99996
0.00001 0.00001 0.00001 0.00001 0.99996
0.00001 0.00001 0.00001 0.00001 0.99996
0.00001 0.00001 0.00001 0.00001 0.99996
0.00001 0.00001 0.00001 0.433791 0.566179
0.00001 0.00001 0.00001 0.00001 0.99996
0.00001 0.00001 0.00001 0.481368 0.518602
0.00001 0.00001 0.00001 0.99996 0.00001
0.00001 0.024714 0.00001 0.975256 0.00001
0.00001 0.00001 0.00001 0.707428 0.292542
0.00001 0.00001 0.00001 0.787645 0.212325
0.029715 0.00001 0.00001 0.743457 0.226807
0.00001 0.00001 0.00001 0.743832 0.256138
0.00001 0.000994 0.00001 0.736759 0.262227
0.00001 0.00001 0.00001 0.617236 0.382734
0.00001 0.00001 0.00001 0.707006 0.292964
0.00001 0.00001 0.002533 0.700768 0.296679
0.024538 0.00001 0.00001 0.628275 0.347166
0.00001 0.00001 0.00001 0.766013 0.233957
0.00001 0.00001 0.00001 0.900492 0.099478
0.00001 0.00001 0.00001 0.99996 0.00001
0.000952 0.00001 0.00001 0.79285 0.206178
0.00001 0.00001 0.00001 0.730913 0.269057
0.00001 0.000017 0.00001 0.671872 0.328091
0.00001 0.00001 0.00001 0.878204 0.121766
0.00001 0.00001 0.00001 0.862931 0.137039
0.00001 0.00001 0.00001 0.99996 0.00001
0.022051 0.000011 0.00001 0.769344 0.208585
0.00001 0.048941 0.00001 0.692747 0.258292
0.008891 0.00001 0.00001 0.662003 0.329087
0.00001 0.00001 0.00001 0.776892 0.223078
0.00001 0.00001 0.00001 0.883116 0.116854
0.00001 0.00001 0.00001 0.696582 0.303388
0.00001 0.00001 0.00001 0.796703 0.203267
0.00001 0.015637 0.00001 0.622937 0.361406
0.002091 0.00001 0.00001 0.657514 0.340374
0.00001 0.00649 0.00001 0.745618 0.247872
0.00001 0.00001 0.00001 0.99996 0.00001
0.00001 0.00001 0.00001 0.86066 0.13931
0.016372 0.00001 0.00001 0.983598 0.00001
0.00001 0.00001 0.00001 0.80503 0.19494
0.00001 0.017456 0.00001 0.597403 0.385121
0.00001 0.001106 0.00001 0.900328 0.098546
0.00001 0.00001 0.00001 0.732916 0.267054
0.00001 0.025591 0.00001 0.690254 0.284135
0.00001 0.00001 0.00001 0.99996 0.00001
0.00001 0.00001 0.00001 0.753546 0.246424
0.00001 0.00001 0.00001 0.763436 0.236534
0.00001 0.011631 0.00001 0.687065 0.301284
0.00001 0.00001 0.00001 0.512115 0.487855
0.00001 0.00001 0.00001 0.740255 0.259715
0.00001 0.00001 0.00001 0.82812 0.17185
0.00001 0.00001 0.00001 0.721189 0.278781
0.00001 0.00001 0.004724 0.736879 0.258377
0.00001 0.00001 0.00001 0.778149 0.221821
0.00001 0.00001 0.00001 0.687594 0.312376
0.008776 0.00001 0.00001 0.701668 0.289536
0.00001 0.00001 0.00001 0.797127 0.202843
0.00001 0.00001 0.00001 0.742691 0.257279
0.00001 0.00001 0.00001 0.664767 0.335203
0.006561 0.00001 0.00001 0.692928 0.300491
0.00001 0.00001 0.00001 0.758625 0.241345
0.00001 0.00001 0.00001 0.638938 0.361032
0.00001 0.009129 0.00001 0.699139 0.291713
0.00001 0.00001 0.00001 0.751947 0.248023
0.00001 0.076874 0.00001 0.584105 0.339001
0.00001 0.00001 0.00001 0.786416 0.213554
0.00001 0.00001 0.00001 0.99996 0.00001
0.00001 0.00001 0.00001 0.615263 0.384707
0.00001 0.00001 0.00001 0.799524 0.200446
0.00001 0.004393 0.00001 0.715295 0.280293
0.00001 0.00001 0.00001 0.837193 0.162777
0.00001 0.00001 0.00001 0.835743 0.164227
0.006227 0.00001 0.00001 0.707033 0.28672
0.000018 0.00001 0.00001 0.613209 0.386753
0.00001 0.00001 0.00001 0.777867 0.222103
0.013181 0.000596 0.00001 0.766615 0.219598
0.00001 0.00001 0.001819 0.573492 0.424669
0.00001 0.00001 0.00001 0.99996 0.00001
0.00001 0.00001 0.00001 0.613636 0.386334
0.00001 0.00001 0.00001 0.99996 0.00001
0.00001 0.00001 0.001972 0.827879 0.170129
0.00001 0.00001 0.00001 0.850376 0.149594
0.00001 0.00001 0.00001 0.652666 0.347304
0.00001 0.00001 0.00001 0.99996 0.00001
0.00001 0.00001 0.00001 0.714208 0.285762
0.00001 0.00001 0.00001 0.680875 0.319095
0.007219 0.00001 0.00001 0.833908 0.158852
0.004099 0.00001 0.00001 0.71511 0.280771
0.00001 0.003041 0.00001 0.802182 0.194756
0.00001 0.00001 0.00001 0.898952 0.101018
0.00001 0.00001 0.00001 0.813874 0.186096
0.00001 0.000013 0.00001 0.687195 0.312771
0.00001 0.001767 0.00001 0.701403 0.29681
0.00001 0.00001 0.00001 0.99996 0.00001
0.00001 0.00001 0.00001 0.99996 0.00001
0.00001 0.00001 0.00001 0.804721 0.195249
0.00001 0.00001 0.00001 0.672758 0.327212
0.00001 0.00001 0.00001 0.754319 0.245651
0.00001 0.00001 0.00001 0.732541 0.267429
0.00001 0.00001 0.00001 0.907768 0.092202
0.00001 0.00001 0.00001 0.762441 0.237529
0.00001 0.00001 0.00001 0.765471 0.234499
0.00001 0.00001 0.00001 0.608704 0.391266
0.00001 0.004998 0.00001 0.643848 0.351134
0.00001 0.00001 0.00001 0.662696 0.337274
0.00001 0.00001 0.00001 0.861319 0.138651
0.00001 0.00001 0.00001 0.785994 0.213976
0.00001 0.00001 0.00001 0.783397 0.216573
0.00001 0.00001 0.00001 0.73007 0.2699
0.00001 0.00001 0.005429 0.96911 0.025441
0.00001 0.00001 0.00001 0.99996 0.00001
0.00001 0.00001 0.00001 0.866607 0.133363
0.00001 0.001162 0.00001 0.998808 0.00001
0.00001 0.00001 0.00001 0.779942 0.220028
0.031003 0.00001 0.00001 0.749067 0.21991
0.136807 0.348637 0.005725 0.348395 0.160436
0.00001 0.364506 0.107155 0.354852 0.173478
0.04629 0.212445 0.129574 0.549201 0.06249
0.139973 0.103295 0.00001 0.622708 0.134013
0.033616 0.164546 0.033957 0.706431 0.061449
0.00001 0.193898 0.048122 0.597886 0.160084
0.134684 0.450202 0.215374 0.158731 0.041009
0.060369 0.392299 0.080748 0.332676 0.133908
0.133739 0.385838 0.130527 0.198244 0.151653
0.00001 0.156961 0.122899 0.545262 0.174867
0.029399 0.151837 0.018439 0.62899 0.171335
0.086874 0.513477 0.298302 0.101337 0.00001
0.00001 0.605197 0.091264 0.190931 0.112597
0.148478 0.406729 0.225174 0.117762 0.101857
0.164279 0.569332 0.06569 0.145082 0.055618
0.001029 0.160673 0.094063 0.642217 0.102018
0.00001 0.168479 0.057585 0.562691 0.211235
0.107252 0.188876 0.057168 0.553607 0.093097
0.064128 0.209906 0.00001 0.506178 0.219778
0.00001 0.2211 0.00001 0.585876 0.193003
0.071337 0.12371 0.00001 0.618108 0.186836
0.00001 0.113637 0.00001 0.560424 0.325919
0.05388 0.168953 0.141315 0.635842 0.00001
0.081504 0.218353 0.00001 0.594746 0.105388
0.075762 0.282039 0.00001 0.622431 0.019758
0.049174 0.040432 0.179244 0.474958 0.256192
0.066424 0.085834 0.017867 0.65974 0.170135
0.00001 0.18647 0.04846 0.517751 0.247309
0.030788 0.154537 0.00001 0.616085 0.198579
0.032759 0.072998 0.096142 0.594284 0.203818
0.0981 0.204095 0.017312 0.503796 0.176697
0.00001 0.100324 0.070994 0.654532 0.17414
0.00001 0.125004 0.071279 0.631249 0.172459
0.045883 0.021399 0.150695 0.588836 0.193187
0.074836 0.113863 0.02463 0.553565 0.233106
0.026482 0.204247 0.026666 0.557959 0.184645
0.048871 0.155296 0.00001 0.517138 0.278685
0.016494 0.131512 0.05125 0.676375 0.124368
0.00001 0.219899 0.00001 0.587314 0.192768
0.044778 0.117176 0.044709 0.673636 0.119701
0.015305 0.441212 0.00001 0.473499 0.069975
0.008852 0.183716 0.075355 0.596843 0.135233
0.00251 0.087566 0.084521 0.611834 0.213569
0.085696 0.00001 0.00001 0.636697 0.277588
0.11365 0.791173 0.095158 0.00001 0.00001
0.000011 0.78259 0.21569 0.001699 0.00001
0.00001 0.88214 0.11783 0.00001 0.00001
0.123656 0.876314 0.00001 0.00001 0.00001
0.066506 0.829054 0.10442 0.00001 0.00001
0.114949 0.784347 0.100685 0.00001 0.00001
0.05312 0.845418 0.101442 0.00001 0.00001
0.17138 0.761322 0.067277 0.00001 0.00001
0.081069 0.761869 0.157033 0.000019 0.00001
0.121157 0.654918 0.223897 0.000018 0.00001
0.017214 0.982756 0.00001 0.00001 0.00001
0.00001 0.905901 0.094069 0.00001 0.00001
0.00001 0.866098 0.133872 0.00001 0.00001
0.00001 0.888868 0.111102 0.00001 0.00001
0.00001 0.974902 0.025068 0.00001 0.00001
0.00001 0.942639 0.057331 0.00001 0.00001
0.151733 0.775556 0.072691 0.00001 0.00001
0.09405 0.805846 0.100084 0.00001 0.00001
0.159337 0.682695 0.136181 0.00001 0.021777
0.218265 0.690106 0.091609 0.00001 0.00001
0.039649 0.849714 0.110617 0.00001 0.00001
0.199948 0.777684 0.022348 0.00001 0.00001
0.063266 0.721193 0.215521 0.00001 0.00001
0.053916 0.701086 0.244977 0.00001 0.00001
0.11142 0.777668 0.110892 0.00001 0.00001
0.212766 0.76126 0.025954 0.00001 0.00001
0.218319 0.736724 0.044936 0.00001 0.00001
0.021198 0.723473 0.255309 0.00001 0.00001
0.115825 0.812421 0.071735 0.00001 0.00001
0.138219 0.726391 0.13537 0.00001 0.00001
0.109008 0.820924 0.070049 0.00001 0.00001
0.056446 0.797654 0.141011 0.004879 0.00001
0.087953 0.814044 0.097983 0.00001 0.00001
0.115042 0.729145 0.155783 0.000019 0.00001
0.199362 0.800608 0.00001 0.00001 0.00001
0.095707 0.736197 0.168076 0.00001 0.00001
0.080004 0.874989 0.044987 0.00001 0.00001
0.092802 0.888666 0.018512 0.00001 0.00001
0.136041 0.847494 0.016445 0.00001 0.00001
0.00001 0.872872 0.127098 0.00001 0.00001
0.084575 0.691895 0.22351 0.00001 0.00001
0.037341 0.737825 0.224815 0.00001 0.00001
0.00001 0.961319 0.00001 0.038651 0.00001
0.082887 0.886137 0.00001 0.030955 0.00001
0.142561 0.621277 0.236141 0.00001 0.00001
0.059075 0.837494 0.103411 0.00001 0.00001
0.99996 0.00001 0.00001 0.00001 0.00001
0.132329 0.839659 0.00001 0.00001 0.027992
0.00001 0.733613 0.266357 0.00001 0.00001
0.125072 0.661483 0.213426 0.00001 0.00001
0.00001 0.82398 0.17599 0.00001 0.00001
0.00001 0.819253 0.180717 0.00001 0.00001
0.079441 0.874163 0.046376 0.00001 0.00001
0.00001 0.910587 0.089383 0.00001 0.00001
0.055191 0.844016 0.100773 0.00001 0.00001
0.126681 0.771598 0.101701 0.00001 0.00001
0.100577 0.834314 0.065089 0.00001 0.00001
0.110668 0.746374 0.142938 0.00001 0.00001
0.192673 0.733444 0.073855 0.000018 0.00001
0.00001 0.721507 0.278463 0.00001 0.00001
0.204246 0.7768 0.00001 0.018933 0.00001
0.266789 0.715037 0.00001 0.018153 0.00001
0.051767 0.844217 0.095045 0.00001 0.00896
0.034579 0.965343 0.00001 0.00001 0.000057
0.071965 0.928004 0.00001 0.00001 0.00001
0.085306 0.914664 0.00001 0.00001 0.00001
0.124668 0.680572 0.19474 0.00001 0.00001
0.085699 0.790695 0.117225 0.00001 0.006371
0.066945 0.783894 0.149141 0.00001 0.00001
0.118447 0.746508 0.135025 0.00001 0.00001
0.224554 0.660209 0.115217 0.00001 0.00001
0.208433 0.79153 0.000017 0.00001 0.00001
0.00001 0.899771 0.100199 0.00001 0.00001
0.099206 0.806197 0.094576 0.00001 0.00001
0.00001 0.938809 0.061161 0.00001 0.00001
0.075496 0.845077 0.076967 0.00245 0.00001
0.073829 0.861522 0.06463 0.00001 0.00001
0.039297 0.83418 0.126503 0.00001 0.00001
0.029356 0.803155 0.167469 0.00001 0.00001
0.00001 0.912009 0.087961 0.00001 0.00001
0.129228 0.870742 0.00001 0.00001 0.00001
0.192318 0.807652 0.00001 0.00001 0.00001
0.00001 0.809825 0.190145 0.00001 0.00001
0.083045 0.711049 0.205886 0.00001 0.00001
0.017811 0.796442 0.185727 0.00001 0.00001
0.098715 0.772158 0.129106 0.00001 0.00001
0.167931 0.759892 0.072157 0.00001 0.00001
0.053747 0.763529 0.182704 0.00001 0.00001
0.132729 0.749759 0.117492 0.00001 0.00001
0.073192 0.895557 0.031231 0.00001 0.00001
0.00001 0.788564 0.211406 0.00001 0.00001
0.120969 0.712885 0.166126 0.00001 0.00001
0.18711 0.592842 0.220027 0.00001 0.00001
0.181396 0.586484 0.2321 0.00001 0.00001
0.094974 0.620778 0.284228 0.00001 0.00001
0.022736 0.709413 0.26783 0.00001 0.00001
0.116168 0.784221 0.099591 0.00001 0.00001
0.00001 0.769841 0.230129 0.00001 0.00001
0.048458 0.626648 0.324875 0.00001 0.00001
0.00001 0.666513 0.333457 0.00001 0.00001
0.174871 0.580194 0.244914 0.00001 0.00001
0.122043 0.877927 0.00001 0.00001 0.00001
0.113117 0.886853 0.00001 0.00001 0.00001
0.099942 0.76163 0.138408 0.00001 0.00001
0.075603 0.735921 0.188452 0.000015 0.00001
0.00001 0.983846 0.016124 0.00001 0.00001
0.035634 0.806259 0.148671 0.00001 0.009427
0.09388 0.250916 0.655184 0.00001 0.00001
0.135868 0.456613 0.407498 0.00001 0.00001
0.078725 0.481499 0.439756 0.00001 0.00001
0.00001 0.279106 0.720864 0.00001 0.00001
0.118882 0.288495 0.592602 0.00001 0.00001
0.092884 0.507575 0.399521 0.00001 0.00001
0.00001 0.471773 0.528197 0.00001 0.00001
0.107647 0.306938 0.585395 0.00001 0.00001
0.076595 0.196344 0.727041 0.00001 0.00001
0.181183 0.580734 0.238062 0.00001 0.00001
0.99996 0.00001 0.00001 0.00001 0.00001
0.048405 0.320109 0.631466 0.00001 0.00001
0.114853 0.275964 0.609163 0.00001 0.00001
0.137924 0.585859 0.276197 0.00001 0.00001
0.081784 0.377817 0.54038 0.00001 0.00001
0.090152 0.400641 0.509187 0.00001 0.00001
0.041799 0.334677 0.623504 0.00001 0.00001
0.174333 0.282765 0.542882 0.00001 0.00001
0.030314 0.329095 0.640571 0.00001 0.00001
0.000012 0.503462 0.496506 0.00001 0.00001
0.00001 0.673459 0.326511 0.00001 0.00001
0.00001 0.302868 0.697102 0.00001 0.00001
0.12688 0.223458 0.649642 0.00001 0.00001
0.042581 0.269752 0.687646 0.00001 0.00001
0.99996 0.00001 0.00001 0.00001 0.00001
0.253718 0.28811 0.458151 0.00001 0.00001
0.140246 0.422221 0.437514 0.00001 0.00001
0.13193 0.407368 0.460682 0.00001 0.00001
0.018193 0.00001 0.981777 0.00001 0.00001
0.008872 0.031168 0.95994 0.00001 0.00001
0.00001 0.00001 0.99996 0.00001 0.00001
0.06891 0.00001 0.93106 0.00001 0.00001
0.00001 0.00001 0.99996 0.00001 0.00001
0.009928 0.00001 0.990042 0.00001 0.00001
0.133608 0.00001 0.866362 0.00001 0.00001
0.047533 0.033967 0.91848 0.00001 0.00001
0.00001 0.00001 0.99996 0.00001 0.00001
0.00001 0.00001 0.99996 0.00001 0.00001
0.088436 0.00001 0.911534 0.00001 0.00001
0.00001 0.00001 0.99996 0.00001 0.00001
0.079134 0.00001 0.920836 0.00001 0.00001
0.00001 0.00001 0.99996 0.00001 0.00001
0.00001 0.00001 0.99996 0.00001 0.00001
0.00001 0.00001 0.99996 0.00001 0.00001
0.00001 0.045135 0.954835 0.00001 0.00001
0.117933 0.00001 0.882037 0.00001 0.00001
0.00001 0.00001 0.99996 0.00001 0.00001
0.00001 0.00001 0.99996 0.00001 0.00001
0.002714 0.00001 0.997256 0.00001 0.00001
0.00001 0.00001 0.99996 0.00001 0.00001
0.00001 0.098417 0.901553 0.00001 0.00001
0.00001 0.00001 0.99996 0.00001 0.00001
0.00001 0.00001 0.99996 0.00001 0.00001
0.00001 0.198407 0.801563 0.00001 0.00001
0.02443 0.249405 0.726144 0.00001 0.00001
0.211854 0.011036 0.777091 0.00001 0.00001
0.00001 0.045476 0.954494 0.00001 0.00001
0.00001 0.236788 0.763182 0.00001 0.00001
0.074376 0.211996 0.713608 0.00001 0.00001
0.021277 0.128749 0.849954 0.00001 0.00001
0.00001 0.237092 0.762878 0.00001 0.00001
0.00001 0.055644 0.944326 0.00001 0.00001
0.050819 0.163432 0.785729 0.00001 0.00001
0.10396 0.119596 0.776424 0.00001 0.00001
0.170198 0.107455 0.722327 0.00001 0.00001
0.113385 0.045346 0.84125 0.00001 0.00001
0.00001 0.173958 0.826012 0.00001 0.00001
0.017205 0.200461 0.782313 0.00001 0.00001
0.020818 0.2083 0.770862 0.00001 0.00001
0.029941 0.139669 0.830371 0.00001 0.00001
0.066928 0.149171 0.783882 0.00001 0.00001
0.120793 0.081861 0.797326 0.00001 0.00001
0.020655 0.229284 0.750041 0.00001 0.00001
0.00001 0.181323 0.818647 0.00001 0.00001
0.00001 0.154854 0.845116 0.00001 0.00001
0.033227 0.157916 0.808836 0.00001 0.00001
0.162098 0.00001 0.837872 0.00001 0.00001
0.034192 0.182007 0.783781 0.00001 0.00001
0.042852 0.173663 0.783465 0.00001 0.00001
0.067252 0.189727 0.743001 0.00001 0.00001
0.03257 0.127463 0.839947 0.00001 0.00001
0.078805 0.072517 0.848659 0.00001 0.00001
0.158518 0.018396 0.823066 0.00001 0.00001
0.031143 0.158012 0.810825 0.00001 0.00001
0.020058 0.166268 0.813655 0.00001 0.00001
0.00001 0.122046 0.877924 0.00001 0.00001
0.12068 0.00001 0.87929 0.00001 0.00001
0.113484 0.115444 0.771052 0.00001 0.00001
0.99996 0.00001 0.00001 0.00001 0.00001
0.077281 0.096666 0.826032 0.00001 0.00001
0.99996 0.00001 0.00001 0.00001 0.00001
0.045554 0.00001 0.954416 0.00001 0.00001
0.00001 0.100623 0.899347 0.00001 0.00001
0.021508 0.051698 0.926774 0.00001 0.00001
0.072669 0.137434 0.789877 0.00001 0.00001
0.00001 0.176907 0.823063 0.00001 0.00001
0.102579 0.010073 0.887328 0.00001 0.00001
0.098028 0.072493 0.829459 0.00001 0.00001
0.122345 0.097457 0.780178 0.00001 0.00001
0.089998 0.005197 0.904785 0.00001 0.00001
0.083461 0.105736 0.810783 0.00001 0.00001
0.070175 0.135099 0.794706 0.00001 0.00001
0.072269 0.095935 0.831776 0.00001 0.00001
0.059173 0.061367 0.879439 0.00001 0.00001
0.161377 0.068587 0.770016 0.00001 0.00001
0.045899 0.058904 0.895177 0.00001 0.00001
0.006138 0.136306 0.857536 0.00001 0.00001
0.008928 0.216657 0.774394 0.00001 0.00001
0.00001 0.00001 0.99996 0.00001 0.00001
0.00001 0.22669 0.77328 0.00001 0.00001
0.168413 0.006192 0.825375 0.00001 0.00001
0.007985 0.11747 0.874524 0.00001 0.00001
0.067126 0.147774 0.78508 0.00001 0.00001
0.132265 0.092333 0.775382 0.00001 0.00001
0.00001 0.165116 0.834854 0.00001 0.00001
0.133191 0.13797 0.728819 0.00001 0.00001
0.031182 0.166407 0.80239 0.00001 0.00001
