0.000011 0.999979 0.00001
0.00001 0.99998 0.00001
0.00001 0.99998 0.00001
0.00001 0.99998 0.00001
0.00001 0.99998 0.00001
0.00001 0.99998 0.00001
0.00001 0.99998 0.00001
0.00001 0.99998 0.00001
0.000016 0.999974 0.00001
0.000015 0.999975 0.00001
0.00001 0.99998 0.00001
0.00001 0.99998 0.00001
0.00001 0.99998 0.00001
0.029376 0.970614 0.00001
0.00001 0.99998 0.00001
0.000016 0.999974 0.00001
0.000014 0.999976 0.00001
0.000015 0.999975 0.00001
0.00001 0.99998 0.00001
0.00001 0.99998 0.00001
0.000016 0.999974 0.00001
0.00001 0.99998 0.00001
0.00001 0.99998 0.00001
0.032923 0.967067 0.00001
0.00001 0.99998 0.00001
0.000015 0.999975 0.00001
0.02753 0.97246 0.00001
0.00001 0.99998 0.00001
0.000412 0.999578 0.00001
0.000015 0.999975 0.00001
0.000015 0.999975 0.00001
0.00001 0.997554 0.002436
0.023024 0.976966 0.00001
0.00001 0.99998 0.00001
0.000014 0.999976 0.00001
0.000011 0.999979 0.00001
0.00001 0.99998 0.00001
0.00001 0.99998 0.00001
0.00001 0.99998 0.00001
0.00001 0.998011 0.001979
0.00001 0.99998 0.00001
0.00001 0.99998 0.00001
0.019674 0.980316 0.00001
0.049122 0.950868 0.00001
0.00001 0.99998 0.00001
0.000016 0.999974 0.00001
0.000013 0.999977 0.00001
0.00001 0.99998 0.00001
0.00001 0.99998 0.00001
0.015534 0.984456 0.00001
0.00001 0.99998 0.00001
0.006107 0.993883 0.00001
0.00001 0.99998 0.00001
0.00001 0.99998 0.00001
0.015946 0.984044 0.00001
0.00001 0.99998 0.00001
0.018039 0.981951 0.00001
0.00207 0.99792 0.00001
0.00001 0.99998 0.00001
0.025849 0.974141 0.00001
0.000013 0.999977 0.00001
0.00001 0.99998 0.00001
0.00001 0.99998 0.00001
0.011305 0.988685 0.00001
0.000016 0.999974 0.00001
0.000016 0.999974 0.00001
0.00001 0.99998 0.00001
0.00001 0.99998 0.00001
0.00001 0.994378 0.005612
0.000015 0.999975 0.00001
0.00001 0.99998 0.00001
0.007005 0.992985 0.00001
0.000015 0.999975 0.00001
0.00001 0.99998 0.00001
0.00001 0.99998 0.00001
0.005029 0.994961 0.00001
0.00001 0.99998 0.00001
0.00001 0.99998 0.00001
0.009477 0.990513 0.00001
0.00001 0.99998 0.00001
0.077593 0.922397 0.00001
0.00001 0.99998 0.00001
0.00001 0.99998 0.00001
0.00001 0.99998 0.00001
0.00001 0.99998 0.00001
0.004384 0.995606 0.00001
0.000012 0.999978 0.00001
0.000014 0.999976 0.00001
0.003643 0.996347 0.00001
0.00001 0.999727 0.000263
0.00001 0.99998 0.00001
0.01369 0.9863 0.00001
0.00001 0.996776 0.003214
0.00001 0.99998 0.00001
0.00001 0.99998 0.00001
0.00001 0.99998 0.00001
0.00001 0.997879 0.002111
0.00001 0.99998 0.00001
0.00001 0.99998 0.00001
0.00001 0.99998 0.00001
0.00001 0.99998 0.00001
0.00001 0.99998 0.00001
0.00001 0.99998 0.00001
0.00001 0.99998 0.00001
0.004934 0.995056 0.00001
0.000015 0.999975 0.00001
0.001162 0.998828 0.00001
0.00001 0.99998 0.00001
0.001425 0.998565 0.00001
0.00001 0.99998 0.00001
0.000015 0.999975 0.00001
0.00001 0.99998 0.00001
0.000015 0.999975 0.00001
0.00001 0.99998 0.00001
0.00001 0.99998 0.00001
0.00001 0.99998 0.00001
0.00001 0.99998 0.00001
0.000016 0.999974 0.00001
0.00001 0.99998 0.00001
0.004127 0.995863 0.00001
0.00001 0.99998 0.00001
0.000014 0.999976 0.00001
0.00001 0.99998 0.00001
0.00001 0.99998 0.00001
0.00001 0.99998 0.00001
0.00001 0.990307 0.009683
0.003242 0.996748 0.00001
0.00001 0.99998 0.00001
0.00316 0.99683 0.00001
0.00001 0.99998 0.00001
0.030677 0.969313 0.00001
0.390125 0.509741 0.100135
0.38233 0.528043 0.089627
0.250565 0.61067 0.138765
0.165074 0.757371 0.077555
0.188682 0.767137 0.044181
0.196427 0.757252 0.046321
0.525356 0.200186 0.274458
0.449015 0.466104 0.084881
0.477375 0.349993 0.172632
0.179452 0.719649 0.100899
0.19112 0.79989 0.00899
0.571509 0.100909 0.327582
0.639281 0.303132 0.057587
0.492191 0.2202 0.287609
0.668498 0.200807 0.130695
0.17928 0.743635 0.077084
0.171236 0.773996 0.054768
0.241853 0.64646 0.111687
0.274264 0.725726 0.00001
0.221171 0.778819 0.00001
0.19434 0.80565 0.00001
0.113024 0.886966 0.00001
0.203487 0.635049 0.161464
0.260267 0.700006 0.039727
0.357687 0.642303 0.00001
0.060474 0.731997 0.207529
0.122297 0.829927 0.047776
0.202332 0.765099 0.032569
0.185594 0.814396 0.00001
0.110089 0.797685 0.092226
0.252856 0.680498 0.066646
0.098989 0.828553 0.072458
0.132288 0.803248 0.064464
0.052115 0.781578 0.166307
0.144127 0.786794 0.069079
0.22127 0.742751 0.035979
0.204205 0.795785 0.00001
0.154628 0.800162 0.04521
0.219644 0.780346 0.00001
0.149761 0.79315 0.057089
0.457341 0.542649 0.00001
0.196655 0.731248 0.072097
0.110154 0.824697 0.065149
0.00001 0.916662 0.083328
0.867596 0.00001 0.132394
0.818305 0.002625 0.17907
0.904676 0.00001 0.095314
0.99998 0.00001 0.00001
0.889102 0.00001 0.110888
0.863497 0.00001 0.136493
0.904827 0.00001 0.095163
0.86658 0.00001 0.13341
0.82476 0.00001 0.17523
0.754271 0.00001 0.245719
0.99998 0.00001 0.00001
0.943245 0.00001 0.056745
0.883668 0.00001 0.116322
0.919641 0.00001 0.080349
0.99998 0.00001 0.00001
0.957704 0.00001 0.042286
0.872199 0.00001 0.127791
0.891802 0.00001 0.108188
0.796232 0.018256 0.185512
0.818592 0.00001 0.181398
0.91998 0.00001 0.08001
0.91199 0.00001 0.088
0.793773 0.00001 0.206217
0.756517 0.00001 0.243473
0.87455 0.00001 0.12544
0.870801 0.00001 0.129189
0.841581 0.00001 0.158409
0.770768 0.00001 0.229222
0.886116 0.00001 0.113874
0.81686 0.00001 0.18313
0.911131 0.00001 0.088859
0.884322 0.001215 0.114463
0.890101 0.00001 0.109889
0.811858 0.00001 0.188132
0.93992 0.00001 0.06007
0.808022 0.00001 0.191968
0.975405 0.00001 0.024585
0.983529 0.00001 0.016461
0.940226 0.00001 0.059764
0.89598 0.00001 0.10401
0.76832 0.00001 0.23167
0.805948 0.00001 0.194042
0.960126 0.039864 0.00001
0.970112 0.029878 0.00001
0.70125 0.00001 0.29874
0.91752 0.00001 0.08247
0.770965 0.011355 0.21768
0.935788 0.029765 0.034447
0.770603 0.00001 0.229387
0.740015 0.00001 0.259975
0.868163 0.00001 0.131827
0.860114 0.00001 0.139876
0.954059 0.00001 0.045931
0.921485 0.00001 0.078505
0.903828 0.00001 0.096162
0.872309 0.00001 0.127681
0.920133 0.00001 0.079857
0.83412 0.00001 0.16587
0.867234 0.00184 0.130926
0.755785 0.00001 0.244205
0.947867 0.021061 0.031072
0.976243 0.023747 0.00001
0.92476 0.003647 0.071593
0.99998 0.00001 0.00001
0.99998 0.00001 0.00001
0.99998 0.00001 0.00001
0.765567 0.00001 0.234423
0.880801 0.003682 0.115518
0.857403 0.00001 0.142587
0.828585 0.00001 0.171405
0.829657 0.002415 0.167928
0.972811 0.00001 0.027179
0.921992 0.00001 0.077998
0.875841 0.00001 0.124149
0.979229 0.00001 0.020761
0.925377 0.00001 0.074613
0.926413 0.00001 0.073577
0.880503 0.00001 0.119487
0.857906 0.00001 0.142084
0.955944 0.00001 0.044046
0.99998 0.00001 0.00001
0.97221 0.00001 0.02778
0.86302 0.00001 0.13697
0.786416 0.00001 0.213574
0.845167 0.00001 0.154823
0.849087 0.00001 0.150903
0.86327 0.00001 0.13672
0.825099 0.00001 0.174891
0.837612 0.00001 0.162378
0.938286 0.00001 0.061704
0.824249 0.00001 0.175741
0.818033 0.00001 0.181957
0.696233 0.00001 0.303757
0.684491 0.00001 0.315499
0.701038 0.00001 0.298952
0.747272 0.00001 0.252718
0.865318 0.00001 0.134672
0.801027 0.00001 0.198963
0.672704 0.00001 0.327286
0.695488 0.00001 0.304502
0.680763 0.00001 0.319227
0.99998 0.00001 0.00001
0.99998 0.00001 0.00001
0.845089 0.00001 0.154901
0.799273 0.00001 0.200717
0.99998 0.00001 0.00001
0.874691 0.00768 0.117629
0.280797 0.00001 0.719193
0.531189 0.00001 0.468801
0.529784 0.00001 0.470206
0.295612 0.00001 0.704378
0.331482 0.00001 0.668508
0.570495 0.00001 0.429495
0.49917 0.00001 0.50082
0.363134 0.00001 0.636856
0.230015 0.00001 0.769975
0.697302 0.00001 0.302688
0.577654 0.00001 0.422336
0.35681 0.00001 0.64318
0.344727 0.00001 0.655263
0.681095 0.00001 0.318895
0.431602 0.00001 0.568388
0.450098 0.00001 0.549892
0.361989 0.00001 0.638001
0.358846 0.00001 0.641144
0.351501 0.00001 0.648489
0.522363 0.00001 0.477627
0.685371 0.00001 0.314619
0.304761 0.00001 0.695229
0.28659 0.00001 0.7134
0.28875 0.00001 0.71124
0.607057 0.00001 0.392933
0.414731 0.00001 0.585259
0.515902 0.00001 0.484088
0.478736 0.00001 0.521254
0.00001 0.00001 0.99998
0.029985 0.00001 0.970005
0.00001 0.00001 0.99998
0.00001 0.00001 0.99998
0.00001 0.00001 0.99998
0.00001 0.00001 0.99998
0.025691 0.00001 0.974299
0.054918 0.00001 0.945072
0.00001 0.00001 0.99998
0.00001 0.00001 0.99998
0.00001 0.00001 0.99998
0.00001 0.00001 0.99998
0.00001 0.00001 0.99998
0.00001 0.00001 0.99998
0.00001 0.00001 0.99998
0.00001 0.00001 0.99998
0.058001 0.00001 0.941989
0.049708 0.00001 0.950282
0.00001 0.00001 0.99998
0.00001 0.00001 0.99998
0.00001 0.00001 0.99998
0.00001 0.00001 0.99998
0.105724 0.00001 0.894266
0.00001 0.00001 0.99998
0.00001 0.00001 0.99998
0.194739 0.00001 0.805251
0.278398 0.00001 0.721592
0.147261 0.00001 0.852729
0.05332 0.00001 0.94667
0.230321 0.00001 0.769669
0.267145 0.00001 0.732845
0.141019 0.00001 0.858971
0.254393 0.00001 0.745597
0.045999 0.00001 0.953991
0.179979 0.00001 0.820011
0.183444 0.00001 0.816546
0.162818 0.00001 0.837172
0.07798 0.00001 0.92201
0.167878 0.00001 0.832112
0.201715 0.00001 0.798275
0.219172 0.00001 0.780818
0.164718 0.00001 0.835272
0.196824 0.00001 0.803166
0.138278 0.00001 0.861712
0.256065 0.00001 0.743925
0.171932 0.00001 0.828058
0.155519 0.00001 0.844471
0.19373 0.00001 0.80626
0.053934 0.00001 0.946056
0.179458 0.00001 0.820532
0.199892 0.00001 0.800098
0.220727 0.00001 0.779263
0.135501 0.00001 0.864489
0.096314 0.00001 0.903676
0.063083 0.00001 0.936907
0.186965 0.00001 0.813025
0.170741 0.00001 0.829249
0.151518 0.00001 0.848472
0.029719 0.00001 0.970271
0.165055 0.00001 0.834935
0.00001 0.00001 0.99998
0.108338 0.00001 0.891652
0.00001 0.00001 0.99998
0.005855 0.00001 0.994135
0.102855 0.00001 0.897135
0.045387 0.00001 0.954603
0.159454 0.00001 0.840536
0.192004 0.00001 0.807986
0.036126 0.00001 0.963864
0.092977 0.00001 0.907013
0.129343 0.00001 0.870647
0.034025 0.00001 0.965965
0.128608 0.00001 0.871382
0.168222 0.00001 0.831768
0.124832 0.00001 0.875158
0.100226 0.00001 0.899764
0.128822 0.00001 0.871168
0.055844 0.00001 0.944146
0.131285 0.00001 0.868705
0.220274 0.00001 0.779716
0.00001 0.00001 0.99998
0.236352 0.00001 0.763638
0.070933 0.00001 0.929057
0.132623 0.00001 0.867367
0.168691 0.00001 0.831299
0.128628 0.00001 0.871362
0.171039 0.00001 0.828951
0.205195 0.00001 0.794795
0.192676 0.00001 0.807314
