0.00001 0.99997 0.00001 0.00001
0.00001 0.99997 0.00001 0.00001
0.00001 0.99997 0.00001 0.00001
0.00001 0.99997 0.00001 0.00001
0.00001 0.99997 0.00001 0.00001
0.00001 0.99997 0.00001 0.00001
0.322996 0.676984 0.00001 0.00001
0.00001 0.99997 0.00001 0.00001
0.00001 0.99997 0.00001 0.00001
0.00001 0.99997 0.00001 0.00001
0.00001 0.99997 0.00001 0.00001
0.00001 0.99997 0.00001 0.00001
0.276194 0.723786 0.00001 0.00001
0.474304 0.498645 0.00001 0.027041
0.00001 0.99997 0.00001 0.00001
0.00001 0.99997 0.00001 0.00001
0.00001 0.99997 0.00001 0.00001
0.00001 0.99997 0.00001 0.00001
0.00001 0.99997 0.00001 0.00001
0.441997 0.557983 0.00001 0.00001
0.00001 0.99997 0.00001 0.00001
0.493822 0.506158 0.00001 0.00001
0.99997 0.00001 0.00001 0.00001
0.976063 0.00001 0.00001 0.023917
0.724056 0.275924 0.00001 0.00001
0.814475 0.185505 0.00001 0.00001
0.757729 0.216565 0.00001 0.025696
0.749316 0.250664 0.00001 0.00001
0.74823 0.25175 0.00001 0.00001
0.619956 0.380024 0.00001 0.00001
0.719248 0.280732 0.00001 0.00001
0.722111 0.276497 0.001382 0.00001
0.635426 0.342246 0.00001 0.022318
0.770204 0.229776 0.00001 0.00001
0.912163 0.087817 0.00001 0.00001
0.99997 0.00001 0.00001 0.00001
0.79708 0.2029 0.00001 0.00001
0.741674 0.258306 0.00001 0.00001
0.688274 0.311706 0.00001 0.00001
0.88874 0.11124 0.00001 0.00001
0.881835 0.118145 0.00001 0.00001
0.99997 0.00001 0.00001 0.00001
0.78494 0.1982 0.00001 0.016851
0.69816 0.253393 0.00001 0.048437
0.685569 0.314404 0.000018 0.00001
0.794936 0.205044 0.00001 0.00001
0.885289 0.114691 0.00001 0.00001
0.711867 0.288113 0.00001 0.00001
0.814301 0.185679 0.00001 0.00001
0.6415 0.343569 0.00001 0.014921
0.66778 0.3322 0.00001 0.00001
0.764336 0.230759 0.00001 0.004895
0.99997 0.00001 0.00001 0.00001
0.861279 0.138701 0.00001 0.00001
0.991353 0.00001 0.00001 0.008627
0.801035 0.198945 0.00001 0.00001
0.608383 0.375422 0.00001 0.016185
0.892804 0.107176 0.00001 0.00001
0.750705 0.249275 0.00001 0.00001
0.709586 0.26612 0.00001 0.024284
0.99997 0.00001 0.00001 0.00001
0.762159 0.237821 0.00001 0.00001
0.772044 0.227936 0.00001 0.00001
0.695884 0.293587 0.00001 0.010519
0.527131 0.472849 0.00001 0.00001
0.742801 0.257179 0.00001 0.00001
0.835171 0.164809 0.00001 0.00001
0.721107 0.278873 0.00001 0.00001
0.745659 0.250371 0.00396 0.00001
0.776939 0.223041 0.00001 0.00001
0.686185 0.313795 0.00001 0.00001
0.710521 0.283524 0.00001 0.005945
0.809904 0.190076 0.00001 0.00001
0.748773 0.251207 0.00001 0.00001
0.677644 0.322336 0.00001 0.00001
0.708199 0.287796 0.00001 0.003994
0.767002 0.232978 0.00001 0.00001
0.656797 0.343183 0.00001 0.00001
0.70789 0.284037 0.00001 0.008063
0.764354 0.235626 0.00001 0.00001
0.5878 0.334983 0.00001 0.077207
0.791944 0.208036 0.00001 0.00001
0.987444 0.012536 0.00001 0.00001
0.617741 0.382239 0.00001 0.00001
0.804945 0.195035 0.00001 0.00001
0.729203 0.267472 0.00001 0.003314
0.853225 0.146755 0.00001 0.00001
0.834132 0.165848 0.00001 0.00001
0.721841 0.275626 0.00001 0.002523
0.631026 0.368954 0.00001 0.00001
0.784111 0.215869 0.00001 0.00001
0.775401 0.21193 0.00001 0.012659
0.593213 0.40517 0.001607 0.00001
0.99997 0.00001 0.00001 0.00001
0.619561 0.380419 0.00001 0.00001
0.99997 0.00001 0.00001 0.00001
0.837331 0.162107 0.000552 0.00001
0.85145 0.14853 0.00001 0.00001
0.659636 0.340344 0.00001 0.00001
0.99997 0.00001 0.00001 0.00001
0.718147 0.281833 0.00001 0.00001
0.680438 0.319542 0.00001 0.00001
0.852471 0.147509 0.00001 0.00001
0.726728 0.273252 0.00001 0.00001
0.814496 0.183373 0.00001 0.00212
0.898431 0.101549 0.00001 0.00001
0.823534 0.176446 0.00001 0.00001
0.698702 0.301278 0.00001 0.00001
0.707007 0.292226 0.00001 0.000756
0.99997 0.00001 0.00001 0.00001
0.99997 0.00001 0.00001 0.00001
0.810619 0.189361 0.00001 0.00001
0.677285 0.322695 0.00001 0.00001
0.768781 0.231199 0.00001 0.00001
0.745341 0.254639 0.00001 0.00001
0.923691 0.076289 0.00001 0.00001
0.782229 0.217751 0.00001 0.00001
0.778712 0.221268 0.00001 0.00001
0.622872 0.377108 0.00001 0.00001
0.65174 0.344459 0.00001 0.003791
0.664556 0.335424 0.00001 0.00001
0.876195 0.123785 0.00001 0.00001
0.780237 0.219743 0.00001 0.00001
0.789577 0.210403 0.00001 0.00001
0.73659 0.26339 0.00001 0.00001
0.956085 0.039252 0.004653 0.00001
0.99997 0.00001 0.00001 0.00001
0.857992 0.141988 0.00001 0.00001
0.99997 0.00001 0.00001 0.00001
0.786146 0.213834 0.00001 0.00001
0.757569 0.21413 0.00001 0.028291
0.356046 0.15407 0.098932 0.390952
0.362038 0.166434 0.089117 0.382411
0.556628 0.055256 0.137874 0.250243
0.62752 0.131199 0.07941 0.161871
0.71585 0.052885 0.045382 0.185883
0.612694 0.145483 0.04445 0.197374
0.16354 0.036857 0.273529 0.526074
0.339449 0.127142 0.084634 0.448775
0.19503 0.154994 0.171044 0.478933
0.546765 0.17354 0.101269 0.178426
0.631143 0.169309 0.009157 0.190391
0.101523 0.00001 0.324888 0.573579
0.183912 0.119587 0.056085 0.640415
0.118161 0.102071 0.286653 0.493114
0.13974 0.061401 0.129138 0.66972
0.650632 0.094027 0.07795 0.177391
0.566306 0.208338 0.054305 0.171051
0.549379 0.098255 0.114912 0.237454
0.515447 0.210835 0.00001 0.273709
0.587582 0.19194 0.00001 0.220467
0.621267 0.185007 0.00001 0.193716
0.572632 0.314837 0.00001 0.112521
0.636326 0.00001 0.159643 0.20402
0.603228 0.097698 0.037809 0.261265
0.610584 0.032247 0.00001 0.357159
0.480614 0.251713 0.207318 0.060354
0.665362 0.165593 0.050239 0.118806
0.522705 0.242852 0.032362 0.202081
0.6235 0.191553 0.00001 0.184936
0.593676 0.204718 0.093938 0.107668
0.510815 0.170569 0.068538 0.250078
0.65431 0.175181 0.0727 0.097809
0.638745 0.165462 0.064355 0.131438
0.595861 0.186321 0.166924 0.050893
0.556537 0.230781 0.069112 0.14357
0.567494 0.176031 0.039781 0.216694
0.527244 0.269008 0.00001 0.203737
0.693827 0.107463 0.05007 0.14864
0.5882 0.192663 0.00001 0.219127
0.678413 0.116046 0.060888 0.144653
0.48684 0.056876 0.00001 0.456274
0.598456 0.134079 0.069686 0.197779
0.612792 0.212739 0.066223 0.108246
0.657141 0.260124 0.082724 0.00001
0.00001 0.00001 0.1301 0.86988
0.004618 0.00001 0.181254 0.814118
0.00001 0.00001 0.094121 0.905859
0.00001 0.00001 0.00001 0.99997
0.00001 0.00001 0.109375 0.890605
0.00001 0.00001 0.136513 0.863467
0.00001 0.00001 0.094648 0.905332
0.00001 0.00001 0.131443 0.868537
0.00001 0.00001 0.173034 0.826946
0.00001 0.00001 0.244095 0.755885
0.00001 0.00001 0.00001 0.99997
0.00001 0.00001 0.054642 0.945338
0.00001 0.00001 0.114229 0.885751
0.00001 0.00001 0.079871 0.920109
0.00001 0.00001 0.00001 0.99997
0.00001 0.00001 0.0405 0.95948
0.00001 0.00001 0.1252 0.87478
0.00001 0.00001 0.108063 0.891917
0.00001 0.023391 0.190013 0.786586
0.00001 0.00001 0.178942 0.821038
0.00001 0.00001 0.080317 0.919663
0.00001 0.00001 0.087855 0.912125
0.00001 0.00001 0.205898 0.794082
0.00001 0.00001 0.242596 0.757384
0.00001 0.00001 0.125713 0.874267
0.00001 0.00001 0.128926 0.871054
0.00001 0.00001 0.156904 0.843076
0.00001 0.00001 0.227135 0.772845
0.00001 0.00001 0.112537 0.887443
0.00001 0.00001 0.182326 0.817654
0.00001 0.00001 0.087598 0.912382
0.005078 0.00001 0.119173 0.875739
0.00001 0.00001 0.109127 0.890853
0.00001 0.00001 0.186689 0.813291
0.00001 0.00001 0.058612 0.941368
0.00001 0.00001 0.19065 0.80933
0.00001 0.00001 0.024131 0.975849
0.00001 0.00001 0.015509 0.984471
0.00001 0.00001 0.058492 0.941488
0.00001 0.00001 0.102911 0.897069
0.00001 0.00001 0.230117 0.769863
0.00001 0.00001 0.192888 0.807092
0.041012 0.00001 0.00001 0.958968
0.00001 0.028357 0.00001 0.971623
0.00001 0.00001 0.298123 0.701857
0.00001 0.00001 0.08145 0.91853
0.014161 0.00001 0.220275 0.765554
0.030667 0.00001 0.035681 0.933642
0.00001 0.00001 0.228072 0.771908
0.00001 0.00001 0.259166 0.740814
0.00001 0.00001 0.131356 0.868624
0.00001 0.00001 0.139455 0.860525
0.00001 0.00001 0.043626 0.956354
0.00001 0.00001 0.077578 0.922402
0.00001 0.00001 0.094765 0.905215
0.00001 0.00001 0.126086 0.873894
0.00001 0.00001 0.078922 0.921058
0.00001 0.00001 0.165273 0.834707
0.002682 0.00001 0.130616 0.866692
0.00001 0.00001 0.242888 0.757092
0.023392 0.00001 0.034338 0.94226
0.024408 0.00001 0.00001 0.975572
0.00001 0.010052 0.079949 0.909989
0.00001 0.003473 0.00001 0.996507
0.00001 0.00001 0.00001 0.99997
0.00001 0.00001 0.00001 0.99997
0.00001 0.00001 0.234306 0.765674
0.00001 0.006059 0.117733 0.876199
0.00001 0.00001 0.141934 0.858046
0.00001 0.00001 0.170312 0.829668
0.003529 0.00001 0.16824 0.828221
0.00001 0.00001 0.025981 0.973999
0.00001 0.00001 0.075684 0.924296
0.00001 0.00001 0.121551 0.878429
0.00001 0.00001 0.019466 0.980514
0.002125 0.00001 0.07611 0.921755
0.00001 0.00001 0.072196 0.927784
0.00001 0.00001 0.119722 0.880258
0.00001 0.00001 0.14131 0.85867
0.00001 0.00001 0.044386 0.955594
0.00001 0.00001 0.00001 0.99997
0.00001 0.00001 0.025846 0.974134
0.00001 0.00001 0.13624 0.86374
0.00001 0.00001 0.21247 0.78751
0.00001 0.00001 0.153252 0.846728
0.00001 0.00001 0.149667 0.850313
0.00001 0.00001 0.135051 0.864929
0.00001 0.00001 0.174951 0.825029
0.00001 0.00001 0.161203 0.838777
0.00001 0.00001 0.059004 0.940976
0.00001 0.00001 0.175954 0.824026
0.00001 0.00001 0.181746 0.818234
0.00001 0.00001 0.301287 0.698693
0.00001 0.00001 0.314721 0.685259
0.00001 0.00001 0.298467 0.701513
0.00001 0.00001 0.251533 0.748447
0.00001 0.00001 0.132229 0.867751
0.00001 0.00001 0.197733 0.802247
0.00001 0.00001 0.325871 0.674109
0.00001 0.00001 0.303915 0.696065
0.00001 0.00001 0.318533 0.681447
0.00001 0.00001 0.00001 0.99997
0.00001 0.00001 0.00001 0.99997
0.00001 0.00001 0.154051 0.845929
0.00001 0.00001 0.199214 0.800766
0.00001 0.00001 0.00001 0.99997
0.00001 0.010447 0.120945 0.868598
0.00001 0.00001 0.716896 0.283084
0.00001 0.00001 0.466775 0.533205
0.00001 0.00001 0.468753 0.531227
0.00001 0.00001 0.702516 0.297464
0.00001 0.00001 0.665859 0.334121
0.00001 0.00001 0.428694 0.571286
0.00001 0.00001 0.499648 0.500332
0.00001 0.00001 0.635264 0.364716
0.00001 0.00001 0.767594 0.232386
0.00001 0.00001 0.300639 0.699341
0.00001 0.00001 0.420605 0.579375
0.00001 0.00001 0.641351 0.358629
0.00001 0.00001 0.652432 0.347548
0.00001 0.00001 0.318016 0.681964
0.00001 0.00001 0.56615 0.43383
0.00001 0.00001 0.548553 0.451427
0.00001 0.00001 0.636035 0.363945
0.00001 0.00001 0.639794 0.360186
0.00001 0.00001 0.645522 0.354458
0.00001 0.00001 0.475411 0.524569
0.00001 0.00001 0.312454 0.687526
0.00001 0.00001 0.693211 0.306769
0.00001 0.00001 0.71058 0.2894
0.00001 0.00001 0.708999 0.290981
0.00001 0.00001 0.391265 0.608715
0.00001 0.00001 0.583516 0.416464
0.00001 0.00001 0.47916 0.52082
0.00001 0.00001 0.519704 0.480276
0.00001 0.00001 0.99997 0.00001
0.00001 0.00001 0.969598 0.030382
0.00001 0.00001 0.99997 0.00001
0.00001 0.00001 0.99997 0.00001
0.00001 0.00001 0.99997 0.00001
0.00001 0.00001 0.99997 0.00001
0.00001 0.00001 0.97217 0.02781
0.00001 0.00001 0.942931 0.057049
0.00001 0.00001 0.99997 0.00001
0.00001 0.00001 0.99997 0.00001
0.00001 0.00001 0.99997 0.00001
0.00001 0.00001 0.99997 0.00001
0.00001 0.00001 0.99997 0.00001
0.00001 0.00001 0.99997 0.00001
0.00001 0.00001 0.99997 0.00001
0.00001 0.00001 0.99997 0.00001
0.00001 0.00001 0.938674 0.061306
0.00001 0.00001 0.948574 0.051406
0.00001 0.00001 0.99997 0.00001
0.00001 0.00001 0.99997 0.00001
0.00001 0.00001 0.99997 0.00001
0.00001 0.00001 0.99997 0.00001
0.00001 0.00001 0.892063 0.107917
0.00001 0.00001 0.99997 0.00001
0.00001 0.00001 0.99997 0.00001
0.00001 0.00001 0.804261 0.195719
0.00001 0.00001 0.718726 0.281254
0.00001 0.00001 0.850725 0.149255
0.00001 0.00001 0.944062 0.055918
0.00001 0.00001 0.768205 0.231775
0.00001 0.00001 0.730248 0.269732
0.00001 0.00001 0.856414 0.143566
0.00001 0.00001 0.743718 0.256262
0.00001 0.00001 0.951594 0.048386
0.00001 0.00001 0.817896 0.182084
0.00001 0.00001 0.814524 0.185456
0.00001 0.00001 0.835909 0.164071
0.00001 0.00001 0.919693 0.080287
0.00001 0.00001 0.829887 0.170093
0.00001 0.00001 0.79529 0.20469
0.00001 0.00001 0.778436 0.221544
0.00001 0.00001 0.832587 0.167393
0.00001 0.00001 0.800986 0.198994
0.00001 0.00001 0.858466 0.141514
0.00001 0.00001 0.742307 0.257673
0.00001 0.00001 0.825661 0.174319
0.00001 0.00001 0.842785 0.157195
0.00001 0.00001 0.804354 0.195626
0.00001 0.00001 0.94363 0.05635
0.00001 0.00001 0.818023 0.181957
0.00001 0.00001 0.798894 0.201086
0.00001 0.00001 0.775819 0.224161
0.00001 0.00001 0.862314 0.137666
0.00001 0.00001 0.901695 0.098285
0.00001 0.00001 0.932305 0.067675
0.00001 0.00001 0.810696 0.189284
0.00001 0.00001 0.826478 0.173502
0.00001 0.00001 0.846177 0.153803
0.00001 0.00001 0.968048 0.031932
0.00001 0.00001 0.832159 0.167821
0.00001 0.00001 0.99997 0.00001
0.00001 0.00001 0.889643 0.110337
0.00001 0.00001 0.99997 0.00001
0.00001 0.00001 0.991718 0.008262
0.00001 0.00001 0.894948 0.105032
0.00001 0.00001 0.951014 0.048966
0.00001 0.00001 0.838085 0.161895
0.00001 0.00001 0.804863 0.195117
0.00001 0.00001 0.961847 0.038133
0.00001 0.00001 0.904853 0.095127
0.00001 0.00001 0.867098 0.132882
0.00001 0.00001 0.963811 0.036169
0.00001 0.00001 0.868604 0.131376
0.00001 0.00001 0.828977 0.171003
0.00001 0.00001 0.87337 0.12661
0.00001 0.00001 0.897369 0.102611
0.00001 0.00001 0.867365 0.132615
0.00001 0.00001 0.941382 0.058598
0.00001 0.00001 0.866331 0.133649
0.00001 0.00001 0.778204 0.221776
0.00001 0.00001 0.99997 0.00001
0.00001 0.00001 0.760942 0.239038
0.00001 0.00001 0.924948 0.075032
0.00001 0.00001 0.865264 0.134716
0.00001 0.00001 0.827647 0.172333
0.00001 0.00001 0.868915 0.131065
0.00001 0.00001 0.826814 0.173166
0.00001 0.00001 0.79384 0.20614
0.00001 0.00001 0.804306 0.195674
