0.00001 0.99997 0.00001 0.00001
0.00001 0.99997 0.00001 0.00001
0.00001 0.99997 0.00001 0.00001
0.00001 0.99997 0.00001 0.00001
0.00001 0.99997 0.00001 0.00001
0.00001 0.99997 0.00001 0.00001
0.310331 0.689649 0.00001 0.00001
0.00001 0.99997 0.00001 0.00001
0.00001 0.99997 0.00001 0.00001
0.00001 0.99997 0.00001 0.00001
0.00001 0.99997 0.00001 0.00001
0.00001 0.99997 0.00001 0.00001
0.00001 0.99997 0.00001 0.00001
0.461135 0.511687 0.027168 0.00001
0.00001 0.99997 0.00001 0.00001
0.00001 0.99997 0.00001 0.00001
0.00001 0.99997 0.00001 0.00001
0.00001 0.99997 0.00001 0.00001
0.00001 0.99997 0.00001 0.00001
0.431972 0.568008 0.00001 0.00001
0.00001 0.99997 0.00001 0.00001
0.47908 0.5209 0.00001 0.00001
0.99997 0.00001 0.00001 0.00001
0.976436 0.00001 0.023544 0.00001
0.702848 0.297132 0.00001 0.00001
0.785389 0.214591 0.00001 0.00001
0.746218 0.228064 0.025708 0.00001
0.74184 0.25814 0.00001 0.00001
0.734371 0.265609 0.00001 0.00001
0.615745 0.384235 0.00001 0.00001
0.703358 0.296622 0.00001 0.00001
0.700458 0.29806 0.00001 0.001472
0.625128 0.352574 0.022288 0.00001
0.762938 0.237042 0.00001 0.00001
0.898408 0.101572 0.00001 0.00001
0.99997 0.00001 0.00001 0.00001
0.792774 0.207206 0.00001 0.00001
0.729744 0.270236 0.00001 0.00001
0.652768 0.347212 0.00001 0.00001
0.874401 0.125579 0.00001 0.00001
0.860849 0.139131 0.00001 0.00001
0.99997 0.00001 0.00001 0.00001
0.773575 0.209599 0.016816 0.00001
0.692475 0.259139 0.048376 0.00001
0.67169 0.32829 0.00001 0.00001
0.775233 0.224747 0.00001 0.00001
0.878362 0.121618 0.00001 0.00001
0.69664 0.30334 0.00001 0.00001
0.795864 0.204116 0.00001 0.00001
0.620371 0.364748 0.014871 0.00001
0.658433 0.341547 0.00001 0.00001
0.747014 0.248051 0.004924 0.00001
0.99997 0.00001 0.00001 0.00001
0.856432 0.143548 0.00001 0.00001
0.991594 0.00001 0.008386 0.00001
0.802078 0.197902 0.00001 0.00001
0.596847 0.386998 0.016145 0.00001
0.899069 0.100911 0.00001 0.00001
0.732342 0.267638 0.00001 0.00001
0.691265 0.284279 0.024445 0.00001
0.99997 0.00001 0.00001 0.00001
0.750755 0.249225 0.00001 0.00001
0.759227 0.240753 0.00001 0.00001
0.684548 0.304942 0.0105 0.00001
0.510967 0.489013 0.00001 0.00001
0.736697 0.263283 0.00001 0.00001
0.825698 0.174282 0.00001 0.00001
0.718329 0.281651 0.00001 0.00001
0.734847 0.261151 0.00001 0.003992
0.775513 0.224467 0.00001 0.00001
0.686029 0.313951 0.00001 0.00001
0.70318 0.290953 0.005856 0.00001
0.794455 0.205525 0.00001 0.00001
0.739025 0.260955 0.00001 0.00001
0.662383 0.337597 0.00001 0.00001
0.697174 0.298822 0.003993 0.00001
0.756937 0.243043 0.00001 0.00001
0.636281 0.363699 0.00001 0.00001
0.697566 0.294361 0.008063 0.00001
0.750451 0.249529 0.00001 0.00001
0.582035 0.340756 0.077199 0.00001
0.784611 0.215369 0.00001 0.00001
0.99997 0.00001 0.00001 0.00001
0.612692 0.387288 0.00001 0.00001
0.798487 0.201493 0.00001 0.00001
0.715697 0.280982 0.003311 0.00001
0.83381 0.16617 0.00001 0.00001
0.832433 0.167547 0.00001 0.00001
0.708885 0.288548 0.002557 0.00001
0.611898 0.388082 0.00001 0.00001
0.774423 0.225557 0.00001 0.00001
0.766903 0.220478 0.012608 0.00001
0.575813 0.422763 0.00001 0.001414
0.99997 0.00001 0.00001 0.00001
0.609741 0.390239 0.00001 0.00001
0.99997 0.00001 0.00001 0.00001
0.830151 0.169332 0.00001 0.000507
0.847925 0.152055 0.00001 0.00001
0.649808 0.350172 0.00001 0.00001
0.99997 0.00001 0.00001 0.00001
0.712867 0.287113 0.00001 0.00001
0.677806 0.322174 0.00001 0.00001
0.838079 0.161901 0.00001 0.00001
0.717622 0.282358 0.00001 0.00001
0.79803 0.199771 0.00219 0.00001
0.897593 0.102387 0.00001 0.00001
0.814502 0.185478 0.00001 0.00001
0.683777 0.316203 0.00001 0.00001
0.698585 0.300698 0.000707 0.00001
0.99997 0.00001 0.00001 0.00001
0.99997 0.00001 0.00001 0.00001
0.804917 0.195063 0.00001 0.00001
0.670828 0.329152 0.00001 0.00001
0.751104 0.248876 0.00001 0.00001
0.731075 0.268905 0.00001 0.00001
0.899028 0.100952 0.00001 0.00001
0.760856 0.239124 0.00001 0.00001
0.763098 0.236882 0.00001 0.00001
0.606848 0.393132 0.00001 0.00001
0.641294 0.354925 0.00377 0.00001
0.660504 0.339476 0.00001 0.00001
0.858447 0.141533 0.00001 0.00001
0.783413 0.216567 0.00001 0.00001
0.780651 0.219329 0.00001 0.00001
0.728667 0.271313 0.00001 0.00001
0.974584 0.021565 0.00001 0.003841
0.99997 0.00001 0.00001 0.00001
0.865005 0.134975 0.00001 0.00001
0.99997 0.00001 0.00001 0.00001
0.778751 0.221229 0.00001 0.00001
0.74713 0.224608 0.028252 0.00001
0.343074 0.16706 0.391217 0.098649
0.353326 0.17515 0.382674 0.08885
0.54714 0.064859 0.249499 0.138503
0.619262 0.139518 0.161552 0.079668
0.702553 0.066221 0.185566 0.04566
0.596682 0.161493 0.196925 0.044901
0.1625 0.037947 0.52602 0.273533
0.330685 0.13592 0.448747 0.084648
0.1938 0.156251 0.479171 0.170777
0.545396 0.174959 0.178097 0.101548
0.626088 0.17437 0.19039 0.009151
0.101598 0.00001 0.573647 0.324745
0.191418 0.112133 0.640223 0.056226
0.118106 0.102203 0.493058 0.286633
0.14159 0.05964 0.66953 0.129239
0.639759 0.104979 0.176709 0.078553
0.560421 0.214247 0.170912 0.05442
0.544027 0.103641 0.237452 0.114881
0.504189 0.222087 0.273713 0.00001
0.585106 0.194484 0.220399 0.00001
0.618509 0.187768 0.193713 0.00001
0.557944 0.329541 0.112505 0.00001
0.636429 0.00001 0.203764 0.159797
0.590509 0.110479 0.260918 0.038094
0.614005 0.028817 0.357168 0.00001
0.473951 0.258398 0.060297 0.207355
0.654484 0.176482 0.118791 0.050243
0.517109 0.248473 0.202074 0.032344
0.615077 0.19999 0.184923 0.00001
0.594365 0.204111 0.107232 0.094292
0.504372 0.177023 0.249985 0.06862
0.651419 0.178134 0.097134 0.073313
0.630791 0.173435 0.131302 0.064471
0.588754 0.193471 0.050513 0.167262
0.551333 0.236013 0.143488 0.069166
0.558818 0.184743 0.216836 0.039604
0.514565 0.281727 0.203698 0.00001
0.674707 0.126593 0.148706 0.049994
0.582922 0.197949 0.219119 0.00001
0.673234 0.12121 0.144955 0.060601
0.470546 0.073233 0.45621 0.00001
0.593709 0.138869 0.197712 0.06971
0.608454 0.2171 0.108349 0.066098
0.636378 0.280872 0.00001 0.08274
0.00001 0.00001 0.869564 0.130416
0.004568 0.00001 0.814212 0.18121
0.00001 0.00001 0.906214 0.093766
0.00001 0.00001 0.99997 0.00001
0.00001 0.00001 0.890996 0.108984
0.00001 0.00001 0.863714 0.136266
0.00001 0.00001 0.905566 0.094414
0.00001 0.00001 0.86897 0.13101
0.00001 0.00001 0.827205 0.172775
0.00001 0.00001 0.756163 0.243817
0.00001 0.00001 0.99997 0.00001
0.00001 0.00001 0.945882 0.054098
0.00001 0.00001 0.886037 0.113943
0.00001 0.00001 0.920454 0.079526
0.00001 0.00001 0.99997 0.00001
0.00001 0.00001 0.959922 0.040058
0.00001 0.00001 0.874893 0.125087
0.00001 0.00001 0.89216 0.10782
0.00001 0.023603 0.786392 0.189996
0.00001 0.00001 0.821424 0.178556
0.00001 0.00001 0.919897 0.080083
0.00001 0.00001 0.912388 0.087592
0.00001 0.00001 0.79418 0.2058
0.00001 0.00001 0.757851 0.242129
0.00001 0.00001 0.874265 0.125715
0.00001 0.00001 0.871468 0.128512
0.00001 0.00001 0.843376 0.156604
0.00001 0.00001 0.773317 0.226663
0.00001 0.00001 0.887699 0.112281
0.00001 0.00001 0.817796 0.182184
0.00001 0.00001 0.912484 0.087496
0.005201 0.00001 0.875608 0.119181
0.00001 0.00001 0.891034 0.108946
0.00001 0.00001 0.813464 0.186516
0.00001 0.00001 0.941723 0.058257
0.00001 0.00001 0.809628 0.190352
0.00001 0.00001 0.976372 0.023608
0.00001 0.00001 0.984774 0.015206
0.00001 0.00001 0.941967 0.058013
0.00001 0.00001 0.897571 0.102409
0.00001 0.00001 0.769715 0.230265
0.00001 0.00001 0.807464 0.192516
0.041123 0.00001 0.958857 0.00001
0.031408 0.00001 0.968572 0.00001
0.00001 0.00001 0.701913 0.298067
0.00001 0.00001 0.918724 0.081256
0.014537 0.00001 0.764811 0.220643
0.030724 0.00001 0.933781 0.035485
0.00001 0.00001 0.772163 0.227817
0.00001 0.00001 0.741027 0.258953
0.00001 0.00001 0.868809 0.131171
0.00001 0.00001 0.860705 0.139275
0.00001 0.00001 0.956842 0.043138
0.00001 0.00001 0.922738 0.077242
0.00001 0.00001 0.90564 0.09434
0.00001 0.00001 0.874241 0.125739
0.00001 0.00001 0.921109 0.078871
0.00001 0.00001 0.834804 0.165176
0.00302 0.00001 0.866082 0.130888
0.00001 0.00001 0.757498 0.242482
0.023409 0.00001 0.942454 0.034127
0.0245 0.00001 0.97548 0.00001
0.00001 0.009404 0.912109 0.078477
0.00001 0.003306 0.996674 0.00001
0.00001 0.00001 0.99997 0.00001
0.00001 0.00001 0.99997 0.00001
0.00001 0.00001 0.766254 0.233726
0.00001 0.006419 0.875537 0.118035
0.00001 0.00001 0.858248 0.141732
0.00001 0.00001 0.829909 0.170071
0.003631 0.00001 0.828246 0.168113
0.00001 0.00001 0.974207 0.025773
0.00001 0.00001 0.924629 0.075351
0.00001 0.00001 0.878682 0.121298
0.00001 0.00001 0.980943 0.019037
0.002377 0.00001 0.921201 0.076412
0.00001 0.00001 0.928279 0.071701
0.00001 0.00001 0.880786 0.119194
0.00001 0.00001 0.858824 0.141156
0.00001 0.00001 0.955964 0.044016
0.00001 0.00001 0.99997 0.00001
0.00001 0.00001 0.97451 0.02547
0.00001 0.00001 0.863946 0.136034
0.00001 0.00001 0.787907 0.212073
0.00001 0.00001 0.84715 0.15283
0.00001 0.00001 0.850887 0.149093
0.00001 0.00001 0.86518 0.1348
0.00001 0.00001 0.825307 0.174673
0.00001 0.00001 0.839056 0.160924
0.00001 0.00001 0.941435 0.058545
0.00001 0.00001 0.824267 0.175713
0.00001 0.00001 0.818395 0.181585
0.00001 0.00001 0.698735 0.301245
0.00001 0.00001 0.685147 0.314833
0.00001 0.00001 0.70175 0.29823
0.00001 0.00001 0.748725 0.251255
0.00001 0.00001 0.868049 0.131931
0.00001 0.00001 0.802613 0.197367
0.00001 0.00001 0.674312 0.325668
0.00001 0.00001 0.696213 0.303767
0.00001 0.00001 0.681656 0.318324
0.00001 0.00001 0.99997 0.00001
0.00001 0.00001 0.99997 0.00001
0.00001 0.00001 0.846277 0.153703
0.00001 0.00001 0.801098 0.198882
0.00001 0.00001 0.99997 0.00001
0.00001 0.010121 0.86969 0.120179
0.00001 0.00001 0.28339 0.71659
0.00001 0.00001 0.533586 0.466394
0.00001 0.00001 0.531549 0.468431
0.00001 0.00001 0.297688 0.702292
0.00001 0.00001 0.334319 0.665661
0.00001 0.00001 0.571372 0.428608
0.00001 0.00001 0.500604 0.499376
0.00001 0.00001 0.363814 0.636166
0.00001 0.00001 0.232593 0.767387
0.00001 0.00001 0.699631 0.300349
0.00001 0.00001 0.579431 0.420549
0.00001 0.00001 0.358897 0.641083
0.00001 0.00001 0.347899 0.652081
0.00001 0.00001 0.682335 0.317645
0.00001 0.00001 0.434008 0.565972
0.00001 0.00001 0.451603 0.548377
0.00001 0.00001 0.364126 0.635854
0.00001 0.00001 0.360398 0.639582
0.00001 0.00001 0.354416 0.645564
0.00001 0.00001 0.524428 0.475552
0.00001 0.00001 0.687722 0.312258
0.00001 0.00001 0.307021 0.692959
0.00001 0.00001 0.289698 0.710282
0.00001 0.00001 0.291337 0.708643
0.00001 0.00001 0.609078 0.390902
0.00001 0.00001 0.416718 0.583262
0.00001 0.00001 0.521079 0.478901
0.00001 0.00001 0.480512 0.519468
0.00001 0.00001 0.00001 0.99997
0.00001 0.00001 0.030789 0.969191
0.00001 0.00001 0.00001 0.99997
0.00001 0.00001 0.00001 0.99997
0.00001 0.00001 0.00001 0.99997
0.00001 0.00001 0.00001 0.99997
0.00001 0.00001 0.027982 0.971998
0.00001 0.00001 0.057372 0.942608
0.00001 0.00001 0.00001 0.99997
0.00001 0.00001 0.00001 0.99997
0.00001 0.00001 0.00001 0.99997
0.00001 0.00001 0.00001 0.99997
0.00001 0.00001 0.00001 0.99997
0.00001 0.00001 0.00001 0.99997
0.00001 0.00001 0.00001 0.99997
0.00001 0.00001 0.00001 0.99997
0.00001 0.00001 0.061665 0.938315
0.00001 0.00001 0.051529 0.948451
0.00001 0.00001 0.00001 0.99997
0.00001 0.00001 0.00001 0.99997
0.00001 0.00001 0.00001 0.99997
0.00001 0.00001 0.00001 0.99997
0.00001 0.00001 0.108089 0.891891
0.00001 0.00001 0.00001 0.99997
0.00001 0.00001 0.00001 0.99997
0.00001 0.00001 0.195752 0.804228
0.00001 0.00001 0.281439 0.718541
0.00001 0.00001 0.149394 0.850586
0.00001 0.00001 0.056063 0.943917
0.00001 0.00001 0.231859 0.768121
0.00001 0.00001 0.269774 0.730206
0.00001 0.00001 0.143766 0.856214
0.00001 0.00001 0.255826 0.744154
0.00001 0.00001 0.048646 0.951334
0.00001 0.00001 0.182446 0.817534
0.00001 0.00001 0.185634 0.814346
0.00001 0.00001 0.164272 0.835708
0.00001 0.00001 0.080468 0.919512
0.00001 0.00001 0.170436 0.829544
0.00001 0.00001 0.204753 0.795227
0.00001 0.00001 0.221661 0.778319
0.00001 0.00001 0.167728 0.832252
0.00001 0.00001 0.199283 0.800697
0.00001 0.00001 0.141848 0.858132
0.00001 0.00001 0.257956 0.742024
0.00001 0.00001 0.174694 0.825286
0.00001 0.00001 0.157782 0.842198
0.00001 0.00001 0.196129 0.803851
0.00001 0.00001 0.056659 0.943321
0.00001 0.00001 0.18216 0.81782
0.00001 0.00001 0.201199 0.798781
0.00001 0.00001 0.224267 0.775713
0.00001 0.00001 0.137873 0.862107
0.00001 0.00001 0.098378 0.901602
0.00001 0.00001 0.068058 0.931922
0.00001 0.00001 0.189594 0.810386
0.00001 0.00001 0.173808 0.826172
0.00001 0.00001 0.154033 0.845947
0.00001 0.00001 0.032343 0.967637
0.00001 0.00001 0.168173 0.831807
0.00001 0.00001 0.00001 0.99997
0.00001 0.00001 0.110563 0.889417
0.00001 0.00001 0.00001 0.99997
0.00001 0.00001 0.008502 0.991478
0.00001 0.00001 0.105368 0.894612
0.00001 0.00001 0.049368 0.950612
0.00001 0.00001 0.162168 0.837812
0.00001 0.00001 0.194925 0.805055
0.00001 0.00001 0.038491 0.961489
0.00001 0.00001 0.095407 0.904573
0.00001 0.00001 0.133182 0.866798
0.00001 0.00001 0.036785 0.963195
0.00001 0.00001 0.131608 0.868372
0.00001 0.00001 0.171425 0.828555
0.00001 0.00001 0.126602 0.873378
0.00001 0.00001 0.102768 0.897212
0.00001 0.00001 0.13291 0.86707
0.00001 0.00001 0.058287 0.941693
0.00001 0.00001 0.133749 0.866231
0.00001 0.00001 0.221951 0.778029
0.00001 0.00001 0.00001 0.99997
0.00001 0.00001 0.239445 0.760535
0.00001 0.00001 0.07549 0.92449
0.00001 0.00001 0.134388 0.865592
0.00001 0.00001 0.172449 0.827531
0.00001 0.00001 0.131311 0.868669
0.00001 0.00001 0.173527 0.826453
0.00001 0.00001 0.206651 0.793329
0.00001 0.00001 0.195889 0.804091
