0.00001 0.00001 0.99997 0.00001
0.00001 0.00001 0.99997 0.00001
0.00001 0.00001 0.99997 0.00001
0.00001 0.00001 0.99997 0.00001
0.00001 0.00001 0.99997 0.00001
0.00001 0.00001 0.99997 0.00001
0.00001 0.322024 0.677956 0.00001
0.00001 0.00001 0.99997 0.00001
0.00001 0.00001 0.99997 0.00001
0.00001 0.00001 0.99997 0.00001
0.00001 0.00001 0.99997 0.00001
0.00001 0.00001 0.99997 0.00001
0.00001 0.277104 0.722876 0.00001
0.00001 0.473845 0.499111 0.027035
0.00001 0.00001 0.99997 0.00001
0.00001 0.00001 0.99997 0.00001
0.00001 0.00001 0.99997 0.00001
0.00001 0.00001 0.99997 0.00001
0.00001 0.00001 0.99997 0.00001
0.00001 0.442139 0.557841 0.00001
0.00001 0.00001 0.99997 0.00001
0.00001 0.49334 0.50664 0.00001
0.00001 0.99997 0.00001 0.00001
0.00001 0.976067 0.00001 0.023913
0.00001 0.724364 0.275616 0.00001
0.00001 0.813571 0.186409 0.00001
0.00001 0.757478 0.216824 0.025688
0.00001 0.747487 0.252493 0.00001
0.00001 0.748968 0.251012 0.00001
0.00001 0.620241 0.379739 0.00001
0.00001 0.719525 0.280455 0.00001
0.00139 0.72113 0.277471 0.00001
0.00001 0.634936 0.342749 0.022305
0.00001 0.770087 0.229893 0.00001
0.00001 0.913154 0.086826 0.00001
0.00001 0.99997 0.00001 0.00001
0.00001 0.795898 0.204082 0.00001
0.00001 0.740904 0.259076 0.00001
0.00001 0.687382 0.312598 0.00001
0.00001 0.888857 0.111123 0.00001
0.00001 0.880043 0.119937 0.00001
0.00001 0.99997 0.00001 0.00001
0.00001 0.785243 0.197903 0.016844
0.00001 0.698061 0.253495 0.048434
0.00001 0.685437 0.314543 0.00001
0.00001 0.794321 0.205659 0.00001
0.00001 0.886997 0.112983 0.00001
0.00001 0.713437 0.286543 0.00001
0.00001 0.813334 0.186646 0.00001
0.00001 0.641267 0.343809 0.014914
0.00001 0.667956 0.332024 0.00001
0.00001 0.763911 0.231194 0.004885
0.00001 0.999966 0.000014 0.00001
0.00001 0.861917 0.138063 0.00001
0.00001 0.991356 0.00001 0.008624
0.00001 0.800742 0.199238 0.00001
0.00001 0.609424 0.37435 0.016216
0.00001 0.89461 0.10537 0.00001
0.00001 0.7505 0.24948 0.00001
0.00001 0.708928 0.266766 0.024296
0.00001 0.99997 0.00001 0.00001
0.00001 0.762614 0.237366 0.00001
0.00001 0.772438 0.227542 0.00001
0.00001 0.694906 0.294563 0.010521
0.00001 0.52559 0.47439 0.00001
0.00001 0.742197 0.257783 0.00001
0.00001 0.835156 0.164824 0.00001
0.00001 0.71931 0.28067 0.00001
0.003978 0.743913 0.252098 0.00001
0.00001 0.777443 0.222537 0.00001
0.00001 0.686855 0.313125 0.00001
0.00001 0.709953 0.28409 0.005947
0.00001 0.808719 0.191261 0.00001
0.00001 0.74899 0.25099 0.00001
0.00001 0.677561 0.322419 0.00001
0.00001 0.70785 0.288139 0.004
0.00001 0.766429 0.233551 0.00001
0.00001 0.656136 0.343844 0.00001
0.00001 0.70795 0.283986 0.008054
0.00001 0.764748 0.235232 0.00001
0.00001 0.587585 0.335203 0.077202
0.00001 0.791031 0.208949 0.00001
0.00001 0.985434 0.014546 0.00001
0.00001 0.617682 0.382298 0.00001
0.00001 0.806166 0.193814 0.00001
0.00001 0.727985 0.268688 0.003317
0.00001 0.85253 0.14745 0.00001
0.00001 0.834719 0.165261 0.00001
0.00001 0.7224 0.275074 0.002516
0.00001 0.629642 0.370338 0.00001
0.00001 0.783557 0.216423 0.00001
0.00001 0.775006 0.212335 0.012649
0.001565 0.591597 0.406828 0.00001
0.00001 0.99997 0.00001 0.00001
0.00001 0.619371 0.380609 0.00001
0.00001 0.99997 0.00001 0.00001
0.000542 0.838325 0.161123 0.00001
0.00001 0.852231 0.147749 0.00001
0.00001 0.660445 0.339535 0.00001
0.00001 0.99997 0.00001 0.00001
0.00001 0.718226 0.281754 0.00001
0.00001 0.679973 0.320007 0.00001
0.00001 0.85342 0.14656 0.00001
0.00001 0.726198 0.273782 0.00001
0.00001 0.812988 0.184851 0.002151
0.00001 0.898871 0.101109 0.00001
0.00001 0.823521 0.176459 0.00001
0.00001 0.69868 0.3013 0.00001
0.00001 0.706481 0.292757 0.000753
0.00001 0.99997 0.00001 0.00001
0.00001 0.99997 0.00001 0.00001
0.00001 0.810458 0.189522 0.00001
0.00001 0.676821 0.323159 0.00001
0.00001 0.768157 0.231823 0.00001
0.00001 0.745218 0.254762 0.00001
0.00001 0.924086 0.075894 0.00001
0.00001 0.781608 0.218372 0.00001
0.00001 0.777772 0.222208 0.00001
0.00001 0.623095 0.376885 0.00001
0.00001 0.651077 0.345118 0.003795
0.00001 0.664057 0.335923 0.00001
0.00001 0.87656 0.12342 0.00001
0.00001 0.780946 0.219034 0.00001
0.00001 0.788845 0.211135 0.00001
0.00001 0.736497 0.263483 0.00001
0.004596 0.957643 0.037751 0.00001
0.00001 0.99997 0.00001 0.00001
0.00001 0.856915 0.143065 0.00001
0.00001 0.99997 0.00001 0.00001
0.00001 0.785691 0.214289 0.00001
0.00001 0.756493 0.215191 0.028306
0.098826 0.356034 0.154099 0.391041
0.08893 0.363129 0.165358 0.382584
0.137818 0.554933 0.056965 0.250284
0.079453 0.626762 0.131967 0.161818
0.045203 0.713168 0.055567 0.186062
0.04447 0.611917 0.146273 0.197339
0.273489 0.163338 0.0371 0.526074
0.08472 0.339869 0.126753 0.448658
0.170894 0.194008 0.156017 0.47908
0.101335 0.547333 0.172988 0.178343
0.009128 0.630095 0.170367 0.19041
0.324688 0.101553 0.00001 0.573749
0.055989 0.183861 0.119672 0.640478
0.286657 0.118601 0.101658 0.493084
0.129142 0.140626 0.060567 0.669665
0.07798 0.64851 0.096169 0.177341
0.054271 0.565587 0.209064 0.171078
0.114909 0.548819 0.098833 0.237438
0.00001 0.51519 0.211098 0.273701
0.00001 0.586083 0.193449 0.220458
0.00001 0.620629 0.185652 0.193709
0.00001 0.571946 0.315524 0.11252
0.159612 0.636325 0.00001 0.204052
0.037879 0.60136 0.099589 0.261171
0.00001 0.611273 0.031579 0.357137
0.207217 0.478647 0.253666 0.060469
0.050172 0.66375 0.167202 0.118875
0.032208 0.522335 0.243226 0.202231
0.00001 0.622461 0.1926 0.184929
0.09378 0.592734 0.205655 0.10783
0.06849 0.512158 0.169248 0.250104
0.072782 0.654479 0.175023 0.097716
0.064427 0.63883 0.165387 0.131356
0.1669 0.59461 0.187576 0.050913
0.069102 0.556181 0.231146 0.143571
0.039612 0.567054 0.176477 0.216857
0.00001 0.526839 0.26943 0.203721
0.049977 0.692259 0.10904 0.148724
0.00001 0.587713 0.193162 0.219115
0.06079 0.679258 0.115208 0.144744
0.00001 0.485845 0.057913 0.456232
0.069801 0.596549 0.135991 0.197659
0.066185 0.612127 0.213408 0.108281
0.082723 0.656874 0.260393 0.00001
0.130369 0.00001 0.00001 0.869611
0.181281 0.004681 0.00001 0.814029
0.093799 0.00001 0.00001 0.906181
0.00001 0.00001 0.00001 0.99997
0.109064 0.00001 0.00001 0.890916
0.136327 0.00001 0.00001 0.863653
0.094368 0.00001 0.00001 0.905612
0.131057 0.00001 0.00001 0.868923
0.172702 0.00001 0.00001 0.827278
0.2438 0.00001 0.00001 0.75618
0.00001 0.00001 0.00001 0.99997
0.054147 0.00001 0.00001 0.945833
0.113993 0.00001 0.00001 0.885987
0.079525 0.00001 0.00001 0.920455
0.00001 0.00001 0.00001 0.99997
0.040043 0.00001 0.00001 0.959937
0.125016 0.00001 0.00001 0.874964
0.107979 0.00001 0.00001 0.892001
0.189763 0.00001 0.023421 0.786806
0.178497 0.00001 0.00001 0.821483
0.080047 0.00001 0.00001 0.919933
0.087566 0.00001 0.00001 0.912414
0.205739 0.00001 0.00001 0.794241
0.242144 0.00001 0.00001 0.757836
0.125576 0.00001 0.00001 0.874404
0.128493 0.00001 0.00001 0.871487
0.156622 0.00001 0.00001 0.843358
0.226695 0.00001 0.00001 0.773285
0.112223 0.00001 0.00001 0.887757
0.182194 0.00001 0.00001 0.817786
0.087482 0.00001 0.00001 0.912498
0.11909 0.005136 0.00001 0.875765
0.108984 0.00001 0.00001 0.890996
0.18652 0.00001 0.00001 0.81346
0.058268 0.00001 0.00001 0.941712
0.190364 0.00001 0.00001 0.809616
0.023722 0.00001 0.00001 0.976258
0.015287 0.000015 0.00001 0.984689
0.058138 0.00001 0.00001 0.941842
0.102468 0.00001 0.00001 0.897512
0.230317 0.00001 0.00001 0.769663
0.192528 0.00001 0.00001 0.807452
0.00001 0.041065 0.00001 0.958915
0.00001 0.031488 0.00001 0.968492
0.298052 0.00001 0.00001 0.701928
0.081267 0.00001 0.00001 0.918713
0.22017 0.014196 0.00001 0.765624
0.035332 0.030668 0.00001 0.93399
0.227965 0.00001 0.00001 0.772015
0.258894 0.00001 0.00001 0.741086
0.131182 0.00001 0.00001 0.868798
0.139225 0.00001 0.00001 0.860755
0.043247 0.00001 0.00001 0.956733
0.07736 0.00001 0.00001 0.92262
0.094329 0.00001 0.00001 0.905651
0.125585 0.00001 0.00001 0.874395
0.078811 0.00001 0.00001 0.921169
0.165049 0.00001 0.00001 0.834931
0.130305 0.002701 0.00001 0.866984
0.2425 0.00001 0.00001 0.75748
0.034176 0.023424 0.00001 0.94239
0.00001 0.024436 0.00001 0.975544
0.079274 0.00001 0.010013 0.910704
0.00001 0.00001 0.00354 0.99644
0.00001 0.00001 0.00001 0.99997
0.00001 0.00001 0.00001 0.99997
0.23371 0.00001 0.00001 0.76627
0.117685 0.00001 0.006207 0.876098
0.141663 0.00001 0.00001 0.858317
0.169974 0.00001 0.00001 0.830006
0.167989 0.003566 0.00001 0.828435
0.025726 0.00001 0.00001 0.974254
0.075392 0.00001 0.00001 0.924588
0.121374 0.00001 0.00001 0.878606
0.019062 0.00001 0.00001 0.980918
0.076202 0.002215 0.00001 0.921573
0.071779 0.00001 0.00001 0.928201
0.119133 0.00001 0.00001 0.880847
0.141096 0.00001 0.00001 0.858884
0.044016 0.00001 0.00001 0.955964
0.00001 0.00001 0.00001 0.99997
0.02545 0.00001 0.00001 0.97453
0.13602 0.00001 0.00001 0.86396
0.212149 0.00001 0.00001 0.787831
0.152974 0.00001 0.00001 0.847006
0.149226 0.00001 0.00001 0.850754
0.134871 0.00001 0.00001 0.865109
0.17469 0.00001 0.00001 0.82529
0.160823 0.00001 0.00001 0.839157
0.058663 0.00001 0.00001 0.941317
0.175747 0.000011 0.00001 0.824232
0.181532 0.00001 0.00001 0.818448
0.301239 0.00001 0.00001 0.698741
0.314755 0.00001 0.00001 0.685225
0.298173 0.00001 0.00001 0.701807
0.251222 0.00001 0.00001 0.748758
0.131927 0.00001 0.00001 0.868053
0.197375 0.00001 0.00001 0.802605
0.325557 0.00001 0.00001 0.674423
0.303801 0.00001 0.00001 0.696179
0.318299 0.00001 0.00001 0.681681
0.00001 0.00001 0.00001 0.99997
0.00001 0.00001 0.00001 0.99997
0.153748 0.00001 0.00001 0.846232
0.198946 0.00001 0.00001 0.801034
0.00001 0.00001 0.00001 0.99997
0.120658 0.00001 0.010506 0.868826
0.716506 0.00001 0.00001 0.283474
0.466438 0.00001 0.00001 0.533542
0.468491 0.00001 0.00001 0.531489
0.702273 0.00001 0.00001 0.297707
0.665517 0.00001 0.00001 0.334463
0.428534 0.00001 0.00001 0.571446
0.499303 0.00001 0.00001 0.500677
0.63607 0.00001 0.00001 0.36391
0.767318 0.00001 0.00001 0.232662
0.300333 0.00001 0.00001 0.699647
0.420395 0.00001 0.00001 0.579585
0.641084 0.00001 0.00001 0.358896
0.65203 0.00001 0.00001 0.34795
0.31754 0.00001 0.00001 0.68244
0.565886 0.00001 0.00001 0.434094
0.548355 0.00001 0.00001 0.451625
0.635752 0.00001 0.00001 0.364228
0.639568 0.00001 0.00001 0.360412
0.645467 0.00001 0.00001 0.354513
0.475534 0.00001 0.00001 0.524446
0.312237 0.00001 0.00001 0.687743
0.69289 0.00001 0.00001 0.30709
0.710134 0.00001 0.00001 0.289846
0.708578 0.00001 0.00001 0.291402
0.390862 0.00001 0.00001 0.609118
0.583264 0.00001 0.00001 0.416716
0.478809 0.00001 0.00001 0.521171
0.519383 0.00001 0.00001 0.480597
0.99997 0.00001 0.00001 0.00001
0.969087 0.00001 0.00001 0.030893
0.99997 0.00001 0.00001 0.00001
0.99997 0.00001 0.00001 0.00001
0.99997 0.00001 0.00001 0.00001
0.99997 0.00001 0.00001 0.00001
0.971932 0.00001 0.00001 0.028048
0.942588 0.00001 0.00001 0.057392
0.99997 0.00001 0.00001 0.00001
0.99997 0.00001 0.00001 0.00001
0.99997 0.00001 0.00001 0.00001
0.99997 0.00001 0.00001 0.00001
0.99997 0.00001 0.00001 0.00001
0.99997 0.00001 0.00001 0.00001
0.99997 0.00001 0.00001 0.00001
0.99997 0.00001 0.00001 0.00001
0.938487 0.00001 0.00001 0.061493
0.948297 0.00001 0.00001 0.051683
0.99997 0.00001 0.00001 0.00001
0.99997 0.00001 0.00001 0.00001
0.99997 0.00001 0.00001 0.00001
0.99997 0.00001 0.00001 0.00001
0.891749 0.00001 0.00001 0.108231
0.99997 0.00001 0.00001 0.00001
0.99997 0.00001 0.00001 0.00001
0.80421 0.00001 0.00001 0.19577
0.718493 0.00001 0.00001 0.281487
0.850417 0.00001 0.00001 0.149563
0.94378 0.00001 0.00001 0.0562
0.76811 0.00001 0.00001 0.23187
0.73004 0.00001 0.00001 0.26994
0.856222 0.00001 0.00001 0.143758
0.744041 0.00001 0.00001 0.255939
0.951321 0.00001 0.00001 0.048659
0.817586 0.00001 0.00001 0.182394
0.814311 0.00001 0.00001 0.185669
0.8357 0.00001 0.00001 0.16428
0.919499 0.00001 0.00001 0.080481
0.829433 0.00001 0.00001 0.170547
0.795066 0.00001 0.00001 0.204914
0.778181 0.00001 0.00001 0.221799
0.832203 0.00001 0.00001 0.167777
0.800663 0.00001 0.00001 0.199317
0.858034 0.00001 0.00001 0.141946
0.741984 0.00001 0.00001 0.257996
0.82533 0.00001 0.00001 0.17465
0.842128 0.00001 0.00001 0.157852
0.803833 0.00001 0.00001 0.196147
0.943233 0.00001 0.00001 0.056747
0.817704 0.00001 0.00001 0.182276
0.798727 0.00001 0.00001 0.201253
0.775647 0.00001 0.00001 0.224333
0.862045 0.00001 0.00001 0.137935
0.901373 0.00001 0.00001 0.098607
0.931868 0.00001 0.00001 0.068112
0.81033 0.00001 0.00001 0.18965
0.826224 0.00001 0.00001 0.173756
0.845953 0.00001 0.00001 0.154027
0.96757 0.00001 0.00001 0.03241
0.831655 0.00001 0.00001 0.168325
0.99997 0.00001 0.00001 0.00001
0.889396 0.00001 0.00001 0.110584
0.99997 0.00001 0.00001 0.00001
0.991497 0.00001 0.00001 0.008483
0.894559 0.00001 0.00001 0.105421
0.950484 0.00001 0.00001 0.049496
0.837805 0.00001 0.00001 0.162175
0.804967 0.00001 0.00001 0.195013
0.961479 0.00001 0.00001 0.038501
0.904498 0.00001 0.00001 0.095482
0.86666 0.00001 0.00001 0.13332
0.963187 0.00001 0.00001 0.036793
0.868353 0.00001 0.00001 0.131627
0.828505 0.00001 0.00001 0.171475
0.873288 0.00001 0.00001 0.126692
0.897056 0.00001 0.00001 0.102924
0.867017 0.00001 0.00001 0.132963
0.94162 0.00001 0.00001 0.05836
0.866145 0.00001 0.00001 0.133835
0.777918 0.00001 0.00001 0.222062
0.99997 0.00001 0.00001 0.00001
0.760584 0.00001 0.00001 0.239396
0.924375 0.00001 0.00001 0.075605
0.865586 0.00001 0.00001 0.134394
0.827401 0.00001 0.00001 0.172579
0.868608 0.00001 0.00001 0.131372
0.826381 0.00001 0.00001 0.173599
0.793253 0.00001 0.00001 0.206727
0.80406 0.00001 0.00001 0.19592
