0.00001 0.00001 0.00001 0.99996 0.00001
0.00001 0.00001 0.00001 0.647982 0.351988
0.00001 0.00001 0.00001 0.748871 0.251099
0.00001 0.00001 0.00001 0.99996 0.00001
0.00001 0.00001 0.00001 0.99996 0.00001
0.00001 0.00001 0.00001 0.99996 0.00001
0.00001 0.00001 0.00001 0.562967 0.437003
0.00001 0.00001 0.00001 0.616854 0.383116
0.00001 0.00001 0.00001 0.682265 0.317705
0.00001 0.00001 0.00001 0.99996 0.00001
0.00001 0.00001 0.00001 0.99996 0.00001
0.00001 0.00001 0.00001 0.702451 0.297519
0.00001 0.00001 0.00001 0.663549 0.336421
0.027152 0.00001 0.00001 0.416627 0.556201
0.00001 0.00001 0.00001 0.99996 0.00001
0.00001 0.00001 0.00001 0.99996 0.00001
0.00001 0.00001 0.00001 0.99996 0.00001
0.00001 0.00001 0.00001 0.644931 0.355039
0.00001 0.00001 0.00001 0.756685 0.243285
0.00001 0.00001 0.00001 0.450573 0.549397
0.00001 0.00001 0.00001 0.99996 0.00001
0.00001 0.00001 0.00001 0.449628 0.550342
0.00001 0.00001 0.00001 0.00001 0.99996
0.00001 0.00001 0.026594 0.00001 0.973376
0.00001 0.00001 0.00001 0.202473 0.797497
0.00001 0.00001 0.00001 0.132846 0.867124
0.029484 0.00001 0.00001 0.169003 0.801494
0.00001 0.00001 0.00001 0.195824 0.804146
0.000183 0.00001 0.00001 0.205119 0.794677
0.00001 0.00001 0.00001 0.332908 0.667062
0.000019 0.00001 0.00001 0.224594 0.775366
0.00001 0.00001 0.002334 0.216755 0.780891
0.023177 0.00001 0.00001 0.264087 0.712716
0.00001 0.00001 0.00001 0.168487 0.831483
0.00001 0.00001 0.00001 0.059736 0.940234
0.00001 0.00001 0.00001 0.00001 0.99996
0.00001 0.00001 0.00001 0.164699 0.835271
0.00001 0.00001 0.00001 0.217439 0.782531
0.00001 0.00001 0.00001 0.248799 0.751171
0.00001 0.00001 0.00001 0.058788 0.941182
0.00001 0.00001 0.00001 0.072964 0.927006
0.00001 0.00001 0.00001 0.00001 0.99996
0.019813 0.00001 0.00001 0.175784 0.804383
0.00001 0.00001 0.049449 0.181563 0.768968
0.00001 0.00001 0.00001 0.265095 0.734875
0.00001 0.00001 0.00001 0.156469 0.843501
0.00001 0.00001 0.00001 0.082427 0.917543
0.00001 0.00001 0.00001 0.216907 0.783063
0.00001 0.00001 0.00001 0.158573 0.841397
0.00001 0.00001 0.018709 0.301327 0.679944
0.00001 0.00001 0.00001 0.276216 0.723754
0.008021 0.00001 0.00001 0.186736 0.805223
0.00001 0.00001 0.00001 0.00001 0.99996
0.00001 0.00001 0.00001 0.104877 0.895093
0.01176 0.00001 0.00001 0.00001 0.98821
0.00001 0.000017 0.00001 0.169921 0.830042
0.01908 0.00001 0.00001 0.313955 0.666946
0.00001 0.00001 0.001329 0.076897 0.921754
0.00001 0.00001 0.00001 0.20998 0.78999
0.027026 0.00001 0.00001 0.2196 0.753354
0.00001 0.00001 0.00001 0.00001 0.99996
0.00001 0.00001 0.00001 0.198126 0.801844
0.00001 0.00001 0.00001 0.19344 0.80653
0.00001 0.00001 0.014425 0.244728 0.740827
0.00001 0.00001 0.00001 0.404425 0.595545
0.00001 0.00001 0.00001 0.205189 0.794781
0.00001 0.00001 0.00001 0.127305 0.872665
0.00001 0.00001 0.00001 0.199468 0.800502
0.00001 0.004577 0.00001 0.193363 0.80204
0.00001 0.00001 0.00001 0.158667 0.841303
0.00001 0.000016 0.00001 0.258942 0.741022
0.006747 0.00001 0.00001 0.222256 0.770977
0.00001 0.00001 0.00001 0.169839 0.830131
0.00001 0.00001 0.00001 0.217599 0.782371
0.00001 0.00001 0.00001 0.278508 0.721462
0.005203 0.00001 0.00001 0.218333 0.776444
0.00001 0.00001 0.00001 0.170025 0.829945
0.00001 0.00001 0.00001 0.280872 0.719098
0.009493 0.00001 0.00001 0.236394 0.754093
0.00001 0.00001 0.00001 0.191411 0.808559
0.00001 0.00001 0.078022 0.282701 0.639258
0.00001 0.00001 0.00001 0.163462 0.836508
0.00001 0.00001 0.00001 0.00001 0.99996
0.00001 0.00001 0.00001 0.307185 0.692785
0.00001 0.00001 0.00001 0.131431 0.868539
0.006772 0.00001 0.00001 0.228508 0.7647
0.00001 0.00001 0.00001 0.107216 0.892754
0.00001 0.00001 0.00001 0.108704 0.891266
0.00001 0.00001 0.005317 0.227035 0.767628
0.002382 0.00001 0.00001 0.283999 0.713599
0.00001 0.00001 0.00001 0.159783 0.840187
0.00001 0.00001 0.014562 0.172175 0.813243
0.00001 0.002347 0.00001 0.330778 0.666855
0.00001 0.00001 0.00001 0.00001 0.99996
0.00001 0.00001 0.00001 0.312861 0.687109
0.00001 0.00001 0.00001 0.00001 0.99996
0.002189 0.00001 0.00001 0.11919 0.878601
0.00001 0.00001 0.00001 0.103786 0.896184
0.00001 0.00001 0.00001 0.294993 0.704977
0.00001 0.00001 0.00001 0.00001 0.99996
0.00001 0.00001 0.00001 0.227061 0.772909
0.00001 0.00001 0.00001 0.25723 0.74274
0.00001 0.00001 0.00001 0.094099 0.905871
0.001674 0.00001 0.00001 0.201682 0.796624
0.00001 0.00001 0.003174 0.142268 0.854538
0.00001 0.00001 0.00001 0.095879 0.904091
0.00001 0.00001 0.000723 0.155745 0.843512
0.00001 0.00001 0.00001 0.253507 0.746463
0.003176 0.00001 0.00001 0.243902 0.752901
0.00001 0.00001 0.00001 0.00001 0.99996
0.00001 0.00001 0.00001 0.00001 0.99996
0.00001 0.00001 0.00001 0.146989 0.852981
0.00001 0.00001 0.00001 0.248452 0.751518
0.00001 0.00001 0.00001 0.19285 0.80712
0.00001 0.00001 0.00001 0.204218 0.795752
0.00001 0.00001 0.00001 0.032018 0.967952
0.00001 0.00001 0.00001 0.187657 0.812313
0.00001 0.00001 0.00001 0.15387 0.8461
0.00001 0.00001 0.00001 0.307558 0.692412
0.005249 0.00001 0.00001 0.258659 0.736072
0.00001 0.00001 0.00001 0.27337 0.7266
0.00001 0.00001 0.00001 0.089529 0.910441
0.00001 0.00001 0.00001 0.15436 0.84561
0.00001 0.00001 0.00001 0.169427 0.830543
0.00001 0.000015 0.00001 0.22108 0.778886
0.00001 0.005307 0.00001 0.00001 0.994663
0.00001 0.00001 0.00001 0.00001 0.99996
0.00001 0.00001 0.00001 0.117861 0.882109
0.003681 0.00001 0.00001 0.00001 0.996289
0.00001 0.00001 0.00001 0.161921 0.838049
0.030213 0.00001 0.00001 0.17059 0.799177
0.00001 0.00001 0.497971 0.13634 0.365669
0.082286 0.049548 0.343911 0.133353 0.390903
0.00001 0.076574 0.316938 0.020054 0.586424
0.07363 0.063934 0.105008 0.114957 0.642471
0.00001 0.00001 0.237207 0.015363 0.74741
0.00001 0.00001 0.247004 0.120915 0.632062
0.188273 0.226077 0.388331 0.045697 0.151622
0.151581 0.046825 0.338484 0.097718 0.365392
0.08283 0.131065 0.442111 0.127273 0.216721
0.203096 0.074444 0.00001 0.125326 0.597124
0.00001 0.00001 0.202027 0.139232 0.65872
0.00001 0.262432 0.648379 0.00001 0.089169
0.00001 0.00001 0.705476 0.114966 0.179538
0.256088 0.231695 0.29345 0.085657 0.13311
0.283648 0.077771 0.440586 0.051179 0.146816
0.00001 0.037525 0.221139 0.085688 0.655637
0.043266 0.036067 0.14758 0.173465 0.599621
0.092024 0.099535 0.162197 0.081991 0.564253
0.10365 0.00001 0.171575 0.177469 0.547296
0.10715 0.00001 0.114016 0.171257 0.607568
0.00001 0.00001 0.196104 0.146043 0.657833
0.00001 0.00001 0.114243 0.26278 0.622957
0.02216 0.140582 0.203208 0.00001 0.63404
0.261356 0.0347 0.00001 0.051466 0.652468
0.00001 0.00001 0.361637 0.002434 0.63591
0.086163 0.181643 0.00001 0.214076 0.518108
0.008571 0.04168 0.12072 0.129997 0.699032
0.064373 0.000831 0.170911 0.21004 0.553846
0.00001 0.00001 0.18998 0.163121 0.646879
0.069641 0.082887 0.049671 0.201411 0.596391
0.030911 0.064842 0.225065 0.11493 0.564252
0.073589 0.065724 0.031116 0.116874 0.712697
0.161732 0.033242 0.00001 0.122675 0.68234
0.00001 0.062929 0.162911 0.158919 0.61523
0.00001 0.045339 0.170548 0.18109 0.603012
0.00001 0.00001 0.260827 0.145945 0.593209
0.201008 0.00001 0.00001 0.226762 0.57221
0.042737 0.01938 0.138739 0.070368 0.728777
0.139933 0.00001 0.078858 0.145465 0.635734
0.00001 0.00001 0.211675 0.08222 0.706086
0.00001 0.00001 0.462404 0.033533 0.504043
0.047042 0.044213 0.178306 0.116375 0.614064
0.019819 0.050536 0.106264 0.191103 0.632278
0.00001 0.08314 0.00001 0.212859 0.703981
0.562368 0.085829 0.351783 0.00001 0.00001
0.138597 0.126566 0.734817 0.00001 0.00001
0.569624 0.059118 0.371238 0.00001 0.00001
0.521824 0.00001 0.478146 0.00001 0.00001
0.302716 0.046577 0.650677 0.00002 0.00001
0.417928 0.094135 0.487916 0.00001 0.00001
0.520621 0.055628 0.423731 0.00001 0.00001
0.483035 0.093575 0.423371 0.00001 0.00001
0.507947 0.128601 0.363431 0.00001 0.00001
0.307619 0.201993 0.490368 0.00001 0.00001
0.99996 0.00001 0.00001 0.00001 0.00001
0.99996 0.00001 0.00001 0.00001 0.00001
0.99996 0.00001 0.00001 0.00001 0.00001
0.99996 0.00001 0.00001 0.00001 0.00001
0.99996 0.00001 0.00001 0.00001 0.00001
0.99996 0.00001 0.00001 0.00001 0.00001
0.00001 0.00001 0.99996 0.00001 0.00001
0.414923 0.057763 0.527294 0.00001 0.00001
0.509295 0.141177 0.325683 0.023835 0.00001
0.317761 0.13236 0.549858 0.00001 0.00001
0.410583 0.035575 0.553822 0.00001 0.00001
0.43915 0.044635 0.516193 0.000013 0.00001
0.298855 0.160515 0.54061 0.00001 0.00001
0.486328 0.197486 0.316167 0.00001 0.00001
0.313111 0.064716 0.622154 0.00001 0.00001
0.00001 0.00001 0.99996 0.00001 0.00001
0.332099 0.112322 0.555559 0.00001 0.00001
0.358546 0.178235 0.463199 0.00001 0.00001
0.418502 0.062263 0.519215 0.00001 0.00001
0.463818 0.137302 0.39886 0.00001 0.00001
0.00001 0.00001 0.99996 0.00001 0.00001
0.628753 0.071966 0.297401 0.00001 0.00187
0.99996 0.00001 0.00001 0.00001 0.00001
0.350445 0.135519 0.514016 0.00001 0.00001
0.432789 0.014115 0.553076 0.00001 0.00001
0.393766 0.135231 0.470983 0.00001 0.00001
0.526321 0.00001 0.473649 0.00001 0.00001
0.421364 0.00001 0.578606 0.00001 0.00001
0.625022 0.0188 0.356158 0.00001 0.00001
0.6341 0.07926 0.28662 0.00001 0.00001
0.325883 0.183593 0.490503 0.00001 0.00001
0.486327 0.147583 0.36607 0.00001 0.00001
0.305973 0.00001 0.661574 0.00001 0.032433
0.430547 0.00001 0.542866 0.026567 0.00001
0.366105 0.25389 0.379986 0.00001 0.00001
0.322167 0.021072 0.656741 0.00001 0.00001
0.294428 0.155348 0.549582 0.00001 0.000632
0.509094 0.00001 0.460149 0.00001 0.030737
0.493223 0.182837 0.32392 0.00001 0.00001
0.217465 0.211022 0.571494 0.00001 0.00001
0.560156 0.09778 0.342044 0.00001 0.00001
0.34412 0.104324 0.551536 0.00001 0.00001
0.453589 0.002233 0.544158 0.00001 0.00001
0.468638 0.040048 0.491294 0.00001 0.00001
0.581414 0.048909 0.369657 0.00001 0.00001
0.99996 0.00001 0.00001 0.00001 0.00001
0.518949 0.051905 0.429126 0.00001 0.00001
0.99996 0.00001 0.00001 0.00001 0.00001
0.255515 0.067784 0.676681 0.00001 0.00001
0.371962 0.196737 0.431281 0.00001 0.00001
0.00001 0.00001 0.99996 0.00001 0.00001
0.429684 0.00001 0.547209 0.00001 0.023087
0.58369 0.047123 0.356885 0.012292 0.00001
0.00001 0.00001 0.99996 0.00001 0.00001
0.99996 0.00001 0.00001 0.00001 0.00001
0.99996 0.00001 0.00001 0.00001 0.00001
0.155324 0.155666 0.688989 0.00001 0.00001
0.34805 0.048853 0.603077 0.00001 0.00001
0.00001 0.00001 0.99996 0.00001 0.00001
0.373193 0.118132 0.508655 0.00001 0.00001
0.00001 0.00001 0.99996 0.00001 0.00001
0.429684 0.00001 0.570286 0.00001 0.00001
0.652105 0.057921 0.289954 0.00001 0.00001
0.99996 0.00001 0.00001 0.00001 0.00001
0.325052 0.00001 0.674918 0.00001 0.00001
0.600888 0.036531 0.359784 0.00001 0.002787
0.447516 0.030945 0.521519 0.00001 0.00001
0.00001 0.00001 0.99996 0.00001 0.00001
0.99996 0.00001 0.00001 0.00001 0.00001
0.99996 0.00001 0.00001 0.00001 0.00001
0.425343 0.00001 0.574627 0.00001 0.00001
0.408444 0.00001 0.591526 0.00001 0.00001
0.517416 0.097689 0.384875 0.00001 0.00001
0.447936 0.176039 0.376005 0.00001 0.00001
0.381683 0.115006 0.503292 0.00001 0.00001
0.540512 0.109849 0.349619 0.00001 0.00001
0.532549 0.098816 0.368614 0.00001 0.00001
0.479556 0.134973 0.385451 0.00001 0.00001
0.431267 0.105729 0.462984 0.00001 0.00001
0.47588 0.026228 0.497872 0.00001 0.00001
0.511284 0.136078 0.352618 0.00001 0.00001
0.252754 0.123237 0.623989 0.00001 0.00001
0.354522 0.242446 0.403012 0.00001 0.00001
0.214156 0.266026 0.519798 0.00001 0.00001
0.467585 0.24629 0.286105 0.00001 0.00001
0.138531 0.18791 0.673538 0.00001 0.00001
0.496127 0.085393 0.41846 0.00001 0.00001
0.406122 0.141744 0.452114 0.00001 0.00001
0.265582 0.269065 0.465332 0.00001 0.00001
0.301423 0.254665 0.443892 0.00001 0.00001
0.181267 0.267792 0.550921 0.00001 0.00001
0.358331 0.00001 0.641639 0.00001 0.00001
0.555588 0.00001 0.444382 0.00001 0.00001
0.295669 0.106766 0.597546 0.00001 0.00001
0.565774 0.169207 0.264999 0.00001 0.00001
0.337273 0.00001 0.662697 0.00001 0.00001
0.367532 0.061317 0.568 0.003141 0.00001
0.207896 0.654766 0.137318 0.00001 0.00001
0.228912 0.414857 0.356212 0.00001 0.00001
0.338654 0.414956 0.24637 0.00001 0.00001
0.188535 0.6355 0.175945 0.00001 0.00001
0.183326 0.59172 0.224934 0.00001 0.00001
0.45579 0.384556 0.159633 0.00001 0.00001
0.435762 0.444519 0.119698 0.00001 0.00001
0.159027 0.586754 0.254199 0.00001 0.00001
0.258436 0.711285 0.030258 0.00001 0.00001
0.37338 0.243277 0.383323 0.00001 0.00001
0.301679 0.36151 0.336791 0.00001 0.00001
0.326301 0.581537 0.092142 0.00001 0.00001
0.084264 0.59595 0.319765 0.000011 0.00001
0.361311 0.257477 0.381192 0.00001 0.00001
0.167361 0.493062 0.339558 0.00001 0.00001
0.212862 0.486735 0.300383 0.00001 0.00001
0.276763 0.567643 0.155574 0.00001 0.00001
0.263233 0.577316 0.159431 0.00001 0.00001
0.178912 0.587445 0.233623 0.00001 0.00001
0.237524 0.417195 0.345261 0.00001 0.00001
0.493514 0.251743 0.254723 0.00001 0.00001
0.042443 0.624944 0.332593 0.00001 0.00001
0.234779 0.643888 0.121313 0.00001 0.00001
0.348156 0.651814 0.00001 0.00001 0.00001
0.00001 0.302122 0.697848 0.00001 0.00001
0.147806 0.507559 0.344615 0.00001 0.00001
0.00001 0.394667 0.605303 0.00001 0.00001
0.135374 0.441887 0.42272 0.00001 0.00001
0.00001 0.943172 0.056798 0.00001 0.00001
0.00001 0.894036 0.105934 0.00001 0.00001
0.065028 0.934942 0.00001 0.00001 0.00001
0.00001 0.95421 0.04576 0.00001 0.00001
0.00001 0.99996 0.00001 0.00001 0.00001
0.091724 0.908246 0.00001 0.00001 0.00001
0.00001 0.876749 0.123221 0.00001 0.00001
0.145984 0.853986 0.00001 0.00001 0.00001
0.038802 0.961168 0.00001 0.00001 0.00001
0.00001 0.99996 0.00001 0.00001 0.00001
0.033192 0.966778 0.00001 0.00001 0.00001
0.00001 0.99996 0.00001 0.00001 0.00001
0.00001 0.99996 0.00001 0.00001 0.00001
0.00001 0.99996 0.00001 0.00001 0.00001
0.00001 0.99996 0.00001 0.00001 0.00001
0.028329 0.971641 0.00001 0.00001 0.00001
0.00001 0.830647 0.169323 0.00001 0.00001
0.00001 0.868184 0.131786 0.00001 0.00001
0.00001 0.99996 0.00001 0.00001 0.00001
0.00001 0.99996 0.00001 0.00001 0.00001
0.00001 0.99996 0.00001 0.00001 0.00001
0.00001 0.99996 0.00001 0.00001 0.00001
0.205228 0.794742 0.00001 0.00001 0.00001
0.00001 0.99996 0.00001 0.00001 0.00001
0.00001 0.99996 0.00001 0.00001 0.00001
0.194691 0.751448 0.053841 0.00001 0.00001
0.116222 0.638981 0.244776 0.00001 0.00001
0.168228 0.766944 0.064808 0.00001 0.00001
0.209519 0.790451 0.00001 0.00001 0.00001
0.269963 0.730007 0.00001 0.00001 0.00001
0.167341 0.662556 0.170083 0.00001 0.00001
0.00001 0.785837 0.214133 0.00001 0.00001
0.321035 0.678935 0.00001 0.00001 0.00001
0.057113 0.871636 0.071231 0.00001 0.00001
0.250496 0.749474 0.00001 0.00001 0.00001
0.218014 0.761497 0.020468 0.00001 0.00001
0.00001 0.760856 0.239114 0.00001 0.00001
0.145996 0.853974 0.00001 0.00001 0.00001
0.00001 0.745391 0.254579 0.00001 0.00001
0.062041 0.723029 0.21491 0.00001 0.00001
0.211667 0.726358 0.061956 0.00001 0.00001
0.118865 0.757564 0.123551 0.00001 0.00001
0.225363 0.738158 0.036459 0.00001 0.00001
0.224588 0.775382 0.00001 0.00001 0.00001
0.185448 0.680887 0.133645 0.00001 0.00001
0.24966 0.75031 0.00001 0.00001 0.00001
0.266052 0.733918 0.00001 0.00001 0.00001
0.275098 0.724872 0.00001 0.00001 0.00001
0.071047 0.876542 0.052391 0.00001 0.00001
0.25546 0.74451 0.00001 0.00001 0.00001
0.225615 0.735331 0.039034 0.00001 0.00001
0.330242 0.669728 0.00001 0.00001 0.00001
0.157147 0.790258 0.052575 0.00001 0.00001
0.126264 0.811164 0.062552 0.00001 0.00001
0.197169 0.802801 0.00001 0.00001 0.00001
0.246057 0.753913 0.00001 0.00001 0.00001
0.23509 0.76488 0.00001 0.00001 0.00001
0.00001 0.778702 0.221268 0.00001 0.00001
0.185163 0.814807 0.00001 0.00001 0.00001
0.250212 0.749758 0.00001 0.00001 0.00001
0.00001 0.99996 0.00001 0.00001 0.00001
0.046117 0.817979 0.135885 0.00001 0.00001
0.00001 0.99996 0.00001 0.00001 0.00001
0.00001 0.887469 0.112501 0.00001 0.00001
0.167537 0.82178 0.010664 0.00001 0.00001
0.123303 0.876667 0.00001 0.00001 0.00001
0.294446 0.705524 0.00001 0.00001 0.00001
0.162608 0.737859 0.099513 0.00001 0.00001
0.026409 0.885474 0.088097 0.00001 0.00001
0.00001 0.83255 0.16742 0.00001 0.00001
0.211418 0.788552 0.00001 0.00001 0.00001
0.154867 0.845103 0.00001 0.00001 0.00001
0.00001 0.805849 0.194121 0.00001 0.00001
0.253479 0.746491 0.00001 0.00001 0.00001
0.220019 0.779951 0.00001 0.00001 0.00001
0.116245 0.812336 0.071399 0.00001 0.00001
0.106104 0.781161 0.112715 0.00001 0.00001
0.00001 0.841055 0.158915 0.00001 0.00001
0.116789 0.793859 0.089333 0.00001 0.00001
0.145631 0.718782 0.135568 0.00001 0.00001
0.063118 0.936852 0.00001 0.00001 0.00001
0.042446 0.679407 0.278128 0.00001 0.00001
0.159191 0.840779 0.00001 0.00001 0.00001
0.071515 0.784963 0.143503 0.00001 0.00001
0.266577 0.733393 0.00001 0.00001 0.00001
0.210386 0.789584 0.00001 0.00001 0.00001
0.285669 0.714301 0.00001 0.00001 0.00001
0.00001 0.744603 0.255367 0.00001 0.00001
0.233017 0.743727 0.023237 0.00001 0.00001
