0.00001 0.00001 0.00001 0.00001 0.99996
0.00001 0.00001 0.00001 0.00001 0.99996
0.00001 0.00001 0.00001 0.00001 0.99996
0.00001 0.00001 0.00001 0.00001 0.99996
0.00001 0.00001 0.00001 0.00001 0.99996
0.00001 0.00001 0.00001 0.00001 0.99996
0.00001 0.00001 0.00001 0.310972 0.688998
0.00001 0.00001 0.00001 0.00001 0.99996
0.00001 0.00001 0.00001 0.00001 0.99996
0.00001 0.00001 0.00001 0.00001 0.99996
0.00001 0.00001 0.00001 0.00001 0.99996
0.00001 0.00001 0.00001 0.00001 0.99996
0.00001 0.00001 0.00001 0.272403 0.727567
0.00001 0.00001 0.028742 0.46353 0.507707
0.00001 0.00001 0.00001 0.00001 0.99996
0.00001 0.00001 0.00001 0.00001 0.99996
0.00001 0.00001 0.00001 0.00001 0.99996
0.00001 0.00001 0.00001 0.00001 0.99996
0.00001 0.00001 0.00001 0.00001 0.99996
0.00001 0.00001 0.00001 0.439479 0.560491
0.00001 0.00001 0.00001 0.00001 0.99996
0.00001 0.00001 0.00001 0.486531 0.513439
0.00001 0.00001 0.00001 0.99996 0.00001
0.00001 0.00001 0.026145 0.973825 0.00001
0.00001 0.00001 0.00001 0.698771 0.301199
0.00001 0.00001 0.00001 0.801467 0.198503
0.10744 0.00001 0.002353 0.681402 0.208795
0.00001 0.00001 0.00001 0.74538 0.25459
0.00001 0.00001 0.001528 0.755418 0.243034
0.00001 0.00001 0.00001 0.613226 0.386744
0.00001 0.00001 0.00001 0.714566 0.285404
0.049231 0.00001 0.00001 0.676447 0.274302
0.175902 0.00001 0.00001 0.505786 0.318291
0.00001 0.00001 0.00001 0.771797 0.228173
0.00001 0.00001 0.00001 0.899292 0.100678
0.00001 0.00001 0.00001 0.99996 0.00001
0.0271 0.00001 0.00001 0.754775 0.218106
0.00001 0.00001 0.00001 0.724087 0.275883
0.0488 0.00001 0.00001 0.63027 0.32091
0.00001 0.00001 0.00001 0.882202 0.117768
0.120467 0.00001 0.00001 0.755182 0.124331
0.00001 0.00001 0.00001 0.99996 0.00001
0.144908 0.00001 0.00001 0.651849 0.203223
0.214305 0.00001 0.00001 0.559798 0.225876
0.00001 0.00001 0.00001 0.687632 0.312338
0.00001 0.00001 0.00001 0.776943 0.223027
0.00001 0.00001 0.00001 0.890776 0.109194
0.00001 0.00001 0.00001 0.703038 0.296932
0.00001 0.00001 0.00001 0.807373 0.192597
0.094915 0.00001 0.00001 0.563419 0.341645
0.003996 0.00001 0.00001 0.654283 0.341701
0.041983 0.00001 0.00001 0.725767 0.23223
0.00001 0.00001 0.00001 0.99996 0.00001
0.00001 0.00001 0.00001 0.855621 0.144349
0.00001 0.00001 0.01035 0.98962 0.00001
0.00001 0.00001 0.00001 0.795128 0.204842
0.105884 0.00001 0.00001 0.522018 0.372077
0.041571 0.00001 0.00001 0.845717 0.112693
0.00001 0.00001 0.00001 0.734608 0.265362
0.10701 0.00001 0.000128 0.628662 0.26419
0.00001 0.00001 0.00001 0.99996 0.00001
0.00001 0.00001 0.00001 0.753149 0.246821
0.00001 0.00001 0.00001 0.767875 0.232095
0.00001 0.00001 0.011654 0.682843 0.305483
0.00001 0.00001 0.00001 0.523837 0.476133
0.00001 0.00001 0.00001 0.738031 0.261939
0.00001 0.00001 0.00001 0.838547 0.161423
0.058394 0.00001 0.00001 0.649668 0.291917
0.00001 0.006008 0.00001 0.733932 0.260039
0.00001 0.00001 0.00001 0.794866 0.205104
0.00001 0.00001 0.00001 0.683272 0.316698
0.048172 0.00001 0.00001 0.661045 0.290763
0.00001 0.00001 0.00001 0.790346 0.209624
0.00001 0.00001 0.00001 0.733946 0.266024
0.00001 0.00001 0.00001 0.687568 0.312402
0.067772 0.00001 0.00001 0.641938 0.29027
0.00001 0.00001 0.00001 0.754102 0.245868
0.00001 0.00001 0.00001 0.638334 0.361636
0.00001 0.00001 0.009673 0.700667 0.28964
0.00001 0.00001 0.00001 0.756513 0.243457
0.347311 0.00001 0.00001 0.379155 0.273514
0.00001 0.00001 0.00001 0.77475 0.22522
0.00001 0.00001 0.00001 0.99996 0.00001
0.00001 0.00001 0.00001 0.621721 0.378249
0.00001 0.00001 0.00001 0.817801 0.182169
0.00001 0.00001 0.005306 0.725464 0.26921
0.00001 0.00001 0.00001 0.841821 0.158149
0.00001 0.00001 0.00001 0.816731 0.183239
0.052027 0.00001 0.00001 0.674464 0.273489
0.073709 0.00001 0.00001 0.576973 0.349299
0.00001 0.00001 0.00001 0.779795 0.220175
0.095614 0.00001 0.00001 0.697702 0.206664
0.12546 0.00001 0.00001 0.485004 0.389516
0.00001 0.00001 0.00001 0.99996 0.00001
0.015759 0.00001 0.00001 0.593975 0.390247
0.00001 0.00001 0.00001 0.99996 0.00001
0.059767 0.00001 0.00001 0.783175 0.157038
0.00001 0.00001 0.00001 0.833995 0.165975
0.00001 0.00001 0.00001 0.653702 0.346268
0.00001 0.00001 0.00001 0.99996 0.00001
0.00001 0.00001 0.00001 0.70639 0.29358
0.00001 0.00001 0.00001 0.654632 0.345338
0.030153 0.00001 0.00001 0.811146 0.15868
0.058092 0.00001 0.00001 0.657368 0.28452
0.091827 0.00001 0.00001 0.732773 0.17538
0.00001 0.00001 0.00001 0.912265 0.087705
0.05403 0.00001 0.00001 0.771304 0.174647
0.003587 0.00001 0.000327 0.676063 0.320013
0.00001 0.00001 0.002351 0.699115 0.298514
0.00001 0.00001 0.00001 0.99996 0.00001
0.00001 0.00001 0.00001 0.99996 0.00001
0.00001 0.00001 0.00001 0.799185 0.200785
0.053787 0.00001 0.00001 0.614395 0.331797
0.00001 0.00001 0.00001 0.751922 0.248048
0.00001 0.00001 0.00001 0.731272 0.268698
0.00001 0.00001 0.00001 0.886422 0.113548
0.00001 0.00001 0.00001 0.769541 0.230429
0.00001 0.00001 0.00001 0.754824 0.245146
0.036728 0.00001 0.00001 0.574894 0.388358
0.00001 0.00001 0.005614 0.641843 0.352523
0.003697 0.00001 0.00001 0.659298 0.336985
0.00001 0.00001 0.00001 0.865437 0.134533
0.00001 0.00001 0.00001 0.770987 0.228983
0.00001 0.00001 0.00001 0.778811 0.221159
0.00001 0.00001 0.00001 0.723415 0.276555
0.00001 0.005674 0.00001 0.974507 0.019799
0.016632 0.00001 0.00001 0.983338 0.00001
0.00001 0.00001 0.00001 0.832644 0.167326
0.00001 0.00001 0.001944 0.998026 0.00001
0.00001 0.00001 0.00001 0.780506 0.219464
0.170406 0.00001 0.00001 0.614761 0.214814
0.227794 0.071007 0.369786 0.205834 0.12558
0.348633 0.059651 0.332968 0.126331 0.132417
0.084411 0.133099 0.237052 0.513179 0.032259
0.99996 0.00001 0.00001 0.00001 0.00001
0.99996 0.00001 0.00001 0.00001 0.00001
0.99996 0.00001 0.00001 0.00001 0.00001
0.051969 0.268681 0.519495 0.132823 0.027032
0.596382 0.027842 0.375757 0.00001 0.00001
0.248011 0.158385 0.439741 0.012416 0.141447
0.168703 0.098695 0.143153 0.441076 0.148373
0.322372 0.001406 0.124545 0.445273 0.106404
0.056862 0.314377 0.572623 0.056129 0.00001
0.026186 0.049943 0.641036 0.155706 0.127129
0.283961 0.279906 0.436114 0.00001 0.00001
0.258693 0.119104 0.622184 0.00001 0.00001
0.390154 0.081309 0.083644 0.412356 0.032538
0.99996 0.00001 0.00001 0.00001 0.00001
0.421955 0.081244 0.176535 0.29732 0.022947
0.231637 0.00001 0.222963 0.363863 0.181527
0.99996 0.00001 0.00001 0.00001 0.00001
0.99996 0.00001 0.00001 0.00001 0.00001
0.348912 0.00001 0.027214 0.355959 0.267905
0.065366 0.155132 0.195381 0.584111 0.00001
0.296282 0.033129 0.199649 0.414104 0.056837
0.849263 0.00001 0.150707 0.00001 0.00001
0.329023 0.192973 0.00001 0.268255 0.209739
0.225646 0.026871 0.091848 0.517292 0.138343
0.00001 0.029213 0.207056 0.518674 0.245047
0.026273 0.00001 0.180928 0.60235 0.190439
0.033891 0.092626 0.103144 0.5724 0.19794
0.227188 0.061054 0.207002 0.364763 0.139993
0.169829 0.059306 0.074597 0.542077 0.154191
0.287539 0.06018 0.069898 0.459737 0.122646
0.99996 0.00001 0.00001 0.00001 0.00001
0.99996 0.00001 0.00001 0.00001 0.00001
0.173886 0.040592 0.178248 0.449537 0.157738
0.221675 0.00001 0.154572 0.388552 0.23519
0.370507 0.018588 0.095657 0.478804 0.036444
0.361578 0.00001 0.134781 0.342649 0.160982
0.045254 0.059704 0.137316 0.649293 0.108433
0.274468 0.00001 0.39503 0.311003 0.019489
0.99996 0.00001 0.00001 0.00001 0.00001
0.021312 0.064356 0.107209 0.583918 0.223205
0.232242 0.032604 0.00001 0.491637 0.243507
0.000018 0.125975 0.873987 0.00001 0.00001
0.008344 0.18838 0.803256 0.00001 0.00001
0.00001 0.087804 0.912166 0.00001 0.00001
0.00001 0.00001 0.99996 0.00001 0.00001
0.00001 0.105653 0.894317 0.00001 0.00001
0.00001 0.125017 0.874953 0.00001 0.00001
0.00001 0.090466 0.909504 0.00001 0.00001
0.00001 0.122665 0.877305 0.00001 0.00001
0.00001 0.167237 0.832733 0.00001 0.00001
0.00001 0.241085 0.758885 0.00001 0.00001
0.00001 0.00001 0.99996 0.00001 0.00001
0.00001 0.043416 0.956554 0.00001 0.00001
0.00001 0.103971 0.895999 0.00001 0.00001
0.00001 0.061125 0.938845 0.00001 0.00001
0.00001 0.00001 0.99996 0.00001 0.00001
0.00001 0.038336 0.961634 0.00001 0.00001
0.00001 0.123943 0.876027 0.00001 0.00001
0.00001 0.103266 0.896704 0.00001 0.00001
0.00001 0.181229 0.795486 0.00001 0.023264
0.00001 0.167267 0.832703 0.00001 0.00001
0.00001 0.06983 0.93014 0.00001 0.00001
0.00001 0.089801 0.910169 0.00001 0.00001
0.00001 0.197617 0.802353 0.00001 0.00001
0.00001 0.23482 0.76515 0.00001 0.00001
0.005779 0.130757 0.863444 0.00001 0.00001
0.00001 0.126309 0.873661 0.00001 0.00001
0.00001 0.148585 0.851385 0.00001 0.00001
0.00001 0.221894 0.778076 0.00001 0.00001
0.00001 0.100098 0.899872 0.00001 0.00001
0.00001 0.178532 0.821438 0.00001 0.00001
0.00001 0.082802 0.917168 0.00001 0.00001
0.027143 0.144638 0.828199 0.00001 0.00001
0.00001 0.104122 0.895848 0.00001 0.00001
0.00001 0.183444 0.816526 0.00001 0.00001
0.00001 0.052283 0.947687 0.00001 0.00001
0.00001 0.18675 0.81322 0.00001 0.00001
0.00001 0.018247 0.981723 0.00001 0.00001
0.00001 0.006127 0.993843 0.00001 0.00001
0.00001 0.052202 0.947768 0.00001 0.00001
0.00001 0.089861 0.910108 0.000011 0.00001
0.00001 0.221048 0.778922 0.00001 0.00001
0.00001 0.190561 0.809409 0.00001 0.00001
0.051823 0.00001 0.948147 0.00001 0.00001
0.00001 0.00001 0.967401 0.032569 0.00001
0.00001 0.298985 0.700985 0.00001 0.00001
0.00001 0.080994 0.918976 0.00001 0.00001
0.018398 0.2137 0.767881 0.00001 0.00001
0.038815 0.028526 0.932639 0.00001 0.00001
0.00001 0.221723 0.778247 0.00001 0.00001
0.00001 0.256348 0.743622 0.00001 0.00001
0.00001 0.128689 0.871281 0.00001 0.00001
0.00001 0.1303 0.86967 0.00001 0.00001
0.00001 0.036501 0.963469 0.00001 0.00001
0.00001 0.071095 0.928875 0.00001 0.00001
0.00001 0.088856 0.911114 0.00001 0.00001
0.00001 0.123657 0.876313 0.00001 0.00001
0.00001 0.078401 0.921569 0.00001 0.00001
0.00001 0.168569 0.831401 0.00001 0.00001
0.015851 0.138187 0.845942 0.00001 0.00001
0.00001 0.238021 0.761949 0.00001 0.00001
0.030574 0.036911 0.932495 0.00001 0.00001
0.00001 0.00001 0.97483 0.02514 0.00001
0.00001 0.073678 0.916149 0.00001 0.010153
0.00001 0.00001 0.996024 0.00001 0.003946
0.00001 0.00001 0.99996 0.00001 0.00001
0.00001 0.00001 0.99996 0.00001 0.00001
0.003468 0.235515 0.760997 0.00001 0.00001
0.00001 0.122617 0.869413 0.00001 0.00795
0.00001 0.143303 0.856667 0.00001 0.00001
0.00001 0.171659 0.828311 0.00001 0.00001
0.01415 0.174148 0.811682 0.00001 0.00001
0.00001 0.029597 0.970373 0.00001 0.00001
0.00001 0.073673 0.926297 0.00001 0.00001
0.00001 0.109311 0.890659 0.00001 0.00001
0.00001 0.018451 0.981519 0.00001 0.00001
0.00001 0.071506 0.924827 0.003647 0.00001
0.00001 0.068579 0.931391 0.00001 0.00001
0.00001 0.122895 0.877075 0.00001 0.00001
0.00001 0.135881 0.864089 0.00001 0.00001
0.00001 0.040749 0.959221 0.00001 0.00001
0.00001 0.00001 0.99996 0.00001 0.00001
0.00001 0.021102 0.978868 0.00001 0.00001
0.00001 0.136362 0.863608 0.00001 0.00001
0.00001 0.202873 0.797097 0.00001 0.00001
0.00001 0.14648 0.85349 0.00001 0.00001
0.00001 0.142487 0.857483 0.00001 0.00001
0.00001 0.128676 0.871294 0.00001 0.00001
0.00001 0.170519 0.829451 0.00001 0.00001
0.00001 0.156127 0.843843 0.00001 0.00001
0.00001 0.050585 0.949385 0.00001 0.00001
0.012744 0.186694 0.800542 0.00001 0.00001
0.00001 0.177505 0.822465 0.00001 0.00001
0.00001 0.300945 0.699025 0.00001 0.00001
0.00001 0.318879 0.681091 0.00001 0.00001
0.00001 0.287901 0.712069 0.00001 0.00001
0.00001 0.249152 0.750818 0.00001 0.00001
0.00001 0.123966 0.876004 0.00001 0.00001
0.00001 0.199824 0.800146 0.00001 0.00001
0.00001 0.319002 0.680968 0.00001 0.00001
0.000013 0.302298 0.697669 0.00001 0.00001
0.00001 0.3089 0.69107 0.00001 0.00001
0.00001 0.00001 0.99996 0.00001 0.00001
0.00001 0.00001 0.99996 0.00001 0.00001
0.00001 0.147453 0.852517 0.00001 0.00001
0.00001 0.191374 0.808596 0.00001 0.00001
0.00001 0.00001 0.99996 0.00001 0.00001
0.00001 0.112972 0.87706 0.00001 0.009947
0.00001 0.710855 0.289115 0.00001 0.00001
0.00001 0.466515 0.533455 0.00001 0.00001
0.00001 0.463538 0.536432 0.00001 0.00001
0.00001 0.702085 0.297885 0.00001 0.00001
0.00001 0.658948 0.341022 0.00001 0.00001
0.00001 0.426723 0.573247 0.00001 0.00001
0.00001 0.496123 0.503847 0.00001 0.00001
0.00001 0.634214 0.365756 0.00001 0.00001
0.00001 0.760738 0.239232 0.00001 0.00001
0.00001 0.292616 0.707354 0.00001 0.00001
0.00001 0.420974 0.578996 0.00001 0.00001
0.00001 0.638358 0.361612 0.00001 0.00001
0.00001 0.641708 0.358262 0.00001 0.00001
0.00001 0.31035 0.68962 0.00001 0.00001
0.00001 0.566321 0.433649 0.00001 0.00001
0.00001 0.548866 0.451104 0.00001 0.00001
0.00001 0.635151 0.364819 0.00001 0.00001
0.00001 0.638559 0.361411 0.00001 0.00001
0.00001 0.638754 0.361216 0.00001 0.00001
0.00001 0.475509 0.524461 0.00001 0.00001
0.00001 0.300776 0.699194 0.00001 0.00001
0.00001 0.690204 0.309766 0.00001 0.00001
0.00001 0.710885 0.289085 0.00001 0.00001
0.00001 0.709749 0.290221 0.00001 0.00001
0.00001 0.384014 0.615956 0.00001 0.00001
0.00001 0.581903 0.418067 0.00001 0.00001
0.00001 0.478087 0.521883 0.00001 0.00001
0.00001 0.516922 0.483048 0.00001 0.00001
0.00001 0.99996 0.00001 0.00001 0.00001
0.00001 0.959602 0.040368 0.00001 0.00001
0.00001 0.99996 0.00001 0.00001 0.00001
0.00001 0.99996 0.00001 0.00001 0.00001
0.00001 0.99996 0.00001 0.00001 0.00001
0.00001 0.99996 0.00001 0.00001 0.00001
0.00001 0.981345 0.018625 0.00001 0.00001
0.00001 0.943181 0.056789 0.00001 0.00001
0.00001 0.99996 0.00001 0.00001 0.00001
0.00001 0.99996 0.00001 0.00001 0.00001
0.00001 0.99996 0.00001 0.00001 0.00001
0.00001 0.99996 0.00001 0.00001 0.00001
0.00001 0.99996 0.00001 0.00001 0.00001
0.00001 0.99996 0.00001 0.00001 0.00001
0.00001 0.99996 0.00001 0.00001 0.00001
0.00001 0.99996 0.00001 0.00001 0.00001
0.00001 0.941443 0.058527 0.00001 0.00001
0.00001 0.945969 0.054001 0.00001 0.00001
0.00001 0.99996 0.00001 0.00001 0.00001
0.00001 0.99996 0.00001 0.00001 0.00001
0.00001 0.99996 0.00001 0.00001 0.00001
0.00001 0.99996 0.00001 0.00001 0.00001
0.00001 0.889034 0.110936 0.00001 0.00001
0.00001 0.99996 0.00001 0.00001 0.00001
0.00001 0.99996 0.00001 0.00001 0.00001
0.00001 0.797362 0.202608 0.00001 0.00001
0.00001 0.71002 0.28995 0.00001 0.00001
0.00001 0.841737 0.158233 0.00001 0.00001
0.00001 0.933678 0.066292 0.00001 0.00001
0.00001 0.761247 0.238723 0.00001 0.00001
0.00001 0.729294 0.270676 0.00001 0.00001
0.00001 0.848386 0.151584 0.00001 0.00001
0.00001 0.736737 0.263233 0.00001 0.00001
0.00001 0.94002 0.05995 0.00001 0.00001
0.00001 0.815132 0.184838 0.00001 0.00001
0.00001 0.816535 0.183435 0.00001 0.00001
0.00001 0.82828 0.17169 0.00001 0.00001
0.00001 0.913802 0.086168 0.00001 0.00001
0.00001 0.83102 0.16895 0.00001 0.00001
0.00001 0.796777 0.203193 0.00001 0.00001
0.00001 0.768293 0.231677 0.00001 0.00001
0.00001 0.829273 0.170697 0.00001 0.00001
0.00001 0.788954 0.211016 0.00001 0.00001
0.00001 0.845432 0.154538 0.00001 0.00001
0.00001 0.731848 0.268122 0.00001 0.00001
0.00001 0.81989 0.18008 0.00001 0.00001
0.00001 0.826018 0.173952 0.00001 0.00001
0.00001 0.79365 0.20632 0.00001 0.00001
0.00001 0.937895 0.062075 0.00001 0.00001
0.00001 0.820214 0.179756 0.00001 0.00001
0.00001 0.790922 0.209048 0.00001 0.00001
0.00001 0.773701 0.226269 0.00001 0.00001
0.00001 0.852565 0.147405 0.00001 0.00001
0.00001 0.899638 0.100332 0.00001 0.00001
0.00001 0.926022 0.073948 0.00001 0.00001
0.00001 0.81066 0.18931 0.00001 0.00001
0.00001 0.819073 0.180897 0.00001 0.00001
0.00001 0.841781 0.158189 0.00001 0.00001
0.00001 0.958821 0.041149 0.00001 0.00001
0.00001 0.823262 0.176708 0.00001 0.00001
0.00001 0.99996 0.00001 0.00001 0.00001
0.00001 0.892124 0.107846 0.00001 0.00001
0.00001 0.99996 0.00001 0.00001 0.00001
0.00001 0.981162 0.018808 0.00001 0.00001
0.00001 0.884422 0.115548 0.00001 0.00001
0.00001 0.946153 0.053817 0.00001 0.00001
0.00001 0.833228 0.166742 0.00001 0.00001
0.00001 0.798679 0.201291 0.00001 0.00001
0.00001 0.947952 0.052018 0.00001 0.00001
0.00001 0.898729 0.101241 0.00001 0.00001
0.00001 0.859012 0.140958 0.00001 0.00001
0.00001 0.952989 0.046981 0.00001 0.00001
0.00001 0.861844 0.138126 0.00001 0.00001
0.00001 0.827289 0.172681 0.00001 0.00001
0.00001 0.871573 0.128397 0.00001 0.00001
0.00001 0.893621 0.106349 0.00001 0.00001
0.00001 0.869982 0.129988 0.00001 0.00001
0.00001 0.941573 0.058397 0.00001 0.00001
0.00001 0.867414 0.132556 0.00001 0.00001
0.00001 0.773522 0.226448 0.00001 0.00001
0.00001 0.99996 0.00001 0.00001 0.00001
0.00001 0.761153 0.238817 0.00001 0.00001
0.00001 0.916723 0.083247 0.00001 0.00001
0.00001 0.868722 0.131248 0.00001 0.00001
0.00001 0.819548 0.180422 0.00001 0.00001
0.00001 0.869519 0.130451 0.00001 0.00001
0.00001 0.824064 0.175906 0.00001 0.00001
0.00001 0.785778 0.214192 0.00001 0.00001
0.00001 0.798766 0.201204 0.00001 0.00001
