0.000012 0.00001 0.999968 0.00001
0.00001 0.00001 0.99997 0.00001
0.00001 0.00001 0.99997 0.00001
0.00001 0.00001 0.99997 0.00001
0.00001 0.00001 0.99997 0.00001
0.00001 0.00001 0.99997 0.00001
0.310326 0.00001 0.689654 0.00001
0.00001 0.00001 0.99997 0.00001
0.00001 0.00001 0.99997 0.00001
0.00001 0.00001 0.99997 0.00001
0.00001 0.00001 0.99997 0.00001
0.00001 0.00001 0.99997 0.00001
0.00001 0.00001 0.99997 0.00001
0.461562 0.027196 0.511232 0.00001
0.00001 0.00001 0.99997 0.00001
0.00001 0.00001 0.99997 0.00001
0.00001 0.000013 0.999967 0.00001
0.00001 0.00001 0.99997 0.00001
0.00001 0.00001 0.99997 0.00001
0.431953 0.00001 0.568027 0.00001
0.00001 0.00001 0.99997 0.00001
0.478828 0.00002 0.521142 0.00001
0.99997 0.00001 0.00001 0.00001
0.976437 0.023543 0.00001 0.00001
0.702103 0.00001 0.297877 0.00001
0.78462 0.00001 0.21536 0.00001
0.744469 0.025726 0.229795 0.00001
0.741365 0.00001 0.258615 0.00001
0.734635 0.00001 0.265345 0.00001
0.615752 0.00001 0.384228 0.00001
0.703946 0.00001 0.296034 0.00001
0.700296 0.00001 0.298224 0.00147
0.624888 0.022295 0.352807 0.00001
0.763236 0.00001 0.236744 0.00001
0.896302 0.00001 0.103678 0.00001
0.99997 0.00001 0.00001 0.00001
0.791991 0.00001 0.207989 0.00001
0.728437 0.00001 0.271543 0.00001
0.652732 0.00001 0.347248 0.00001
0.87503 0.00001 0.12495 0.00001
0.859662 0.00001 0.140318 0.00001
0.99997 0.00001 0.00001 0.00001
0.773512 0.016815 0.209664 0.00001
0.693297 0.048366 0.258327 0.00001
0.667014 0.00001 0.332966 0.00001
0.773972 0.00001 0.226008 0.00001
0.878956 0.00001 0.121024 0.00001
0.697255 0.00001 0.302725 0.00001
0.794082 0.00001 0.205898 0.00001
0.620404 0.014882 0.364704 0.00001
0.656839 0.00001 0.343141 0.00001
0.744861 0.004921 0.250207 0.00001
0.99997 0.00001 0.00001 0.00001
0.857477 0.00001 0.142503 0.00001
0.991602 0.008378 0.00001 0.00001
0.802537 0.00001 0.197443 0.00001
0.595506 0.016121 0.388363 0.00001
0.895821 0.00001 0.104159 0.00001
0.730496 0.00001 0.269484 0.00001
0.690961 0.024448 0.284581 0.00001
0.99997 0.00001 0.00001 0.00001
0.750702 0.000011 0.249277 0.00001
0.760241 0.00001 0.239739 0.00001
0.68486 0.010492 0.304638 0.00001
0.510993 0.00001 0.488987 0.00001
0.737342 0.00001 0.262638 0.00001
0.826413 0.00001 0.173567 0.00001
0.71788 0.00001 0.2821 0.00001
0.734993 0.00001 0.261012 0.003985
0.774709 0.00001 0.225271 0.00001
0.686746 0.00001 0.313234 0.00001
0.702284 0.005864 0.291842 0.00001
0.793763 0.00001 0.206217 0.00001
0.739909 0.00001 0.260071 0.00001
0.66276 0.00001 0.33722 0.00001
0.694363 0.004035 0.301592 0.00001
0.756068 0.00001 0.243912 0.00001
0.637915 0.00001 0.362065 0.00001
0.698056 0.008041 0.293893 0.00001
0.750517 0.00001 0.249463 0.00001
0.581827 0.077202 0.340961 0.00001
0.783753 0.00001 0.216227 0.00001
0.99997 0.00001 0.00001 0.00001
0.612761 0.00001 0.387219 0.00001
0.798126 0.00001 0.201854 0.00001
0.714887 0.003303 0.2818 0.00001
0.833767 0.00001 0.166213 0.00001
0.833266 0.00001 0.166714 0.00001
0.70881 0.002553 0.288627 0.00001
0.611039 0.00001 0.388941 0.00001
0.774379 0.00001 0.225601 0.00001
0.76693 0.012616 0.220444 0.00001
0.575017 0.00001 0.423548 0.001425
0.99997 0.00001 0.00001 0.00001
0.609966 0.00001 0.390014 0.00001
0.99997 0.00001 0.00001 0.00001
0.826505 0.00001 0.172974 0.000511
0.846767 0.00001 0.153213 0.00001
0.649483 0.00001 0.350497 0.00001
0.99997 0.00001 0.00001 0.00001
0.711585 0.00001 0.288395 0.00001
0.677555 0.00001 0.322425 0.00001
0.83842 0.00001 0.16156 0.00001
0.716627 0.00001 0.283353 0.00001
0.798439 0.002186 0.199365 0.00001
0.896506 0.00001 0.103474 0.00001
0.813173 0.00001 0.186807 0.00001
0.683659 0.00001 0.316321 0.00001
0.699333 0.000708 0.299949 0.00001
0.99997 0.00001 0.00001 0.00001
0.99997 0.00001 0.00001 0.00001
0.804656 0.00001 0.195324 0.00001
0.671003 0.00001 0.328977 0.00001
0.75096 0.00001 0.24902 0.00001
0.730506 0.00001 0.269474 0.00001
0.899681 0.00001 0.100299 0.00001
0.759121 0.00001 0.240859 0.00001
0.762879 0.00001 0.237101 0.00001
0.605823 0.00001 0.394157 0.00001
0.641408 0.003772 0.35481 0.00001
0.660425 0.00001 0.339555 0.00001
0.858017 0.00001 0.141963 0.00001
0.784373 0.00001 0.215607 0.00001
0.779677 0.00001 0.220303 0.00001
0.726967 0.00001 0.273013 0.00001
0.972049 0.00001 0.024072 0.003869
0.99997 0.00001 0.00001 0.00001
0.86607 0.00001 0.13391 0.00001
0.99997 0.00001 0.00001 0.00001
0.777664 0.00001 0.222316 0.00001
0.747465 0.028249 0.224277 0.00001
0.343407 0.391071 0.166722 0.0988
0.353911 0.382303 0.174569 0.089217
0.547247 0.249364 0.064748 0.138641
0.617625 0.161605 0.141148 0.079621
0.703321 0.185369 0.065452 0.045859
0.596583 0.19669 0.161597 0.04513
0.160347 0.52578 0.040123 0.27375
0.330097 0.448591 0.136501 0.084812
0.193137 0.479263 0.156894 0.170706
0.543603 0.178078 0.176748 0.101571
0.625797 0.190523 0.174644 0.009036
0.10158 0.573677 0.00001 0.324733
0.191206 0.640414 0.112292 0.056088
0.116985 0.493164 0.103276 0.286575
0.142487 0.669247 0.058748 0.129519
0.637739 0.176443 0.107023 0.078795
0.56063 0.170982 0.214029 0.054358
0.545612 0.237047 0.102055 0.115286
0.503961 0.273721 0.222308 0.00001
0.584191 0.220413 0.195387 0.00001
0.619077 0.193721 0.187193 0.00001
0.55752 0.112494 0.329976 0.00001
0.636417 0.203831 0.00001 0.159742
0.589224 0.261183 0.111745 0.037849
0.614369 0.357202 0.028419 0.00001
0.473277 0.060254 0.259066 0.207403
0.65317 0.11883 0.177791 0.050208
0.516715 0.202139 0.248855 0.032291
0.614358 0.18493 0.200703 0.00001
0.592759 0.106974 0.205708 0.09456
0.504497 0.249952 0.176895 0.068656
0.652152 0.097025 0.177402 0.07342
0.63008 0.131163 0.174144 0.064613
0.58837 0.050511 0.193849 0.16727
0.550965 0.143355 0.236382 0.069297
0.558327 0.216724 0.185234 0.039715
0.514511 0.203702 0.281776 0.00001
0.673942 0.148811 0.127346 0.049901
0.582704 0.21913 0.198156 0.00001
0.674739 0.144894 0.119685 0.060682
0.470324 0.456213 0.073453 0.00001
0.593946 0.197577 0.138636 0.06984
0.608679 0.108343 0.216873 0.066104
0.635451 0.00001 0.281796 0.082742
0.00001 0.869422 0.00001 0.130558
0.004571 0.814198 0.00001 0.181222
0.00001 0.90628 0.00001 0.0937
0.00001 0.99997 0.00001 0.00001
0.00001 0.89096 0.00001 0.10902
0.00001 0.863688 0.00001 0.136292
0.00001 0.905683 0.00001 0.094297
0.00001 0.868865 0.00001 0.131115
0.00001 0.827079 0.00001 0.172901
0.00001 0.755952 0.00001 0.244028
0.00001 0.99997 0.00001 0.00001
0.00001 0.945888 0.00001 0.054092
0.00001 0.885888 0.00001 0.114092
0.00001 0.920376 0.00001 0.079604
0.00001 0.99997 0.00001 0.00001
0.00001 0.95975 0.00001 0.04023
0.00001 0.874849 0.00001 0.125131
0.00001 0.892176 0.00001 0.107804
0.00001 0.786189 0.023575 0.190226
0.00001 0.821127 0.00001 0.178853
0.00001 0.919755 0.00001 0.080225
0.00001 0.912545 0.00001 0.087435
0.00001 0.794621 0.00001 0.205359
0.00001 0.757694 0.00001 0.242286
0.00001 0.874229 0.00001 0.125751
0.00001 0.871497 0.00001 0.128483
0.00001 0.843295 0.00001 0.156685
0.00001 0.77317 0.00001 0.22681
0.00001 0.888238 0.00001 0.111742
0.00001 0.817827 0.00001 0.182153
0.00001 0.912771 0.00001 0.087209
0.005187 0.875448 0.00001 0.119356
0.00001 0.890737 0.00001 0.109243
0.00001 0.812985 0.00001 0.186995
0.00001 0.941803 0.00001 0.058177
0.00001 0.809375 0.00001 0.190605
0.00001 0.976092 0.00001 0.023888
0.00001 0.984587 0.00001 0.015393
0.00001 0.941607 0.00001 0.058373
0.00001 0.897418 0.00001 0.102562
0.00001 0.769562 0.00001 0.230418
0.00001 0.807258 0.00001 0.192722
0.04107 0.95891 0.00001 0.00001
0.031409 0.968571 0.00001 0.00001
0.00001 0.701641 0.00001 0.298339
0.00001 0.91854 0.00001 0.08144
0.014568 0.764648 0.00001 0.220774
0.00001 0.943318 0.028287 0.028385
0.00001 0.771835 0.00001 0.228145
0.00001 0.740883 0.00001 0.259097
0.00001 0.868884 0.00001 0.131096
0.00001 0.860874 0.00001 0.139106
0.00001 0.957419 0.00001 0.042561
0.00001 0.922681 0.00001 0.077299
0.00001 0.905769 0.00001 0.094211
0.00001 0.873111 0.00001 0.126869
0.00001 0.921099 0.00001 0.078881
0.00001 0.83477 0.00001 0.16521
0.002973 0.866096 0.00001 0.130922
0.00001 0.757071 0.00001 0.242909
0.023416 0.942352 0.00001 0.034222
0.024483 0.975497 0.00001 0.00001
0.00001 0.911869 0.009333 0.078788
0.00001 0.996774 0.003206 0.00001
0.00001 0.99997 0.00001 0.00001
0.00001 0.99997 0.00001 0.00001
0.00001 0.766007 0.00001 0.233973
0.00001 0.875636 0.0063 0.118053
0.00001 0.858121 0.00001 0.141859
0.00001 0.829866 0.00001 0.170114
0.003623 0.828077 0.00001 0.16829
0.00001 0.974396 0.00001 0.025584
0.00001 0.924368 0.00001 0.075612
0.00001 0.878412 0.00001 0.121568
0.00001 0.980876 0.00001 0.019104
0.002352 0.921216 0.00001 0.076423
0.00001 0.928334 0.00001 0.071646
0.00001 0.880797 0.00001 0.119183
0.00001 0.858635 0.00001 0.141345
0.00001 0.956158 0.00001 0.043822
0.00001 0.99997 0.00001 0.00001
0.00001 0.974246 0.00001 0.025734
0.00001 0.863836 0.00001 0.136144
0.00001 0.787873 0.00001 0.212107
0.00001 0.846893 0.00001 0.153087
0.00001 0.851165 0.00001 0.148815
0.00001 0.865173 0.00001 0.134807
0.00001 0.82459 0.00001 0.17539
0.00001 0.839123 0.00001 0.160857
0.00001 0.941463 0.00001 0.058517
0.00001 0.824207 0.00001 0.175773
0.00001 0.818718 0.00001 0.181262
0.00001 0.698482 0.00001 0.301498
0.00001 0.685276 0.00001 0.314704
0.00001 0.701611 0.00001 0.298369
0.00001 0.74858 0.00001 0.2514
0.00001 0.867842 0.00001 0.132138
0.00001 0.802322 0.00001 0.197658
0.00001 0.674303 0.00001 0.325677
0.00001 0.696161 0.00001 0.303819
0.00001 0.681431 0.00001 0.318549
0.00001 0.99997 0.00001 0.00001
0.00001 0.99997 0.00001 0.00001
0.00001 0.84622 0.00001 0.15376
0.00001 0.800859 0.00001 0.199121
0.00001 0.99997 0.00001 0.00001
0.00001 0.869828 0.010099 0.120063
0.00001 0.283133 0.00001 0.716847
0.00001 0.533142 0.00001 0.466838
0.00001 0.531353 0.00001 0.468627
0.00001 0.297381 0.00001 0.702599
0.00001 0.334014 0.00001 0.665966
0.00001 0.571177 0.00001 0.428803
0.00001 0.500409 0.00001 0.499571
0.00001 0.36354 0.00001 0.63644
0.00001 0.232252 0.00001 0.767728
0.00001 0.699198 0.00001 0.300782
0.00001 0.579198 0.00001 0.420782
0.00001 0.358572 0.00001 0.641408
0.00001 0.347532 0.00001 0.652448
0.00001 0.682002 0.00001 0.317978
0.00001 0.433792 0.00001 0.566188
0.00001 0.451586 0.00001 0.548394
0.00001 0.363911 0.00001 0.636069
0.00001 0.360072 0.00001 0.639908
0.00001 0.354106 0.00001 0.645874
0.00001 0.523982 0.00001 0.475998
0.00001 0.687428 0.00001 0.312552
0.00001 0.306631 0.00001 0.693349
0.00001 0.289335 0.00001 0.710645
0.00001 0.29102 0.00001 0.70896
0.00001 0.609246 0.00001 0.390734
0.00001 0.416624 0.00001 0.583356
0.00001 0.520885 0.00001 0.479095
0.00001 0.4803 0.00001 0.51968
0.00001 0.00001 0.00001 0.99997
0.00001 0.030522 0.00001 0.969458
0.00001 0.00001 0.00001 0.99997
0.00001 0.00001 0.00001 0.99997
0.00001 0.00001 0.00001 0.99997
0.00001 0.00001 0.00001 0.99997
0.00001 0.027994 0.00001 0.971986
0.00001 0.057118 0.00001 0.942862
0.00001 0.00001 0.00001 0.99997
0.00001 0.00001 0.00001 0.99997
0.00001 0.00001 0.00001 0.99997
0.00001 0.00001 0.00001 0.99997
0.00001 0.00001 0.00001 0.99997
0.00001 0.00001 0.00001 0.99997
0.00001 0.00001 0.00001 0.99997
0.00001 0.00001 0.00001 0.99997
0.00001 0.060743 0.00001 0.939237
0.00001 0.051319 0.00001 0.948661
0.00001 0.00001 0.00001 0.99997
0.00001 0.00001 0.00001 0.99997
0.00001 0.00001 0.00001 0.99997
0.00001 0.00001 0.00001 0.99997
0.00001 0.10772 0.00001 0.89226
0.00001 0.00001 0.00001 0.99997
0.00001 0.00001 0.00001 0.99997
0.00001 0.195462 0.00001 0.804518
0.00001 0.280912 0.00001 0.719068
0.00001 0.148985 0.00001 0.850995
0.00001 0.055719 0.00001 0.944261
0.00001 0.2317 0.00001 0.76828
0.00001 0.269497 0.00001 0.730483
0.00001 0.143314 0.00001 0.856666
0.00001 0.255368 0.00001 0.744612
0.00001 0.047959 0.00001 0.952021
0.00001 0.182062 0.00001 0.817918
0.00001 0.185399 0.00001 0.814581
0.00001 0.164118 0.00001 0.835862
0.00001 0.080102 0.00001 0.919878
0.00001 0.170071 0.00001 0.829909
0.00001 0.204438 0.00001 0.795542
0.00001 0.221218 0.00001 0.778762
0.00001 0.167306 0.00001 0.832674
0.00001 0.199107 0.00001 0.800873
0.00001 0.141072 0.00001 0.858908
0.00001 0.257585 0.00001 0.742395
0.00001 0.174381 0.00001 0.825599
0.00001 0.157288 0.00001 0.842692
0.00001 0.194852 0.00001 0.805128
0.00001 0.055939 0.00001 0.944041
0.00001 0.181708 0.00001 0.818272
0.00001 0.200855 0.00001 0.799125
0.00001 0.223929 0.00001 0.776051
0.00001 0.137559 0.00001 0.862421
0.00001 0.097946 0.00001 0.902034
0.00001 0.067497 0.00001 0.932483
0.00001 0.18932 0.00001 0.81066
0.00001 0.173643 0.00001 0.826337
0.00001 0.153451 0.00001 0.846529
0.00001 0.031941 0.00001 0.968039
0.00001 0.168152 0.00001 0.831828
0.00001 0.00001 0.00001 0.99997
0.00001 0.110357 0.00001 0.889623
0.00001 0.00001 0.00001 0.99997
0.00001 0.00833 0.00001 0.99165
0.00001 0.105098 0.00001 0.894882
0.00001 0.04919 0.00001 0.95079
0.00001 0.161749 0.00001 0.838231
0.00001 0.194293 0.00001 0.805687
0.00001 0.038344 0.00001 0.961636
0.00001 0.095031 0.00001 0.904949
0.00001 0.132909 0.00001 0.867071
0.00001 0.036177 0.00001 0.963803
0.00001 0.131462 0.00001 0.868518
0.00001 0.170932 0.00001 0.829048
0.00001 0.126326 0.00001 0.873654
0.00001 0.102535 0.00001 0.897445
0.00001 0.132322 0.00001 0.867658
0.00001 0.057695 0.00001 0.942285
0.00001 0.133097 0.00001 0.866883
0.00001 0.22165 0.00001 0.77833
0.00001 0.00001 0.00001 0.99997
0.00001 0.239039 0.00001 0.760941
0.00001 0.075182 0.00001 0.924798
0.00001 0.13415 0.00001 0.86583
0.00001 0.172007 0.00001 0.827973
0.00001 0.131149 0.00001 0.868831
0.00001 0.173175 0.00001 0.826805
0.00001 0.206491 0.00001 0.793489
0.00001 0.195529 0.00001 0.804451
