0.00001 0.610039 0.00001 0.389931 0.00001
0.00001 0.65447 0.00001 0.3455 0.00001
0.00001 0.612873 0.00001 0.387097 0.00001
0.00001 0.00001 0.00001 0.99996 0.00001
0.00001 0.00001 0.00001 0.99996 0.00001
0.00001 0.563573 0.00001 0.436397 0.00001
0.00001 0.686979 0.00001 0.312991 0.00001
0.00001 0.661134 0.00001 0.338836 0.00001
0.00001 0.601012 0.00001 0.398958 0.00001
0.00001 0.00001 0.00001 0.99996 0.00001
0.00001 0.00001 0.00001 0.99996 0.00001
0.00001 0.580325 0.00001 0.419645 0.00001
0.00001 0.621085 0.00001 0.378885 0.00001
0.027706 0.736425 0.00001 0.235849 0.00001
0.00001 0.584123 0.00001 0.415847 0.00001
0.00001 0.631874 0.00001 0.368096 0.00001
0.00001 0.620047 0.00001 0.379923 0.00001
0.00001 0.590533 0.00001 0.409437 0.00001
0.00001 0.56886 0.00001 0.43111 0.00001
0.00001 0.717246 0.00001 0.282724 0.00001
0.00001 0.00001 0.00001 0.99996 0.00001
0.00001 0.715338 0.00001 0.284632 0.00001
0.00001 0.999955 0.00001 0.000015 0.00001
0.029046 0.970924 0.00001 0.00001 0.00001
0.00001 0.909612 0.00001 0.090358 0.00001
0.00001 0.99996 0.00001 0.00001 0.00001
0.030008 0.926997 0.00001 0.042975 0.00001
0.00001 0.909893 0.00001 0.090077 0.00001
0.00001 0.867846 0.00099 0.131144 0.00001
0.00001 0.79311 0.00001 0.20686 0.00001
0.00001 0.894453 0.00001 0.105517 0.00001
0.00001 0.892399 0.005449 0.102132 0.00001
0.023049 0.848964 0.00001 0.127968 0.00001
0.00001 0.932454 0.00001 0.067516 0.00001
0.00001 0.967741 0.00001 0.032229 0.00001
0.00001 0.99996 0.00001 0.00001 0.00001
0.00001 0.89116 0.00001 0.10881 0.00001
0.00001 0.882391 0.00001 0.117579 0.00001
0.00002 0.876187 0.00001 0.123773 0.00001
0.00001 0.981075 0.00001 0.018895 0.00001
0.00001 0.972389 0.00001 0.027581 0.00001
0.00001 0.99996 0.00001 0.00001 0.00001
0.020557 0.890224 0.00001 0.089199 0.00001
0.049052 0.878767 0.00001 0.072161 0.00001
0.000019 0.84218 0.00001 0.157781 0.00001
0.00001 0.937174 0.00001 0.062796 0.00001
0.00001 0.982907 0.00001 0.017063 0.00001
0.00001 0.908499 0.00001 0.091471 0.00001
0.00001 0.927432 0.00001 0.072538 0.00001
0.00001 0.820293 0.015977 0.163711 0.00001
0.00001 0.832775 0.00001 0.167195 0.00001
0.007259 0.889555 0.00001 0.103165 0.00001
0.00001 0.99996 0.00001 0.00001 0.00001
0.00001 0.961333 0.00001 0.038637 0.00001
0.00001 0.955188 0.015104 0.029689 0.00001
0.00001 0.898442 0.00001 0.101528 0.00001
0.019062 0.814691 0.00001 0.166226 0.00001
0.000995 0.998975 0.00001 0.00001 0.00001
0.00001 0.89965 0.00001 0.10032 0.00001
0.00001 0.879687 0.026415 0.093878 0.00001
0.00001 0.99996 0.00001 0.00001 0.00001
0.00001 0.892774 0.00001 0.107196 0.00001
0.00001 0.889742 0.00001 0.110228 0.00001
0.011609 0.856196 0.00001 0.132175 0.00001
0.00001 0.759779 0.00001 0.240191 0.00001
0.00001 0.90262 0.00001 0.09735 0.00001
0.00001 0.982688 0.00001 0.017282 0.00001
0.00001 0.878182 0.00001 0.121788 0.00001
0.00001 0.946426 0.006074 0.04748 0.00001
0.00001 0.942431 0.00001 0.057539 0.00001
0.00001 0.873437 0.00001 0.126533 0.00001
0.007517 0.85843 0.00001 0.134032 0.00001
0.00001 0.893794 0.00001 0.106176 0.00001
0.00001 0.865644 0.00001 0.134326 0.00001
0.00001 0.830304 0.00001 0.169666 0.00001
0.005468 0.884266 0.00001 0.110247 0.00001
0.00001 0.928757 0.00001 0.071213 0.00001
0.00001 0.821117 0.00001 0.178853 0.00001
0.01086 0.826493 0.00001 0.162627 0.00001
0.00001 0.920912 0.00001 0.079058 0.00001
0.051365 0.774431 0.026354 0.14784 0.00001
0.00001 0.930266 0.00001 0.069704 0.00001
0.00001 0.99996 0.00001 0.00001 0.00001
0.00001 0.816976 0.00001 0.182994 0.00001
0.00001 0.951895 0.00001 0.048075 0.00001
0.006581 0.903913 0.00001 0.089486 0.00001
0.00001 0.971884 0.00001 0.028086 0.00001
0.00001 0.946988 0.00001 0.052982 0.00001
0.00001 0.884705 0.005319 0.109956 0.00001
0.004312 0.835965 0.00001 0.159703 0.00001
0.00001 0.920046 0.00001 0.079924 0.00001
0.00001 0.903977 0.016389 0.079614 0.00001
0.003378 0.832017 0.00001 0.164585 0.00001
0.00001 0.990709 0.00001 0.009261 0.00001
0.00001 0.825759 0.00001 0.174211 0.00001
0.00001 0.99996 0.00001 0.00001 0.00001
0.00001 0.972263 0.00001 0.025945 0.001773
0.00001 0.962044 0.00001 0.037926 0.00001
0.00001 0.870304 0.00001 0.129666 0.00001
0.00001 0.99996 0.00001 0.00001 0.00001
0.00001 0.889272 0.00001 0.110698 0.00001
0.00001 0.831374 0.00001 0.168596 0.00001
0.00001 0.98464 0.00001 0.01533 0.00001
0.00001 0.887278 0.000626 0.112077 0.00001
0.00001 0.944922 0.005764 0.049294 0.00001
0.00001 0.951024 0.00001 0.048946 0.00001
0.002968 0.89961 0.00001 0.097402 0.00001
0.000069 0.88205 0.00001 0.11786 0.00001
0.00001 0.841768 0.003322 0.15489 0.00001
0.00001 0.99996 0.00001 0.00001 0.00001
0.00001 0.99996 0.00001 0.00001 0.00001
0.00001 0.8979 0.00001 0.10207 0.00001
0.00001 0.877985 0.00001 0.121985 0.00001
0.00001 0.900044 0.00001 0.099926 0.00001
0.00001 0.921889 0.00001 0.078081 0.00001
0.00001 0.951457 0.00001 0.048513 0.00001
0.00001 0.921833 0.00001 0.078137 0.00001
0.00001 0.970882 0.00001 0.029088 0.00001
0.00001 0.876394 0.00001 0.123576 0.00001
0.006905 0.871058 0.00001 0.122017 0.00001
0.00001 0.845185 0.00001 0.154785 0.00001
0.00001 0.972819 0.00001 0.027151 0.00001
0.00001 0.925653 0.00001 0.074317 0.00001
0.00001 0.895691 0.00001 0.104279 0.00001
0.00001 0.900513 0.00001 0.099457 0.00001
0.00001 0.98896 0.00001 0.002426 0.008594
0.00195 0.99802 0.00001 0.00001 0.00001
0.00001 0.935794 0.00001 0.064176 0.00001
0.003169 0.996801 0.00001 0.00001 0.00001
0.000013 0.922014 0.00001 0.077953 0.00001
0.032882 0.890902 0.00001 0.076196 0.00001
0.00001 0.441861 0.497909 0.06021 0.00001
0.116817 0.439306 0.327587 0.084951 0.03134
0.00001 0.606486 0.336418 0.00001 0.057077
0.00001 0.701218 0.192506 0.054408 0.051858
0.00001 0.763705 0.236265 0.00001 0.00001
0.00001 0.708556 0.243151 0.045096 0.003187
0.258501 0.186684 0.323561 0.011769 0.219485
0.00001 0.424342 0.541804 0.033834 0.00001
0.149999 0.286933 0.401903 0.058138 0.103026
0.112216 0.668322 0.096589 0.050645 0.072228
0.00001 0.712255 0.202978 0.084747 0.00001
0.00001 0.067309 0.932661 0.00001 0.00001
0.00001 0.234717 0.708333 0.056929 0.00001
0.00001 0.15745 0.606495 0.052821 0.183223
0.232996 0.182429 0.50456 0.013703 0.066313
0.00001 0.741685 0.214749 0.00001 0.043546
0.225594 0.673824 0.00001 0.100562 0.00001
0.09239 0.59383 0.164067 0.051824 0.097889
0.192901 0.621416 0.080339 0.105334 0.00001
0.198958 0.694287 0.019385 0.08736 0.00001
0.094988 0.742487 0.100091 0.062423 0.00001
0.068408 0.727248 0.04452 0.159814 0.00001
0.07775 0.633727 0.168817 0.00001 0.119696
0.182066 0.662037 0.085762 0.03852 0.031616
0.00001 0.624683 0.361056 0.014241 0.00001
0.009563 0.598365 0.071145 0.132817 0.18811
0.074618 0.7584 0.04898 0.071957 0.046045
0.083848 0.636795 0.152515 0.126831 0.00001
0.00001 0.755984 0.189769 0.054227 0.00001
0.029012 0.682953 0.093915 0.113974 0.080146
0.105679 0.653938 0.159566 0.026202 0.054616
0.021578 0.757197 0.097207 0.070753 0.053266
0.16219 0.711084 0.00001 0.092529 0.034188
0.00001 0.708711 0.150758 0.066884 0.073638
0.00001 0.658746 0.187379 0.125111 0.028754
0.116535 0.683977 0.089333 0.059519 0.050637
0.15288 0.689277 0.050613 0.107219 0.00001
0.076766 0.775472 0.095941 0.023965 0.027856
0.216533 0.703972 0.00001 0.079475 0.00001
0.00001 0.755327 0.210181 0.034472 0.00001
0.212586 0.528098 0.245141 0.014165 0.00001
0.062939 0.64862 0.161346 0.081563 0.045532
0.00001 0.687835 0.180198 0.131947 0.00001
0.00001 0.805647 0.00001 0.111054 0.083278
0.642846 0.00001 0.268176 0.00001 0.088959
0.309944 0.00001 0.587709 0.00001 0.102327
0.99996 0.00001 0.00001 0.00001 0.00001
0.5531 0.00001 0.44687 0.00001 0.00001
0.462721 0.00001 0.506101 0.00001 0.031157
0.444997 0.00001 0.478232 0.00001 0.076751
0.99996 0.00001 0.00001 0.00001 0.00001
0.54882 0.00001 0.355426 0.00001 0.095734
0.527116 0.00001 0.357761 0.00001 0.115103
0.202891 0.00001 0.620878 0.00001 0.17621
0.99996 0.00001 0.00001 0.00001 0.00001
0.99996 0.00001 0.00001 0.00001 0.00001
0.99996 0.00001 0.00001 0.00001 0.00001
0.99996 0.00001 0.00001 0.00001 0.00001
0.99996 0.00001 0.00001 0.00001 0.00001
0.99996 0.00001 0.00001 0.00001 0.00001
0.347282 0.00001 0.614787 0.00001 0.037911
0.508307 0.00001 0.445952 0.00001 0.045721
0.544111 0.00001 0.278632 0.024941 0.152306
0.312344 0.00001 0.586548 0.00001 0.101087
0.534374 0.00001 0.442369 0.00001 0.023238
0.524944 0.00001 0.450177 0.00001 0.024859
0.481755 0.00001 0.363163 0.00001 0.155063
0.37575 0.00001 0.452053 0.00001 0.172176
0.458043 0.00001 0.495148 0.00001 0.046788
0.437555 0.00001 0.50998 0.00001 0.052445
0.428745 0.00001 0.481864 0.00001 0.089371
0.50275 0.00001 0.305601 0.00001 0.191628
0.437307 0.00001 0.510253 0.00001 0.05242
0.426122 0.00001 0.448029 0.00001 0.125828
0.409713 0.00001 0.5649 0.00001 0.025367
0.369683 0.00001 0.601248 0.00001 0.029049
0.33901 0.00001 0.66096 0.00001 0.00001
0.00001 0.00001 0.99996 0.00001 0.00001
0.417297 0.00001 0.582673 0.00001 0.00001
0.416462 0.00001 0.468298 0.00001 0.11522
0.482941 0.00001 0.517029 0.00001 0.00001
0.57849 0.00001 0.42148 0.00001 0.00001
0.591887 0.00001 0.402372 0.00001 0.00572
0.597142 0.00001 0.325783 0.00001 0.077056
0.381809 0.00001 0.457561 0.00001 0.160611
0.00001 0.00001 0.99996 0.00001 0.00001
0.417913 0.037603 0.544465 0.00001 0.00001
0.425547 0.00001 0.548267 0.026166 0.00001
0.43879 0.00001 0.311524 0.00001 0.249665
0.387469 0.00001 0.612501 0.00001 0.00001
0.193921 0.00001 0.684013 0.00001 0.122046
0.985003 0.014967 0.00001 0.00001 0.00001
0.437317 0.00001 0.412127 0.00001 0.150536
0.281911 0.00001 0.53195 0.00001 0.186119
0.619943 0.00001 0.266486 0.00001 0.113552
0.577627 0.00001 0.309865 0.00001 0.112488
0.617519 0.00001 0.360284 0.00001 0.022177
0.682631 0.00001 0.272018 0.00001 0.045331
0.638378 0.00001 0.296725 0.00001 0.064877
0.60446 0.00001 0.310742 0.00001 0.084778
0.701933 0.00001 0.244059 0.00001 0.053988
0.493782 0.00001 0.39011 0.00001 0.116088
0.453801 0.00001 0.498141 0.00001 0.048038
0.431032 0.00001 0.37182 0.00001 0.197128
0.00001 0.00001 0.99996 0.00001 0.00001
0.401844 0.019852 0.578284 0.00001 0.00001
0.585051 0.00001 0.364072 0.012488 0.03838
0.438092 0.00001 0.561746 0.000142 0.00001
0.99996 0.00001 0.00001 0.00001 0.00001
0.99996 0.00001 0.00001 0.00001 0.00001
0.303917 0.00001 0.556386 0.00001 0.139678
0.293005 0.00001 0.706965 0.00001 0.00001
0.332038 0.00001 0.618159 0.00001 0.049782
0.355414 0.00001 0.569611 0.00001 0.074955
0.00001 0.00001 0.99996 0.00001 0.00001
0.449671 0.00001 0.550299 0.00001 0.00001
0.705431 0.00001 0.232764 0.00001 0.061785
0.99996 0.00001 0.00001 0.00001 0.00001
0.569243 0.00001 0.430727 0.00001 0.00001
0.601304 0.001162 0.361691 0.00001 0.035833
0.61024 0.00001 0.370469 0.00001 0.019271
0.409167 0.00001 0.538129 0.00001 0.052684
0.400146 0.00001 0.538593 0.00001 0.06124
0.515775 0.00001 0.484195 0.00001 0.00001
0.46694 0.00001 0.53303 0.00001 0.00001
0.308048 0.00001 0.691922 0.00001 0.00001
0.481092 0.00001 0.461369 0.00001 0.057518
0.507447 0.00001 0.322477 0.00001 0.170056
0.398061 0.00001 0.519545 0.00001 0.082374
0.493509 0.00001 0.420121 0.00001 0.08635
0.555254 0.00001 0.350399 0.00001 0.094326
0.538821 0.00001 0.315516 0.00001 0.145642
0.461375 0.00001 0.443345 0.00001 0.09526
0.573828 0.00001 0.411471 0.00001 0.014682
0.495645 0.00001 0.364902 0.00001 0.139433
0.340033 0.00001 0.555793 0.00001 0.104155
0.334842 0.00001 0.441312 0.00001 0.223826
0.23771 0.00001 0.541687 0.00001 0.220582
0.299659 0.00001 0.466884 0.00001 0.233436
0.339077 0.00001 0.478528 0.00001 0.182375
0.522111 0.00001 0.405276 0.00001 0.072593
0.430059 0.00001 0.447758 0.00001 0.122163
0.30798 0.00001 0.428518 0.00001 0.263482
0.320972 0.00001 0.434055 0.00001 0.244953
0.175778 0.00001 0.588795 0.00001 0.235407
0.99996 0.00001 0.00001 0.00001 0.00001
0.434397 0.00001 0.565573 0.00001 0.00001
0.420444 0.00001 0.492 0.00001 0.087537
0.496377 0.00001 0.353518 0.00001 0.150084
0.452816 0.00001 0.547154 0.00001 0.00001
0.431085 0.00001 0.525025 0.004886 0.038994
0.226744 0.00001 0.096605 0.00001 0.676631
0.210344 0.00001 0.402754 0.00001 0.386882
0.361751 0.00001 0.216386 0.00001 0.421843
0.248477 0.00001 0.085329 0.00001 0.666174
0.118975 0.00001 0.280955 0.00001 0.60005
0.377482 0.00001 0.247549 0.00001 0.374949
0.358995 0.00001 0.201644 0.00001 0.439341
0.192732 0.00001 0.224051 0.00001 0.583197
0.186768 0.00001 0.091691 0.00001 0.721521
0.00001 0.00001 0.99996 0.00001 0.00001
0.144764 0.00001 0.519761 0.00001 0.335456
0.269681 0.00001 0.143261 0.00001 0.587038
0.132969 0.00001 0.287754 0.00001 0.579256
0.376173 0.00001 0.377345 0.00001 0.246462
0.205363 0.00001 0.286469 0.00001 0.508147
0.306066 0.00001 0.184461 0.00001 0.509453
0.262418 0.00001 0.149247 0.00001 0.588316
0.131253 0.00001 0.284388 0.00001 0.584338
0.057544 0.00001 0.346844 0.00001 0.595592
0.261518 0.00001 0.315122 0.00001 0.42334
0.429579 0.00001 0.312943 0.00001 0.257458
0.155714 0.00001 0.219986 0.00001 0.62428
0.278941 0.00001 0.035713 0.00001 0.685326
0.33063 0.00001 0.00001 0.00001 0.66934
0.00001 0.00001 0.99996 0.00001 0.00001
0.126585 0.00001 0.374445 0.00001 0.49895
0.00001 0.00001 0.679511 0.00001 0.320459
0.196791 0.00001 0.383755 0.00001 0.419434
0.00001 0.00001 0.00001 0.00001 0.99996
0.00001 0.00001 0.105737 0.00001 0.894233
0.028006 0.00001 0.00001 0.00001 0.971964
0.00001 0.00001 0.00001 0.00001 0.99996
0.00001 0.00001 0.018697 0.00001 0.981273
0.041452 0.00001 0.00001 0.00001 0.958518
0.00001 0.00001 0.09958 0.00001 0.90039
0.150612 0.00001 0.00001 0.00001 0.849358
0.00001 0.00001 0.00001 0.00001 0.99996
0.00001 0.00001 0.00001 0.00001 0.99996
0.010511 0.00001 0.00001 0.00001 0.989459
0.00001 0.00001 0.00001 0.00001 0.99996
0.024223 0.00001 0.00001 0.00001 0.975747
0.00001 0.00001 0.00001 0.00001 0.99996
0.00001 0.00001 0.056688 0.00001 0.943282
0.00001 0.00001 0.00001 0.00001 0.99996
0.00001 0.00001 0.128598 0.00001 0.871372
0.00001 0.00001 0.139005 0.00001 0.860965
0.00001 0.00001 0.00001 0.00001 0.99996
0.00001 0.00001 0.00001 0.00001 0.99996
0.00001 0.00001 0.00001 0.00001 0.99996
0.0003 0.00001 0.00001 0.00001 0.99967
0.159853 0.00001 0.00001 0.00001 0.840117
0.00001 0.00001 0.00001 0.00001 0.99996
0.00001 0.00001 0.00001 0.00001 0.99996
0.213725 0.00001 0.00001 0.00001 0.786245
0.158924 0.00001 0.185869 0.00001 0.655187
0.00001 0.00001 0.267695 0.00001 0.732275
0.130633 0.00001 0.00001 0.00001 0.869337
0.125324 0.00001 0.159475 0.00001 0.715181
0.214024 0.00001 0.102296 0.00001 0.68366
0.049991 0.00001 0.155324 0.00001 0.794665
0.125014 0.00001 0.200807 0.00001 0.674159
0.00001 0.00001 0.148549 0.00001 0.851421
0.230024 0.00001 0.00001 0.00001 0.769946
0.21929 0.00001 0.00001 0.00001 0.78068
0.195144 0.00001 0.00001 0.00001 0.804826
0.118733 0.00001 0.00001 0.00001 0.881237
0.115666 0.00001 0.111641 0.00001 0.772673
0.013392 0.00001 0.255935 0.00001 0.730652
0.192489 0.00001 0.064692 0.00001 0.742799
0.057523 0.00001 0.170303 0.00001 0.772153
0.070785 0.00001 0.205451 0.00001 0.723744
0.139811 0.00001 0.060269 0.00001 0.799901
0.133515 0.00001 0.193653 0.00001 0.672811
0.231715 0.00001 0.00001 0.00001 0.768255
0.108699 0.00001 0.127955 0.00001 0.763327
0.206362 0.00001 0.044306 0.00001 0.749311
0.00001 0.00001 0.196421 0.00001 0.803549
0.193555 0.00001 0.020869 0.00001 0.785555
0.070291 0.00001 0.202652 0.00001 0.727037
0.284692 0.00001 0.00001 0.00001 0.715278
0.019024 0.00001 0.181966 0.00001 0.79899
0.089412 0.00001 0.082865 0.00001 0.827703
0.151589 0.00001 0.00001 0.00001 0.848381
0.252755 0.00001 0.00001 0.00001 0.747215
0.248009 0.00001 0.00001 0.00001 0.751961
0.017036 0.00001 0.215609 0.00001 0.767335
0.131769 0.00001 0.00001 0.00001 0.868201
0.217238 0.00001 0.00001 0.00001 0.782732
0.00001 0.00001 0.00001 0.00001 0.99996
0.00001 0.00001 0.204702 0.00001 0.795268
0.00001 0.00001 0.00001 0.00001 0.99996
0.00001 0.00001 0.11122 0.00001 0.88875
0.00001 0.00001 0.203027 0.00001 0.796943
0.116485 0.00001 0.00001 0.00001 0.883485
0.211532 0.00001 0.00001 0.00001 0.788438
0.128409 0.00001 0.1337 0.00001 0.73787
0.00001 0.00001 0.126277 0.00001 0.873693
0.038134 0.00001 0.115656 0.00001 0.84619
0.206524 0.00001 0.000012 0.00001 0.793444
0.006823 0.00001 0.109333 0.00001 0.883824
0.099189 0.00001 0.087781 0.00001 0.81301
0.212883 0.00001 0.00001 0.00001 0.787087
0.166755 0.00001 0.00001 0.00001 0.833215
0.000727 0.00001 0.171325 0.00001 0.827928
0.129424 0.00001 0.06397 0.00001 0.806586
0.00001 0.00001 0.172659 0.00001 0.827311
0.129081 0.00001 0.0613 0.00001 0.8096
0.236092 0.00001 0.00001 0.00001 0.763878
0.037851 0.00001 0.00001 0.00001 0.962119
0.056622 0.00001 0.263495 0.00001 0.679863
0.159992 0.00001 0.00001 0.00001 0.839978
0.00001 0.00001 0.243497 0.00001 0.756473
0.200323 0.00001 0.000013 0.00001 0.799645
0.200481 0.00001 0.00001 0.00001 0.799489
0.206523 0.00001 0.00001 0.00001 0.793447
0.00001 0.00001 0.287798 0.00001 0.712172
0.222258 0.00001 0.00001 0.00001 0.777712
