0.00001 0.00001 0.00001 0.99997
0.00001 0.00001 0.00001 0.99997
0.00001 0.00001 0.00001 0.99997
0.00001 0.00001 0.00001 0.99997
0.00001 0.00001 0.00001 0.99997
0.00001 0.00001 0.00001 0.99997
0.00001 0.310373 0.00001 0.689607
0.00001 0.00001 0.00001 0.99997
0.00001 0.00001 0.00001 0.99997
0.00001 0.00001 0.00001 0.99997
0.00001 0.00001 0.00001 0.99997
0.00001 0.00001 0.00001 0.99997
0.00001 0.00001 0.00001 0.99997
0.027169 0.46117 0.00001 0.511651
0.00001 0.00001 0.00001 0.99997
0.00001 0.00001 0.00001 0.99997
0.00001 0.00001 0.00001 0.99997
0.000012 0.00001 0.00001 0.999968
0.00001 0.00001 0.00001 0.99997
0.00001 0.432001 0.00001 0.567979
0.00001 0.00001 0.00001 0.99997
0.00001 0.479112 0.00001 0.520868
0.00001 0.99997 0.00001 0.00001
0.023548 0.976432 0.00001 0.00001
0.00001 0.702986 0.00001 0.296994
0.00001 0.785457 0.00001 0.214523
0.025709 0.746263 0.00001 0.228018
0.00001 0.741883 0.00001 0.258097
0.00001 0.734414 0.00001 0.265566
0.00001 0.61578 0.00001 0.3842
0.00001 0.7034 0.00001 0.29658
0.00001 0.700493 0.001474 0.298024
0.022289 0.62517 0.00001 0.352531
0.00001 0.762985 0.00001 0.236995
0.000013 0.898461 0.00001 0.101516
0.00001 0.99997 0.00001 0.00001
0.00001 0.792806 0.00001 0.207174
0.00001 0.729774 0.00001 0.270206
0.00001 0.652815 0.00001 0.347165
0.00001 0.874449 0.00001 0.125531
0.00001 0.860879 0.00001 0.139101
0.00001 0.99997 0.00001 0.00001
0.016818 0.773631 0.00001 0.209541
0.048375 0.69252 0.00001 0.259095
0.00001 0.671723 0.00001 0.328257
0.00001 0.775281 0.00001 0.224699
0.00001 0.878414 0.00001 0.121566
0.00001 0.696701 0.00001 0.303279
0.00001 0.795927 0.00001 0.204053
0.014873 0.620415 0.00001 0.364702
0.00001 0.65851 0.00001 0.34147
0.004926 0.747059 0.00001 0.248006
0.00001 0.99997 0.00001 0.00001
0.000014 0.856463 0.00001 0.143513
0.008385 0.991595 0.00001 0.00001
0.00001 0.802124 0.00001 0.197856
0.016147 0.596887 0.00001 0.386956
0.00001 0.8991 0.00001 0.10088
0.00001 0.732381 0.00001 0.267599
0.024446 0.691294 0.00001 0.28425
0.00001 0.99997 0.00001 0.00001
0.00001 0.750799 0.00001 0.249181
0.00001 0.759293 0.00001 0.240687
0.010501 0.684585 0.00001 0.304904
0.00001 0.511005 0.00001 0.488975
0.00001 0.736734 0.00001 0.263246
0.00001 0.825733 0.00001 0.174247
0.00001 0.718355 0.00001 0.281625
0.00001 0.734883 0.003995 0.261112
0.00001 0.775552 0.00001 0.224428
0.00001 0.686059 0.00001 0.313921
0.005858 0.703226 0.00001 0.290906
0.000013 0.794506 0.00001 0.20547
0.00001 0.739062 0.00001 0.260918
0.00001 0.662414 0.00001 0.337566
0.003995 0.697233 0.00001 0.298762
0.00001 0.757011 0.00001 0.242969
0.00001 0.636342 0.00001 0.363638
0.008065 0.697601 0.00001 0.294324
0.00001 0.750483 0.00001 0.249497
0.0772 0.582077 0.00001 0.340713
0.00001 0.784647 0.00001 0.215333
0.00001 0.99997 0.00001 0.00001
0.00001 0.612711 0.00001 0.387269
0.00001 0.798525 0.00001 0.201455
0.003313 0.715739 0.00001 0.280939
0.00001 0.833895 0.00001 0.166085
0.00001 0.832488 0.00001 0.167492
0.002558 0.708933 0.00001 0.288499
0.00001 0.611924 0.00001 0.388056
0.00001 0.774464 0.00001 0.225516
0.012609 0.766931 0.00001 0.22045
0.00001 0.57585 0.001416 0.422724
0.00001 0.99997 0.00001 0.00001
0.00001 0.609786 0.00001 0.390194
0.00001 0.99997 0.00001 0.00001
0.00001 0.830192 0.000509 0.16929
0.00001 0.847968 0.00001 0.152012
0.00001 0.649851 0.00001 0.350129
0.00001 0.99997 0.00001 0.00001
0.000012 0.71291 0.00001 0.287068
0.00001 0.677845 0.00001 0.322135
0.00001 0.83812 0.00001 0.16186
0.00001 0.717647 0.00001 0.282333
0.002191 0.798072 0.00001 0.199727
0.00001 0.897644 0.00001 0.102336
0.00001 0.814554 0.00001 0.185426
0.000019 0.683808 0.00001 0.316163
0.000708 0.698623 0.00001 0.300659
0.00001 0.99997 0.00001 0.00001
0.00001 0.99997 0.00001 0.00001
0.00001 0.804948 0.00001 0.195032
0.00001 0.670852 0.00001 0.329128
0.00001 0.751162 0.00001 0.248818
0.00001 0.731118 0.00001 0.268862
0.00001 0.899133 0.00001 0.100847
0.00001 0.760898 0.00001 0.239082
0.00001 0.763139 0.00001 0.236841
0.000015 0.606888 0.00001 0.393087
0.003771 0.641343 0.00001 0.354875
0.000013 0.660541 0.00001 0.339436
0.00001 0.858502 0.00001 0.141478
0.00001 0.783441 0.00001 0.216539
0.00001 0.780689 0.00001 0.219291
0.00001 0.728704 0.00001 0.271276
0.00001 0.974484 0.003846 0.02166
0.00001 0.99997 0.00001 0.00001
0.00001 0.865045 0.00001 0.134935
0.00001 0.99997 0.00001 0.00001
0.00001 0.778777 0.00001 0.221203
0.028253 0.747178 0.00001 0.224559
0.39122 0.343092 0.098647 0.167041
0.382673 0.353348 0.088852 0.175128
0.2495 0.547176 0.138502 0.064822
0.161544 0.6193 0.079676 0.13948
0.185563 0.702563 0.045664 0.06621
0.196926 0.596717 0.044901 0.161457
0.52602 0.162499 0.273534 0.037947
0.448747 0.330716 0.084648 0.135889
0.479169 0.193813 0.17078 0.156239
0.178093 0.545428 0.101552 0.174926
0.190389 0.626116 0.009154 0.174341
0.573648 0.101597 0.324745 0.00001
0.640219 0.19143 0.05623 0.112121
0.493057 0.118122 0.286634 0.102186
0.669527 0.141605 0.129243 0.059625
0.176708 0.639792 0.078555 0.104946
0.17091 0.560459 0.054423 0.214208
0.237448 0.544066 0.114885 0.103601
0.273714 0.504229 0.00001 0.222047
0.2204 0.585127 0.00001 0.194463
0.193714 0.61854 0.00001 0.187736
0.112506 0.557987 0.00001 0.329497
0.20376 0.636428 0.159802 0.00001
0.260911 0.590546 0.038101 0.110442
0.357169 0.614059 0.00001 0.028762
0.060295 0.473984 0.207357 0.258364
0.11879 0.654526 0.050245 0.176438
0.202073 0.517135 0.032346 0.248446
0.184924 0.615103 0.00001 0.199963
0.107234 0.594403 0.094291 0.204071
0.249984 0.504409 0.068622 0.176986
0.097135 0.651437 0.073313 0.178114
0.131302 0.630821 0.064473 0.173405
0.050513 0.588785 0.167263 0.19344
0.143486 0.551365 0.069168 0.235981
0.216837 0.55884 0.039604 0.184719
0.203699 0.514598 0.00001 0.281693
0.148705 0.674764 0.049997 0.126535
0.21912 0.582953 0.00001 0.197918
0.144951 0.673259 0.060605 0.121184
0.456211 0.470589 0.00001 0.073191
0.197712 0.59374 0.06971 0.138837
0.10835 0.608491 0.066097 0.217062
0.00001 0.636424 0.08274 0.280826
0.869562 0.00001 0.130418 0.00001
0.81421 0.004568 0.181212 0.00001
0.906212 0.00001 0.093768 0.00001
0.99997 0.00001 0.00001 0.00001
0.890994 0.00001 0.108986 0.00001
0.863712 0.00001 0.136268 0.00001
0.905564 0.00001 0.094416 0.00001
0.868968 0.00001 0.131012 0.00001
0.827203 0.00001 0.172777 0.00001
0.756161 0.00001 0.243819 0.00001
0.99997 0.00001 0.00001 0.00001
0.94588 0.00001 0.0541 0.00001
0.886036 0.00001 0.113944 0.00001
0.920452 0.00001 0.079528 0.00001
0.99997 0.00001 0.00001 0.00001
0.95992 0.00001 0.04006 0.00001
0.874892 0.00001 0.125088 0.00001
0.89216 0.00001 0.10782 0.00001
0.786385 0.00001 0.19 0.023604
0.821422 0.00001 0.178558 0.00001
0.919895 0.00001 0.080085 0.00001
0.912387 0.00001 0.087593 0.00001
0.794178 0.00001 0.205802 0.00001
0.757849 0.00001 0.242131 0.00001
0.874263 0.00001 0.125717 0.00001
0.871466 0.00001 0.128514 0.00001
0.843375 0.00001 0.156605 0.00001
0.773316 0.00001 0.226664 0.00001
0.887697 0.00001 0.112283 0.00001
0.817794 0.00001 0.182186 0.00001
0.912482 0.00001 0.087498 0.00001
0.875607 0.005201 0.119182 0.00001
0.891033 0.00001 0.108947 0.00001
0.813463 0.00001 0.186517 0.00001
0.941721 0.00001 0.058259 0.00001
0.809627 0.00001 0.190353 0.00001
0.97637 0.00001 0.02361 0.00001
0.984772 0.00001 0.015208 0.00001
0.941964 0.00001 0.058016 0.00001
0.897569 0.00001 0.102411 0.00001
0.769713 0.00001 0.230267 0.00001
0.807463 0.00001 0.192517 0.00001
0.958857 0.041123 0.00001 0.00001
0.968572 0.031408 0.00001 0.00001
0.701911 0.00001 0.298069 0.00001
0.918723 0.00001 0.081257 0.00001
0.76481 0.014537 0.220644 0.00001
0.933776 0.030725 0.035489 0.00001
0.772161 0.00001 0.227819 0.00001
0.741025 0.00001 0.258955 0.00001
0.868808 0.00001 0.131172 0.00001
0.860703 0.00001 0.139277 0.00001
0.95684 0.00001 0.04314 0.00001
0.922735 0.00001 0.077245 0.00001
0.905638 0.00001 0.094342 0.00001
0.874239 0.00001 0.125741 0.00001
0.921107 0.00001 0.078873 0.00001
0.834802 0.00001 0.165178 0.00001
0.86608 0.003019 0.130891 0.00001
0.757496 0.00001 0.242484 0.00001
0.942454 0.023408 0.034128 0.00001
0.97548 0.0245 0.00001 0.00001
0.912105 0.00001 0.078481 0.009404
0.996674 0.00001 0.00001 0.003306
0.99997 0.00001 0.00001 0.00001
0.99997 0.00001 0.00001 0.00001
0.766252 0.00001 0.233728 0.00001
0.875538 0.00001 0.118035 0.006418
0.858247 0.00001 0.141733 0.00001
0.829907 0.00001 0.170073 0.00001
0.828247 0.003631 0.168112 0.00001
0.974206 0.00001 0.025774 0.00001
0.924627 0.00001 0.075353 0.00001
0.87868 0.00001 0.1213 0.00001
0.980941 0.00001 0.019039 0.00001
0.9212 0.002377 0.076413 0.00001
0.928277 0.00001 0.071703 0.00001
0.880785 0.00001 0.119195 0.00001
0.858822 0.00001 0.141158 0.00001
0.955963 0.00001 0.044017 0.00001
0.99997 0.00001 0.00001 0.00001
0.974509 0.00001 0.025471 0.00001
0.863945 0.00001 0.136035 0.00001
0.787906 0.00001 0.212074 0.00001
0.847149 0.00001 0.152831 0.00001
0.850886 0.00001 0.149094 0.00001
0.865179 0.00001 0.134801 0.00001
0.825306 0.00001 0.174674 0.00001
0.839054 0.00001 0.160926 0.00001
0.941434 0.00001 0.058546 0.00001
0.824265 0.00001 0.175715 0.00001
0.818394 0.00001 0.181586 0.00001
0.698734 0.00001 0.301246 0.00001
0.685146 0.00001 0.314834 0.00001
0.701748 0.00001 0.298232 0.00001
0.748723 0.00001 0.251257 0.00001
0.868048 0.00001 0.131932 0.00001
0.802611 0.00001 0.197369 0.00001
0.674311 0.00001 0.325669 0.00001
0.696212 0.00001 0.303768 0.00001
0.681655 0.00001 0.318325 0.00001
0.99997 0.00001 0.00001 0.00001
0.99997 0.00001 0.00001 0.00001
0.846275 0.00001 0.153705 0.00001
0.801081 0.000018 0.198891 0.00001
0.99997 0.00001 0.00001 0.00001
0.869686 0.00001 0.120183 0.010121
0.283389 0.00001 0.716591 0.00001
0.533585 0.00001 0.466395 0.00001
0.531548 0.00001 0.468432 0.00001
0.297687 0.00001 0.702293 0.00001
0.334317 0.00001 0.665663 0.00001
0.57137 0.00001 0.42861 0.00001
0.500603 0.00001 0.499377 0.00001
0.363813 0.00001 0.636167 0.00001
0.232592 0.00001 0.767388 0.00001
0.699629 0.00001 0.300351 0.00001
0.579429 0.00001 0.420551 0.00001
0.358896 0.00001 0.641084 0.00001
0.347897 0.00001 0.652083 0.00001
0.68233 0.000013 0.317648 0.00001
0.434007 0.00001 0.565973 0.00001
0.451602 0.00001 0.548378 0.00001
0.364125 0.00001 0.635855 0.00001
0.360397 0.00001 0.639583 0.00001
0.354416 0.00001 0.645564 0.00001
0.524427 0.00001 0.475553 0.00001
0.68772 0.00001 0.31226 0.00001
0.30702 0.00001 0.69296 0.00001
0.289697 0.00001 0.710283 0.00001
0.291335 0.00001 0.708645 0.00001
0.609076 0.00001 0.390904 0.00001
0.416717 0.00001 0.583263 0.00001
0.521077 0.00001 0.478903 0.00001
0.480511 0.00001 0.519469 0.00001
0.00001 0.00001 0.99997 0.00001
0.030788 0.00001 0.969192 0.00001
0.00001 0.00001 0.99997 0.00001
0.00001 0.00001 0.99997 0.00001
0.00001 0.00001 0.99997 0.00001
0.00001 0.00001 0.99997 0.00001
0.027981 0.00001 0.971999 0.00001
0.057371 0.00001 0.942609 0.00001
0.00001 0.00001 0.99997 0.00001
0.00001 0.00001 0.99997 0.00001
0.00001 0.00001 0.99997 0.00001
0.00001 0.00001 0.99997 0.00001
0.00001 0.00001 0.99997 0.00001
0.00001 0.00001 0.99997 0.00001
0.00001 0.00001 0.99997 0.00001
0.00001 0.00001 0.99997 0.00001
0.061664 0.00001 0.938316 0.00001
0.051528 0.00001 0.948452 0.00001
0.00001 0.00001 0.99997 0.00001
0.00001 0.00001 0.99997 0.00001
0.00001 0.00001 0.99997 0.00001
0.00001 0.00001 0.99997 0.00001
0.108089 0.00001 0.891891 0.00001
0.00001 0.00001 0.99997 0.00001
0.00001 0.00001 0.99997 0.00001
0.195751 0.00001 0.804229 0.00001
0.281438 0.00001 0.718542 0.00001
0.149393 0.00001 0.850587 0.00001
0.056062 0.00001 0.943918 0.00001
0.231857 0.00001 0.768123 0.00001
0.269773 0.00001 0.730207 0.00001
0.143765 0.00001 0.856215 0.00001
0.255825 0.00001 0.744155 0.00001
0.048644 0.00001 0.951336 0.00001
0.182445 0.00001 0.817535 0.00001
0.185633 0.00001 0.814347 0.00001
0.164271 0.00001 0.835709 0.00001
0.080468 0.00001 0.919512 0.00001
0.170435 0.00001 0.829545 0.00001
0.204752 0.00001 0.795228 0.00001
0.22166 0.00001 0.77832 0.00001
0.167727 0.00001 0.832253 0.00001
0.199282 0.00001 0.800698 0.00001
0.141847 0.00001 0.858133 0.00001
0.257955 0.00001 0.742025 0.00001
0.174692 0.00001 0.825288 0.00001
0.15778 0.00001 0.8422 0.00001
0.196127 0.00001 0.803853 0.00001
0.056657 0.00001 0.943323 0.00001
0.182158 0.00001 0.817822 0.00001
0.201197 0.00001 0.798783 0.00001
0.224266 0.00001 0.775714 0.00001
0.137871 0.00001 0.862109 0.00001
0.098376 0.00001 0.901604 0.00001
0.068056 0.00001 0.931924 0.00001
0.189594 0.00001 0.810386 0.00001
0.173807 0.00001 0.826173 0.00001
0.154032 0.00001 0.845948 0.00001
0.032342 0.00001 0.967638 0.00001
0.168172 0.00001 0.831808 0.00001
0.00001 0.00001 0.99997 0.00001
0.110561 0.00001 0.889419 0.00001
0.00001 0.00001 0.99997 0.00001
0.008501 0.00001 0.991479 0.00001
0.105367 0.00001 0.894613 0.00001
0.049366 0.00001 0.950614 0.00001
0.162167 0.00001 0.837813 0.00001
0.194923 0.00001 0.805057 0.00001
0.038489 0.00001 0.961491 0.00001
0.095406 0.00001 0.904574 0.00001
0.133181 0.00001 0.866799 0.00001
0.036783 0.00001 0.963197 0.00001
0.131607 0.00001 0.868373 0.00001
0.171423 0.00001 0.828557 0.00001
0.126601 0.00001 0.873379 0.00001
0.102767 0.00001 0.897213 0.00001
0.132909 0.00001 0.867071 0.00001
0.058286 0.00001 0.941694 0.00001
0.133747 0.00001 0.866233 0.00001
0.22195 0.00001 0.77803 0.00001
0.00001 0.00001 0.99997 0.00001
0.239445 0.00001 0.760535 0.00001
0.075489 0.00001 0.924491 0.00001
0.134387 0.00001 0.865593 0.00001
0.172448 0.00001 0.827532 0.00001
0.131309 0.00001 0.868671 0.00001
0.173526 0.00001 0.826454 0.00001
0.206649 0.00001 0.793331 0.00001
0.195888 0.00001 0.804092 0.00001
