0.00001 0.00001 0.00001 0.99997
0.000012 0.00001 0.00001 0.999968
0.00001 0.00001 0.00001 0.99997
0.00001 0.00001 0.00001 0.99997
0.00001 0.00001 0.00001 0.99997
0.00001 0.00001 0.00001 0.99997
0.338322 0.00001 0.00001 0.661658
0.321883 0.00001 0.00001 0.678097
0.00001 0.00001 0.00001 0.99997
0.00001 0.00001 0.00001 0.99997
0.00001 0.00001 0.00001 0.99997
0.00001 0.00001 0.00001 0.99997
0.00001 0.00001 0.00001 0.99997
0.475056 0.00001 0.027157 0.497777
0.00001 0.00001 0.00001 0.99997
0.00001 0.00001 0.00001 0.99997
0.00001 0.00001 0.00001 0.99997
0.00001 0.00001 0.00001 0.99997
0.00001 0.00001 0.00001 0.99997
0.453073 0.00001 0.00001 0.546907
0.00001 0.00001 0.00001 0.99997
0.482294 0.00001 0.00001 0.517686
0.99997 0.00001 0.00001 0.00001
0.976383 0.00001 0.023597 0.00001
0.710275 0.00001 0.00001 0.289705
0.792527 0.00001 0.00001 0.207453
0.757841 0.00001 0.02563 0.21652
0.748525 0.00001 0.00001 0.251455
0.754629 0.00001 0.00001 0.245351
0.624047 0.00001 0.00001 0.375933
0.710652 0.00001 0.00001 0.289328
0.709096 0.001479 0.00001 0.289415
0.649403 0.00001 0.022382 0.328205
0.777862 0.00001 0.00001 0.222118
0.90506 0.00001 0.00001 0.09492
0.99997 0.00001 0.00001 0.00001
0.807633 0.00001 0.00001 0.192347
0.729954 0.00001 0.00001 0.270026
0.684054 0.00001 0.00001 0.315926
0.882034 0.00001 0.00001 0.117946
0.867746 0.00001 0.00001 0.132234
0.99997 0.00001 0.00001 0.00001
0.777465 0.00001 0.01694 0.205585
0.705943 0.00001 0.048355 0.245692
0.675775 0.00001 0.00001 0.324205
0.779611 0.00001 0.00001 0.220369
0.874664 0.00001 0.00001 0.125316
0.708077 0.00001 0.00001 0.291903
0.805321 0.00001 0.00001 0.194659
0.628554 0.00001 0.014854 0.356582
0.679766 0.00001 0.00001 0.320214
0.759094 0.00001 0.004899 0.235997
0.99997 0.00001 0.00001 0.00001
0.852151 0.00001 0.00001 0.147829
0.991671 0.00001 0.008309 0.00001
0.805626 0.00001 0.00001 0.194354
0.593472 0.00001 0.015806 0.390712
0.944035 0.00001 0.00001 0.055945
0.746499 0.00001 0.00001 0.253481
0.703766 0.00001 0.024388 0.271836
0.99997 0.00001 0.00001 0.00001
0.755232 0.00001 0.00001 0.244748
0.771103 0.00001 0.00001 0.228877
0.698323 0.00001 0.010436 0.291231
0.516595 0.00001 0.00001 0.483385
0.750401 0.00001 0.00001 0.249579
0.827725 0.00001 0.00001 0.172255
0.74114 0.00001 0.00001 0.25884
0.741701 0.004016 0.00001 0.254274
0.802523 0.00001 0.00001 0.197457
0.690546 0.00001 0.00001 0.309434
0.717345 0.00001 0.005816 0.276829
0.800794 0.00001 0.00001 0.199186
0.744151 0.00001 0.00001 0.255829
0.661137 0.00001 0.00001 0.338843
0.699641 0.00001 0.004089 0.296261
0.765284 0.00001 0.00001 0.234696
0.635494 0.00001 0.00001 0.364486
0.710921 0.00001 0.00795 0.281119
0.757152 0.00001 0.00001 0.242828
0.595997 0.00001 0.077197 0.326796
0.792587 0.00001 0.00001 0.207393
0.985957 0.00001 0.00001 0.014023
0.624272 0.00001 0.00001 0.375708
0.808043 0.00001 0.00001 0.191937
0.720307 0.00001 0.00338 0.276303
0.845425 0.00001 0.00001 0.154555
0.85014 0.00001 0.00001 0.14984
0.716545 0.00001 0.00257 0.280875
0.622436 0.00001 0.00001 0.377544
0.78145 0.00001 0.00001 0.21853
0.776036 0.00001 0.012635 0.211319
0.590614 0.001514 0.00001 0.407862
0.99997 0.00001 0.00001 0.00001
0.618765 0.00001 0.00001 0.381215
0.99997 0.00001 0.00001 0.00001
0.837452 0.000554 0.00001 0.161984
0.855886 0.00001 0.00001 0.144094
0.660637 0.00001 0.00001 0.339343
0.99997 0.00001 0.00001 0.00001
0.726896 0.00001 0.00001 0.273084
0.688015 0.00001 0.00001 0.311965
0.849568 0.00001 0.00001 0.150412
0.737935 0.00001 0.00001 0.262045
0.807087 0.00001 0.002234 0.190669
0.895222 0.00001 0.00001 0.104758
0.824656 0.00001 0.00001 0.175324
0.684314 0.00001 0.00001 0.315666
0.708126 0.00001 0.000707 0.291157
0.99997 0.00001 0.00001 0.00001
0.99997 0.00001 0.00001 0.00001
0.810248 0.00001 0.00001 0.189732
0.687496 0.00001 0.00001 0.312484
0.754136 0.00001 0.00001 0.245844
0.743514 0.00001 0.00001 0.256466
0.897517 0.00001 0.00001 0.102463
0.775464 0.00001 0.00001 0.224516
0.773793 0.00001 0.00001 0.226187
0.622757 0.00001 0.00001 0.377223
0.661706 0.00001 0.003673 0.334611
0.669558 0.00001 0.00001 0.330422
0.863523 0.00001 0.00001 0.136457
0.798939 0.00001 0.00001 0.201041
0.791544 0.00001 0.00001 0.208436
0.745725 0.00001 0.00001 0.254255
0.973401 0.003833 0.00001 0.022756
0.99997 0.00001 0.00001 0.00001
0.880163 0.00001 0.00001 0.119817
0.99997 0.00001 0.00001 0.00001
0.784296 0.00001 0.00001 0.215684
0.763327 0.00001 0.028222 0.208441
0.355222 0.098897 0.390953 0.154928
0.362845 0.088887 0.382618 0.16565
0.545811 0.138597 0.249366 0.066226
0.620435 0.079773 0.161484 0.138309
0.707121 0.045615 0.185512 0.061752
0.60914 0.044732 0.197018 0.149111
0.163843 0.273577 0.525965 0.036616
0.337799 0.084713 0.448662 0.128827
0.202448 0.171073 0.478828 0.147651
0.559308 0.101877 0.177687 0.161128
0.635505 0.008191 0.191351 0.164953
0.10158 0.325036 0.573375 0.00001
0.191992 0.05616 0.640292 0.111556
0.118275 0.286417 0.493248 0.10206
0.152164 0.129567 0.669092 0.049177
0.644361 0.078727 0.176526 0.100386
0.567475 0.05444 0.170878 0.207206
0.539672 0.114684 0.23767 0.107973
0.514923 0.00001 0.273685 0.211382
0.586173 0.00001 0.220405 0.193412
0.627095 0.00001 0.193686 0.179209
0.569156 0.00001 0.112494 0.31834
0.636481 0.160123 0.203386 0.00001
0.589375 0.038363 0.260658 0.111605
0.617806 0.00001 0.357112 0.025072
0.485352 0.20751 0.060116 0.247023
0.663483 0.05038 0.118652 0.167486
0.530951 0.032493 0.201908 0.234648
0.6245 0.00001 0.184893 0.190597
0.593067 0.094078 0.10748 0.205375
0.519175 0.068981 0.249526 0.162318
0.659577 0.073234 0.097167 0.170023
0.638535 0.064318 0.131439 0.165708
0.600417 0.167341 0.05042 0.181823
0.55538 0.069169 0.143486 0.231965
0.564901 0.039576 0.216878 0.178644
0.5275 0.00001 0.203712 0.268778
0.691801 0.050206 0.148407 0.109586
0.596938 0.00001 0.219118 0.183934
0.678712 0.060597 0.144997 0.115694
0.466142 0.00001 0.456145 0.077703
0.60236 0.070082 0.197279 0.130279
0.60951 0.066348 0.108137 0.216005
0.644287 0.082733 0.00001 0.27297
0.00001 0.130595 0.869385 0.00001
0.004382 0.180915 0.814692 0.00001
0.00001 0.093784 0.906196 0.00001
0.00001 0.00001 0.99997 0.00001
0.00001 0.108998 0.890982 0.00001
0.00001 0.136396 0.863584 0.00001
0.00001 0.094454 0.905526 0.00001
0.00001 0.131075 0.868905 0.00001
0.00001 0.172924 0.827056 0.00001
0.00001 0.243785 0.756195 0.00001
0.00001 0.00001 0.99997 0.00001
0.00001 0.054236 0.945744 0.00001
0.00001 0.113853 0.886127 0.00001
0.00001 0.079615 0.920365 0.00001
0.00001 0.00001 0.99997 0.00001
0.00001 0.040065 0.959915 0.00001
0.00001 0.125123 0.874857 0.00001
0.00001 0.107839 0.892141 0.00001
0.00001 0.190416 0.785501 0.024074
0.00001 0.178503 0.821477 0.00001
0.00001 0.080146 0.919834 0.00001
0.00001 0.08766 0.91232 0.00001
0.00001 0.205716 0.794264 0.00001
0.00001 0.242171 0.757809 0.00001
0.00001 0.125808 0.874172 0.00001
0.00001 0.128502 0.871478 0.00001
0.00001 0.156674 0.843306 0.00001
0.00001 0.226748 0.773232 0.00001
0.00001 0.112274 0.887706 0.00001
0.00001 0.182287 0.817693 0.00001
0.00001 0.087448 0.912532 0.00001
0.005189 0.11915 0.875652 0.00001
0.00001 0.109042 0.890938 0.00001
0.00001 0.186501 0.813479 0.00001
0.00001 0.058258 0.941722 0.00001
0.00001 0.190347 0.809633 0.00001
0.00001 0.023689 0.976291 0.00001
0.00001 0.015207 0.984773 0.00001
0.00001 0.058058 0.941922 0.00001
0.00001 0.102461 0.897519 0.00001
0.00001 0.230258 0.769722 0.00001
0.00001 0.192569 0.807411 0.00001
0.041022 0.00001 0.958958 0.00001
0.031375 0.00001 0.968605 0.00001
0.00001 0.298068 0.701912 0.00001
0.00001 0.08125 0.91873 0.00001
0.014505 0.220689 0.764796 0.00001
0.030745 0.035622 0.933624 0.00001
0.00001 0.227959 0.772021 0.00001
0.00001 0.258962 0.741018 0.00001
0.00001 0.131029 0.868951 0.00001
0.00001 0.139366 0.860614 0.00001
0.00001 0.043111 0.956869 0.00001
0.00001 0.077125 0.922855 0.00001
0.00001 0.094371 0.905609 0.00001
0.00001 0.125872 0.874108 0.00001
0.00001 0.079055 0.920925 0.00001
0.00001 0.165061 0.834919 0.00001
0.002949 0.130855 0.866187 0.00001
0.00001 0.242565 0.757415 0.00001
0.023239 0.033771 0.94298 0.00001
0.024666 0.00001 0.975314 0.00001
0.00001 0.078598 0.911852 0.00954
0.00001 0.00001 0.996824 0.003156
0.00001 0.00001 0.99997 0.00001
0.00001 0.00001 0.99997 0.00001
0.00001 0.233835 0.766145 0.00001
0.00001 0.118108 0.875573 0.006309
0.00001 0.141716 0.858264 0.00001
0.00001 0.17001 0.82997 0.00001
0.003671 0.168168 0.828152 0.00001
0.00001 0.025786 0.974194 0.00001
0.00001 0.075456 0.924524 0.00001
0.00001 0.121267 0.878713 0.00001
0.00001 0.019071 0.980909 0.00001
0.002252 0.076283 0.921455 0.00001
0.00001 0.071802 0.928178 0.00001
0.00001 0.119289 0.880691 0.00001
0.00001 0.141221 0.858759 0.00001
0.00001 0.044059 0.955921 0.00001
0.00001 0.00001 0.99997 0.00001
0.00001 0.02545 0.97453 0.00001
0.00001 0.135936 0.864044 0.00001
0.00001 0.212044 0.787936 0.00001
0.00001 0.152874 0.847106 0.00001
0.00001 0.149138 0.850842 0.00001
0.00001 0.134792 0.865188 0.00001
0.00001 0.174814 0.825166 0.00001
0.00001 0.160931 0.839049 0.00001
0.00001 0.058559 0.941421 0.00001
0.00001 0.175665 0.824315 0.00001
0.00001 0.181732 0.818248 0.00001
0.00001 0.301422 0.698558 0.00001
0.00001 0.314983 0.684997 0.00001
0.00001 0.298253 0.701727 0.00001
0.00001 0.251244 0.748736 0.00001
0.00001 0.13199 0.86799 0.00001
0.00001 0.197501 0.802479 0.00001
0.00001 0.325712 0.674268 0.00001
0.00001 0.303681 0.696299 0.00001
0.00001 0.318432 0.681548 0.00001
0.00001 0.00001 0.99997 0.00001
0.00001 0.00001 0.99997 0.00001
0.00001 0.15375 0.84623 0.00001
0.00001 0.198879 0.801101 0.00001
0.00001 0.00001 0.99997 0.00001
0.00001 0.120898 0.868439 0.010653
0.00001 0.716533 0.283447 0.00001
0.00001 0.466265 0.533715 0.00001
0.00001 0.46833 0.53165 0.00001
0.00001 0.702394 0.297586 0.00001
0.00001 0.665685 0.334295 0.00001
0.00001 0.428531 0.571449 0.00001
0.00001 0.499278 0.500702 0.00001
0.00001 0.636121 0.363859 0.00001
0.00001 0.767369 0.232611 0.00001
0.00001 0.300292 0.699688 0.00001
0.00001 0.420495 0.579485 0.00001
0.00001 0.641145 0.358835 0.00001
0.00001 0.65203 0.34795 0.00001
0.00001 0.317669 0.682311 0.00001
0.00001 0.565953 0.434027 0.00001
0.00001 0.548305 0.451675 0.00001
0.00001 0.635781 0.364199 0.00001
0.00001 0.639566 0.360414 0.00001
0.00001 0.645602 0.354378 0.00001
0.00001 0.475503 0.524477 0.00001
0.00001 0.312281 0.687699 0.00001
0.00001 0.692923 0.307057 0.00001
0.00001 0.710276 0.289704 0.00001
0.00001 0.708661 0.291319 0.00001
0.00001 0.390961 0.609019 0.00001
0.00001 0.58324 0.41674 0.00001
0.00001 0.478916 0.521064 0.00001
0.00001 0.519406 0.480574 0.00001
0.00001 0.99997 0.00001 0.00001
0.00001 0.969044 0.030936 0.00001
0.00001 0.99997 0.00001 0.00001
0.00001 0.99997 0.00001 0.00001
0.00001 0.99997 0.00001 0.00001
0.00001 0.99997 0.00001 0.00001
0.00001 0.97196 0.02802 0.00001
0.00001 0.942526 0.057454 0.00001
0.00001 0.99997 0.00001 0.00001
0.00001 0.99997 0.00001 0.00001
0.00001 0.99997 0.00001 0.00001
0.00001 0.99997 0.00001 0.00001
0.00001 0.99997 0.00001 0.00001
0.00001 0.99997 0.00001 0.00001
0.00001 0.99997 0.00001 0.00001
0.00001 0.99997 0.00001 0.00001
0.00001 0.938324 0.061656 0.00001
0.00001 0.948453 0.051527 0.00001
0.00001 0.99997 0.00001 0.00001
0.00001 0.99997 0.00001 0.00001
0.00001 0.99997 0.00001 0.00001
0.00001 0.99997 0.00001 0.00001
0.00001 0.891872 0.108108 0.00001
0.00001 0.99997 0.00001 0.00001
0.000012 0.999968 0.00001 0.00001
0.00001 0.804282 0.195698 0.00001
0.00001 0.718464 0.281516 0.00001
0.00001 0.850501 0.149479 0.00001
0.00001 0.943814 0.056166 0.00001
0.00001 0.768012 0.231968 0.00001
0.00001 0.730025 0.269955 0.00001
0.00001 0.85614 0.14384 0.00001
0.00001 0.744103 0.255877 0.00001
0.00001 0.951304 0.048676 0.00001
0.00001 0.81753 0.18245 0.00001
0.00001 0.814286 0.185694 0.00001
0.00001 0.835637 0.164343 0.00001
0.00001 0.919405 0.080575 0.00001
0.00001 0.829507 0.170473 0.00001
0.00001 0.795171 0.204809 0.00001
0.00001 0.778226 0.221754 0.00001
0.00001 0.832254 0.167726 0.00001
0.00001 0.800723 0.199257 0.00001
0.00001 0.858093 0.141887 0.00001
0.00001 0.741978 0.258002 0.00001
0.00001 0.825164 0.174816 0.00001
0.00001 0.842178 0.157802 0.00001
0.00001 0.803932 0.196048 0.00001
0.00001 0.943222 0.056758 0.00001
0.00001 0.817656 0.182324 0.00001
0.00001 0.798668 0.201312 0.00001
0.00001 0.775596 0.224384 0.00001
0.00001 0.862047 0.137933 0.00001
0.00001 0.901607 0.098373 0.00001
0.00001 0.931779 0.068201 0.00001
0.00001 0.810395 0.189585 0.00001
0.00001 0.826258 0.173722 0.00001
0.00001 0.845839 0.154141 0.00001
0.00001 0.967602 0.032378 0.00001
0.00001 0.831664 0.168316 0.00001
0.00001 0.99997 0.00001 0.00001
0.00001 0.889318 0.110662 0.00001
0.00001 0.99997 0.00001 0.00001
0.00001 0.991513 0.008467 0.00001
0.00001 0.89461 0.10537 0.00001
0.00001 0.950552 0.049428 0.00001
0.00001 0.83771 0.16227 0.00001
0.00001 0.804952 0.195028 0.00001
0.00001 0.961414 0.038566 0.00001
0.00001 0.904457 0.095523 0.00001
0.00001 0.86665 0.13333 0.00001
0.00001 0.962977 0.037003 0.00001
0.00001 0.868294 0.131686 0.00001
0.00001 0.828536 0.171444 0.00001
0.00001 0.873219 0.126761 0.00001
0.00001 0.897108 0.102872 0.00001
0.00001 0.866946 0.133034 0.00001
0.00001 0.941708 0.058272 0.00001
0.00001 0.866246 0.133734 0.00001
0.00001 0.778041 0.221939 0.00001
0.00001 0.99997 0.00001 0.00001
0.00001 0.760498 0.239482 0.00001
0.00001 0.924461 0.075519 0.00001
0.00001 0.865508 0.134472 0.00001
0.00001 0.827419 0.172561 0.00001
0.00001 0.868619 0.131361 0.00001
0.00001 0.82634 0.17364 0.00001
0.00001 0.793246 0.206734 0.00001
0.00001 0.803945 0.196035 0.00001
