0.00001 0.00001 0.00001 0.99996 0.00001
0.00001 0.00001 0.00001 0.99996 0.00001
0.00001 0.00001 0.00001 0.99996 0.00001
0.00001 0.00001 0.00001 0.99996 0.00001
0.00001 0.00001 0.00001 0.99996 0.00001
0.00001 0.00001 0.00001 0.99996 0.00001
0.00001 0.00001 0.310799 0.689171 0.00001
0.00001 0.00001 0.00001 0.99996 0.00001
0.00001 0.00001 0.00001 0.99996 0.00001
0.00001 0.00001 0.00001 0.99996 0.00001
0.00001 0.00001 0.00001 0.99996 0.00001
0.00001 0.00001 0.00001 0.99996 0.00001
0.00001 0.00001 0.00001 0.99996 0.00001
0.00001 0.027522 0.462052 0.510406 0.00001
0.00001 0.00001 0.00001 0.99996 0.00001
0.00001 0.00001 0.00001 0.99996 0.00001
0.00001 0.00001 0.00001 0.99996 0.00001
0.00001 0.00001 0.00001 0.99996 0.00001
0.00001 0.00001 0.00001 0.99996 0.00001
0.00001 0.00001 0.432171 0.567799 0.00001
0.00001 0.00001 0.00001 0.99996 0.00001
0.00001 0.00001 0.479488 0.520482 0.00001
0.00001 0.00001 0.99996 0.00001 0.00001
0.00001 0.023926 0.976044 0.00001 0.00001
0.00001 0.00001 0.703719 0.296251 0.00001
0.00001 0.00001 0.785453 0.214517 0.00001
0.00001 0.026685 0.744373 0.228922 0.00001
0.00001 0.00001 0.74251 0.25746 0.00001
0.00001 0.000377 0.735161 0.264442 0.00001
0.00001 0.00001 0.615774 0.384196 0.00001
0.00001 0.00001 0.703991 0.295979 0.00001
0.002682 0.00001 0.699838 0.29746 0.00001
0.00001 0.023064 0.626355 0.350562 0.00001
0.00001 0.00001 0.763377 0.236593 0.00001
0.00001 0.00001 0.897304 0.102666 0.00001
0.00001 0.00001 0.99996 0.00001 0.00001
0.00001 0.00001 0.79254 0.20743 0.00001
0.00001 0.00001 0.729411 0.270559 0.00001
0.00001 0.00001 0.664809 0.335161 0.00001
0.00001 0.00001 0.875674 0.124296 0.00001
0.00001 0.00001 0.861419 0.138551 0.00001
0.00001 0.00001 0.99996 0.00001 0.00001
0.00001 0.00001 0.770295 0.210947 0.018738
0.00001 0.049693 0.693384 0.256903 0.00001
0.00001 0.00001 0.668187 0.331783 0.00001
0.00001 0.00001 0.775181 0.224789 0.00001
0.00001 0.00001 0.880207 0.119763 0.00001
0.00001 0.00001 0.696986 0.302984 0.00001
0.00001 0.00001 0.795004 0.204966 0.00001
0.00001 0.015827 0.620809 0.363344 0.00001
0.00001 0.00001 0.657704 0.342266 0.00001
0.00001 0.006248 0.744772 0.24896 0.00001
0.00001 0.00001 0.99996 0.00001 0.00001
0.00001 0.00001 0.85829 0.14168 0.00001
0.00001 0.009458 0.990512 0.00001 0.00001
0.00001 0.00001 0.802811 0.197159 0.00001
0.00001 0.017563 0.597418 0.385 0.00001
0.00001 0.000144 0.897936 0.1019 0.00001
0.00001 0.00001 0.731668 0.268302 0.00001
0.00001 0.024968 0.69047 0.284542 0.00001
0.00001 0.00001 0.99996 0.00001 0.00001
0.00001 0.00001 0.751439 0.248531 0.00001
0.00001 0.00001 0.761234 0.238736 0.00001
0.00001 0.00001 0.684759 0.303205 0.012016
0.00001 0.00001 0.511696 0.488274 0.00001
0.00001 0.00001 0.738618 0.261352 0.00001
0.00001 0.00001 0.826244 0.173726 0.00001
0.00001 0.00001 0.718401 0.281569 0.00001
0.00001 0.00001 0.73557 0.259815 0.004595
0.00001 0.00001 0.775393 0.224577 0.00001
0.00001 0.00001 0.687593 0.312377 0.00001
0.00001 0.006448 0.702789 0.290743 0.00001
0.00001 0.00001 0.795429 0.204541 0.00001
0.00001 0.00001 0.741128 0.258842 0.00001
0.00001 0.00001 0.662934 0.337036 0.00001
0.00001 0.004501 0.694441 0.301039 0.00001
0.00001 0.00001 0.756807 0.243163 0.00001
0.00001 0.00001 0.638252 0.361718 0.00001
0.00001 0.008687 0.697182 0.294112 0.00001
0.00001 0.00001 0.750831 0.249139 0.00001
0.00001 0.030277 0.583419 0.3404 0.045894
0.00001 0.00001 0.78429 0.21568 0.00001
0.00001 0.00001 0.99996 0.00001 0.00001
0.00001 0.00001 0.613474 0.386496 0.00001
0.00001 0.00001 0.799203 0.200767 0.00001
0.00001 0.00001 0.712813 0.280167 0.007
0.00001 0.00001 0.836102 0.163868 0.00001
0.00001 0.00001 0.833908 0.166062 0.00001
0.003038 0.00001 0.708871 0.28807 0.00001
0.00001 0.00001 0.612624 0.38649 0.000867
0.00001 0.00001 0.77637 0.2236 0.00001
0.00001 0.012813 0.767721 0.219446 0.00001
0.00001 0.00001 0.575665 0.422137 0.002178
0.00001 0.00001 0.99996 0.00001 0.00001
0.00001 0.00001 0.610858 0.389112 0.00001
0.00001 0.00001 0.99996 0.00001 0.00001
0.00091 0.00001 0.827393 0.171677 0.00001
0.00001 0.00001 0.847366 0.152604 0.00001
0.00001 0.00001 0.650297 0.349673 0.00001
0.00001 0.00001 0.99996 0.00001 0.00001
0.00001 0.00001 0.713002 0.286968 0.00001
0.00001 0.00001 0.678681 0.321289 0.00001
0.00001 0.00001 0.839016 0.160954 0.00001
0.00001 0.00001 0.716453 0.282481 0.001047
0.00001 0.003188 0.798814 0.197978 0.00001
0.00001 0.00001 0.897815 0.102155 0.00001
0.00001 0.00001 0.813459 0.186511 0.00001
0.00001 0.00001 0.684472 0.315498 0.00001
0.00001 0.00095 0.70058 0.29845 0.00001
0.00001 0.00001 0.99996 0.00001 0.00001
0.00001 0.00001 0.99996 0.00001 0.00001
0.00001 0.00001 0.805072 0.194898 0.00001
0.00001 0.00001 0.671364 0.328606 0.00001
0.00001 0.00001 0.751938 0.248032 0.00001
0.00001 0.00001 0.731815 0.268155 0.00001
0.00001 0.00001 0.902929 0.097041 0.00001
0.00001 0.00001 0.760692 0.239278 0.00001
0.00001 0.00001 0.763951 0.236019 0.00001
0.00001 0.00001 0.606538 0.393432 0.00001
0.00001 0.004507 0.641875 0.353598 0.00001
0.00001 0.00001 0.661571 0.338399 0.00001
0.00001 0.00001 0.858334 0.141636 0.00001
0.00001 0.00001 0.784611 0.215359 0.00001
0.00001 0.00001 0.780981 0.218989 0.00001
0.00001 0.00001 0.72751 0.27246 0.00001
0.006618 0.00001 0.964724 0.028638 0.00001
0.00001 0.00001 0.99996 0.00001 0.00001
0.00001 0.00001 0.866376 0.133594 0.00001
0.00001 0.000602 0.999368 0.00001 0.00001
0.00001 0.00001 0.778626 0.221344 0.00001
0.00001 0.02911 0.747 0.22387 0.00001
0.168168 0.311714 0.348213 0.16163 0.010275
0.028218 0.330433 0.35271 0.17506 0.113578
0.213995 0.173778 0.552364 0.059853 0.00001
0.01085 0.14638 0.620254 0.138132 0.084383
0.035849 0.161963 0.704914 0.063321 0.033953
0.058299 0.149314 0.596986 0.161306 0.034094
0.101941 0.452103 0.159599 0.04008 0.246277
0.213478 0.319699 0.333685 0.133128 0.00001
0.343557 0.305229 0.194622 0.156582 0.00001
0.180452 0.099389 0.54662 0.173529 0.00001
0.06203 0.137324 0.628197 0.172439 0.00001
0.218344 0.46802 0.101122 0.00001 0.212504
0.194388 0.502247 0.193692 0.109664 0.00001
0.410997 0.350785 0.1222 0.098664 0.017354
0.144238 0.542287 0.140877 0.060089 0.112509
0.078518 0.128503 0.64013 0.104862 0.047987
0.00001 0.167886 0.562158 0.211424 0.058522
0.17036 0.182309 0.549994 0.097327 0.00001
0.0157 0.258662 0.503495 0.222133 0.00001
0.041036 0.179849 0.584821 0.194283 0.00001
0.00001 0.15474 0.619453 0.186293 0.039504
0.00001 0.089001 0.560239 0.326738 0.024013
0.122607 0.163508 0.635891 0.00001 0.077983
0.029139 0.208584 0.590448 0.11003 0.061799
0.094527 0.262361 0.616106 0.026996 0.00001
0.121506 0.022378 0.475424 0.257265 0.123427
0.061644 0.090274 0.656721 0.174326 0.017035
0.062955 0.157859 0.517521 0.24812 0.013546
0.00001 0.156183 0.61485 0.199899 0.029058
0.107973 0.093979 0.590487 0.207551 0.00001
0.084868 0.195254 0.505803 0.175472 0.038603
0.056126 0.074869 0.652456 0.176884 0.039665
0.183103 0.01101 0.634135 0.171742 0.00001
0.021236 0.057488 0.587799 0.193362 0.140116
0.00001 0.128911 0.549031 0.237719 0.08433
0.099655 0.156545 0.559293 0.184497 0.00001
0.00001 0.171793 0.514558 0.281062 0.032578
0.114011 0.084544 0.676271 0.125164 0.00001
0.00001 0.219809 0.584829 0.195342 0.00001
0.052364 0.119515 0.674964 0.119099 0.034057
0.063399 0.393231 0.470515 0.072845 0.00001
0.019537 0.169635 0.595074 0.136898 0.078857
0.00001 0.08213 0.607269 0.218862 0.09173
0.00001 0.00001 0.636652 0.280407 0.082921
0.026565 0.75234 0.00001 0.00001 0.221075
0.091616 0.696404 0.001081 0.00001 0.210888
0.00001 0.768337 0.00001 0.00001 0.231633
0.001189 0.849799 0.00001 0.00001 0.148992
0.00001 0.755454 0.00001 0.00001 0.244516
0.028267 0.744468 0.00001 0.00001 0.227245
0.146212 0.745606 0.00001 0.00001 0.108162
0.144006 0.700849 0.00001 0.00001 0.155125
0.048467 0.705529 0.00001 0.00001 0.245984
0.40125 0.584548 0.00001 0.00001 0.014182
0.090488 0.909482 0.00001 0.00001 0.00001
0.00001 0.789235 0.00001 0.00001 0.210735
0.158695 0.721283 0.00001 0.00001 0.120002
0.258764 0.737552 0.00001 0.00001 0.003665
0.087583 0.833039 0.00001 0.00001 0.079358
0.00001 0.806683 0.00001 0.00001 0.193287
0.074399 0.737917 0.00001 0.00001 0.187664
0.216809 0.716506 0.00001 0.00001 0.066665
0.244829 0.62725 0.00001 0.022609 0.105302
0.111968 0.68065 0.00001 0.00001 0.207361
0.00001 0.785382 0.00001 0.00001 0.214588
0.266251 0.725914 0.00001 0.00001 0.007815
0.179207 0.640296 0.00001 0.00001 0.180477
0.370509 0.598341 0.00001 0.00001 0.031131
0.00001 0.751606 0.00001 0.00001 0.248364
0.195108 0.707184 0.00001 0.00001 0.097688
0.161619 0.686577 0.00001 0.00001 0.151784
0.184373 0.637941 0.00001 0.00001 0.177666
0.00001 0.76586 0.00001 0.00001 0.23411
0.378197 0.621773 0.00001 0.00001 0.00001
0.035494 0.784353 0.00001 0.00001 0.180134
0.302587 0.678853 0.005793 0.00001 0.012757
0.330133 0.669837 0.00001 0.00001 0.00001
0.034114 0.694805 0.00001 0.00001 0.27106
0.030641 0.783449 0.00001 0.00001 0.18589
0.186274 0.66772 0.00001 0.00001 0.145986
0.225749 0.774221 0.00001 0.00001 0.00001
0.249183 0.750787 0.00001 0.00001 0.00001
0.00001 0.800139 0.00001 0.00001 0.199831
0.00001 0.775194 0.00001 0.00001 0.224776
0.255482 0.610854 0.00001 0.00001 0.133644
0.405526 0.594444 0.00001 0.00001 0.00001
0.00001 0.811497 0.038792 0.00001 0.149691
0.00001 0.817718 0.027241 0.00001 0.15502
0.065766 0.608829 0.00001 0.00001 0.325385
0.07805 0.753808 0.00001 0.00001 0.168122
0.170322 0.638151 0.011348 0.00001 0.180169
0.082914 0.778786 0.00001 0.027095 0.111195
0.410989 0.588981 0.00001 0.00001 0.00001
0.239498 0.594777 0.00001 0.00001 0.165705
0.000019 0.744006 0.00001 0.00001 0.255955
0.00001 0.72002 0.00001 0.00001 0.27995
0.263238 0.736732 0.00001 0.00001 0.00001
0.25034 0.74963 0.00001 0.00001 0.00001
0.315901 0.684069 0.00001 0.00001 0.00001
0.323627 0.676343 0.00001 0.00001 0.00001
0.13732 0.75212 0.00001 0.00001 0.11054
0.210822 0.673778 0.00001 0.00001 0.11538
0.346487 0.649314 0.004179 0.00001 0.00001
0.109758 0.640234 0.00001 0.00001 0.249988
0.155771 0.755842 0.023092 0.00001 0.065285
0.140917 0.812525 0.023161 0.00001 0.023387
0.191126 0.734916 0.00001 0.008463 0.065485
0.14454 0.822121 0.00001 0.001148 0.032181
0.00001 0.837039 0.00001 0.00001 0.162931
0.040729 0.941046 0.00001 0.00001 0.018205
0.228976 0.624547 0.00001 0.00001 0.146457
0.311647 0.684354 0.00001 0.003979 0.00001
0.059944 0.729666 0.00001 0.00001 0.21037
0.00001 0.701599 0.00001 0.00001 0.298371
0.091175 0.690829 0.000538 0.00001 0.217448
0.042642 0.821767 0.00001 0.00001 0.135571
0.10251 0.757856 0.00001 0.00001 0.139614
0.086751 0.736646 0.00001 0.00001 0.176583
0.255964 0.744006 0.00001 0.00001 0.00001
0.079562 0.754404 0.002149 0.00001 0.163875
0.266623 0.733347 0.00001 0.00001 0.00001
0.00001 0.72411 0.00001 0.00001 0.27586
0.278539 0.691149 0.00001 0.00001 0.030292
0.00001 0.821102 0.00001 0.00001 0.178868
0.087792 0.83575 0.00001 0.00001 0.076438
0.265427 0.734543 0.00001 0.00001 0.00001
0.113289 0.70873 0.00001 0.00001 0.177961
0.268166 0.629089 0.00001 0.00001 0.102725
0.121013 0.709735 0.00001 0.00001 0.169232
0.051756 0.729836 0.00001 0.00001 0.218387
0.00001 0.747489 0.00001 0.00001 0.252481
0.154428 0.670596 0.00001 0.00001 0.174956
0.316835 0.662151 0.00001 0.00001 0.020994
0.00001 0.792822 0.00001 0.00001 0.207148
0.00001 0.731139 0.00001 0.00001 0.268831
0.36962 0.63035 0.00001 0.00001 0.00001
0.396576 0.540204 0.00001 0.00001 0.0632
0.247464 0.550563 0.00001 0.00001 0.201953
0.357298 0.54613 0.00001 0.00001 0.096552
0.26111 0.591261 0.00001 0.00001 0.147609
0.310717 0.689253 0.00001 0.00001 0.00001
0.277934 0.647953 0.00001 0.00001 0.074093
0.173623 0.552052 0.00001 0.00001 0.274306
0.282831 0.546613 0.00001 0.00001 0.170536
0.121795 0.579541 0.00001 0.00001 0.298644
0.00001 0.893447 0.00001 0.00001 0.106523
0.00001 0.853656 0.00001 0.00001 0.146314
0.00001 0.745641 0.00001 0.00001 0.254329
0.137585 0.667262 0.00001 0.00001 0.195132
0.00001 0.809771 0.00001 0.00001 0.190199
0.288972 0.703151 0.00001 0.007857 0.00001
0.603735 0.164533 0.00001 0.00001 0.231712
0.454398 0.381925 0.00001 0.00001 0.163657
0.326213 0.409331 0.00001 0.00001 0.264436
0.700903 0.15652 0.00001 0.00001 0.142556
0.309626 0.257463 0.00001 0.00001 0.432891
0.594036 0.38942 0.00001 0.00001 0.016523
0.405335 0.366408 0.00001 0.00001 0.228237
0.197449 0.29681 0.00001 0.00001 0.50572
0.833788 0.073941 0.00001 0.00001 0.09225
0.256034 0.543701 0.00001 0.00001 0.200245
0.596753 0.403217 0.00001 0.00001 0.00001
0.536282 0.233701 0.00001 0.00001 0.229997
0.580817 0.201729 0.00001 0.00001 0.217434
0.341687 0.522249 0.00001 0.00001 0.136044
0.448588 0.306941 0.00001 0.00001 0.244451
0.614822 0.288775 0.00001 0.00001 0.096383
0.380494 0.274645 0.00001 0.00001 0.344841
0.641261 0.204051 0.00001 0.00001 0.154667
0.397333 0.260891 0.00001 0.00001 0.341755
0.386126 0.398665 0.00001 0.00001 0.215189
0.319304 0.52842 0.00001 0.00001 0.152256
0.537233 0.18355 0.00001 0.00001 0.279196
0.625977 0.152285 0.00001 0.00001 0.221718
0.627994 0.158025 0.00001 0.00001 0.213961
0.618984 0.380986 0.00001 0.00001 0.00001
0.545893 0.289732 0.00001 0.00001 0.164355
0.614803 0.33671 0.00001 0.00001 0.048467
0.452434 0.340084 0.00001 0.00001 0.207462
0.375154 0.00001 0.00001 0.00001 0.624816
0.467107 0.000466 0.00001 0.00001 0.532407
0.00001 0.00001 0.00001 0.00001 0.99996
0.00001 0.00001 0.00001 0.00001 0.99996
0.400124 0.00001 0.00001 0.00001 0.599846
0.00001 0.00001 0.00001 0.00001 0.99996
0.674057 0.00001 0.00001 0.00001 0.325913
0.636484 0.00001 0.00001 0.00001 0.363486
0.51392 0.00001 0.00001 0.00001 0.48605
0.00001 0.00001 0.00001 0.00001 0.99996
0.391933 0.00001 0.00001 0.00001 0.608037
0.00001 0.00001 0.00001 0.00001 0.99996
0.00001 0.00001 0.00001 0.00001 0.99996
0.349646 0.00001 0.00001 0.00001 0.650324
0.00001 0.00001 0.00001 0.00001 0.99996
0.518551 0.00001 0.00001 0.00001 0.481419
0.313681 0.056958 0.00001 0.00001 0.629341
0.570568 0.004091 0.00001 0.00001 0.425321
0.00001 0.00001 0.00001 0.00001 0.99996
0.362069 0.00001 0.00001 0.00001 0.637901
0.435523 0.00001 0.00001 0.00001 0.564447
0.370118 0.00001 0.00001 0.00001 0.629852
0.574281 0.027131 0.00001 0.00001 0.398569
0.00001 0.00001 0.00001 0.00001 0.99996
0.00001 0.00001 0.00001 0.00001 0.99996
0.576464 0.093678 0.00001 0.00001 0.329839
0.461974 0.184187 0.00001 0.00001 0.353819
0.99996 0.00001 0.00001 0.00001 0.00001
0.621605 0.00001 0.00001 0.00001 0.378365
0.269622 0.1914 0.00001 0.00001 0.538958
0.59209 0.157046 0.00001 0.00001 0.250844
0.666681 0.017785 0.00001 0.00001 0.315514
0.557069 0.150016 0.00001 0.00001 0.292895
0.58516 0.00001 0.00001 0.00001 0.41481
0.481288 0.114965 0.00001 0.00001 0.403726
0.834464 0.00001 0.00001 0.00001 0.165506
0.684337 0.04933 0.00001 0.00001 0.266312
0.00001 0.00001 0.00001 0.00001 0.99996
0.701211 0.056215 0.00001 0.00001 0.242554
0.651899 0.06975 0.00001 0.00001 0.27833
0.557671 0.116592 0.00001 0.00001 0.325717
0.99996 0.00001 0.00001 0.00001 0.00001
0.59135 0.082025 0.00001 0.00001 0.326604
0.716954 0.01529 0.00001 0.00001 0.267736
0.792954 0.096216 0.00001 0.00001 0.11081
0.426439 0.119302 0.00001 0.00001 0.454239
0.814765 0.003262 0.00001 0.00001 0.181953
0.660612 0.058332 0.00001 0.00001 0.281035
0.747181 0.00001 0.00001 0.00001 0.252789
0.614356 0.080407 0.00001 0.00001 0.305217
0.726777 0.067164 0.00001 0.00001 0.206039
0.99996 0.00001 0.00001 0.00001 0.00001
0.655794 0.029422 0.00001 0.00001 0.314764
0.99996 0.00001 0.00001 0.00001 0.00001
0.834544 0.00001 0.00001 0.00001 0.165426
0.707252 0.067095 0.00001 0.00001 0.225633
0.742223 0.031395 0.00001 0.00001 0.226361
0.861871 0.00001 0.00001 0.00001 0.138099
0.99996 0.00001 0.00001 0.00001 0.00001
0.99996 0.00001 0.00001 0.00001 0.00001
0.00001 0.00001 0.00001 0.00001 0.99996
0.725945 0.00001 0.00001 0.00001 0.274025
0.00001 0.00001 0.00001 0.00001 0.99996
0.638321 0.00001 0.00001 0.00001 0.361649
0.706148 0.00182 0.00001 0.00001 0.292012
0.00001 0.00001 0.00001 0.00001 0.99996
0.99996 0.00001 0.00001 0.00001 0.00001
0.773216 0.037438 0.00001 0.00001 0.189326
0.819831 0.00001 0.00001 0.00001 0.180139
0.67687 0.000868 0.00001 0.00001 0.322242
0.99996 0.00001 0.00001 0.00001 0.00001
0.99996 0.00001 0.00001 0.00001 0.00001
0.99996 0.00001 0.00001 0.00001 0.00001
0.99996 0.00001 0.00001 0.00001 0.00001
0.59344 0.043013 0.00001 0.00001 0.363527
0.688793 0.00001 0.00001 0.00001 0.311177
0.49157 0.064512 0.00001 0.00001 0.443898
0.773177 0.00001 0.00001 0.00001 0.226793
0.622868 0.032339 0.00001 0.00001 0.344773
0.586938 0.118676 0.00001 0.00001 0.294366
0.616273 0.00001 0.00001 0.00001 0.383697
0.99996 0.00001 0.00001 0.00001 0.00001
0.99996 0.00001 0.00001 0.00001 0.00001
0.494602 0.061654 0.00001 0.00001 0.443724
0.499446 0.088157 0.00001 0.00001 0.412377
0.515106 0.053654 0.00001 0.00001 0.43122
0.659249 0.069279 0.00001 0.00001 0.271451
0.645594 0.089165 0.00001 0.00001 0.265221
0.652317 0.064761 0.00001 0.00001 0.282902
