0.000011 0.999959 0.00001 0.00001 0.00001
0.00001 0.99996 0.00001 0.00001 0.00001
0.00001 0.99996 0.00001 0.00001 0.00001
0.00001 0.99996 0.00001 0.00001 0.00001
0.00001 0.99996 0.00001 0.00001 0.00001
0.000012 0.999958 0.00001 0.00001 0.00001
0.00001 0.659259 0.340711 0.00001 0.00001
0.00001 0.677371 0.322599 0.00001 0.00001
0.00001 0.99996 0.00001 0.00001 0.00001
0.00001 0.99996 0.00001 0.00001 0.00001
0.00001 0.99996 0.00001 0.00001 0.00001
0.00001 0.99996 0.00001 0.00001 0.00001
0.00001 0.99996 0.00001 0.00001 0.00001
0.028145 0.494955 0.47688 0.00001 0.00001
0.00001 0.99996 0.00001 0.00001 0.00001
0.00001 0.99996 0.00001 0.00001 0.00001
0.000017 0.999953 0.00001 0.00001 0.00001
0.00001 0.99996 0.00001 0.00001 0.00001
0.00001 0.99996 0.00001 0.00001 0.00001
0.00001 0.546094 0.453876 0.00001 0.00001
0.00001 0.99996 0.00001 0.00001 0.00001
0.00001 0.516871 0.483099 0.00001 0.00001
0.00001 0.00001 0.99996 0.00001 0.00001
0.00001 0.00001 0.974338 0.025632 0.00001
0.00001 0.287979 0.711991 0.00001 0.00001
0.00001 0.203295 0.796675 0.00001 0.00001
0.000018 0.217156 0.754966 0.02785 0.00001
0.00001 0.249416 0.750554 0.00001 0.00001
0.0015 0.243411 0.755069 0.00001 0.00001
0.00001 0.374041 0.625929 0.00001 0.00001
0.00001 0.286858 0.713112 0.00001 0.00001
0.00001 0.287664 0.709113 0.003203 0.00001
0.023204 0.32638 0.650396 0.00001 0.00001
0.00001 0.220127 0.779843 0.00001 0.00001
0.00001 0.0928 0.90717 0.00001 0.00001
0.00001 0.00001 0.99996 0.00001 0.00001
0.00001 0.192899 0.807071 0.00001 0.00001
0.00001 0.269852 0.730118 0.00001 0.00001
0.00001 0.313588 0.686382 0.00001 0.00001
0.00001 0.115821 0.884149 0.00001 0.00001
0.00001 0.133325 0.866645 0.00001 0.00001
0.00002 0.00001 0.99995 0.00001 0.00001
0.00001 0.202606 0.77815 0.019223 0.00001
0.049997 0.242882 0.707101 0.00001 0.00001
0.00001 0.317253 0.682717 0.00001 0.00001
0.00001 0.217608 0.782362 0.00001 0.00001
0.00001 0.124666 0.875304 0.00001 0.00001
0.00001 0.29002 0.70995 0.00001 0.00001
0.00001 0.192786 0.80718 0.000013 0.00001
0.017034 0.353187 0.629759 0.00001 0.00001
0.00001 0.318974 0.680996 0.00001 0.00001
0.006083 0.235331 0.758566 0.00001 0.00001
0.00001 0.00001 0.99996 0.00001 0.00001
0.00001 0.143636 0.856334 0.00001 0.00001
0.00001 0.00001 0.988941 0.011029 0.00001
0.00001 0.194795 0.805175 0.00001 0.00001
0.00001 0.389432 0.59321 0.017338 0.00001
0.000019 0.056898 0.943064 0.00001 0.00001
0.00001 0.253869 0.746101 0.00001 0.00001
0.00001 0.27125 0.703689 0.025041 0.00001
0.00001 0.00001 0.99996 0.00001 0.00001
0.00001 0.242358 0.757612 0.00001 0.00001
0.00001 0.225918 0.774052 0.00001 0.00001
0.00001 0.291412 0.696624 0.011944 0.00001
0.00001 0.482594 0.517376 0.00001 0.00001
0.00001 0.247083 0.752887 0.00001 0.00001
0.00001 0.168377 0.831593 0.00001 0.00001
0.00001 0.256404 0.743566 0.00001 0.00001
0.00001 0.251462 0.744341 0.00001 0.004177
0.00001 0.195226 0.804744 0.00001 0.00001
0.00001 0.308357 0.691613 0.00001 0.00001
0.007093 0.277572 0.715315 0.00001 0.00001
0.00001 0.197834 0.802136 0.00001 0.00001
0.00001 0.253681 0.746289 0.00001 0.00001
0.00001 0.337982 0.661988 0.00001 0.00001
0.007178 0.294659 0.698143 0.00001 0.00001
0.00001 0.233489 0.766473 0.000018 0.00001
0.00001 0.362458 0.637512 0.00001 0.00001
0.011152 0.279255 0.709573 0.00001 0.00001
0.00001 0.239791 0.760173 0.000016 0.00001
0.00001 0.325994 0.594934 0.079052 0.00001
0.00001 0.204847 0.795123 0.00001 0.00001
0.00001 0.010206 0.989764 0.00001 0.00001
0.00001 0.373487 0.626483 0.00001 0.00001
0.00001 0.191583 0.808387 0.00001 0.00001
0.003936 0.274947 0.721097 0.00001 0.00001
0.00001 0.150615 0.849355 0.00001 0.00001
0.00001 0.147216 0.852754 0.00001 0.00001
0.00001 0.279769 0.715309 0.004902 0.00001
0.00001 0.37706 0.62291 0.00001 0.00001
0.00001 0.218433 0.781537 0.00001 0.00001
0.00001 0.209667 0.776105 0.014207 0.00001
0.000012 0.406833 0.591018 0.00001 0.002127
0.00001 0.00001 0.99996 0.00001 0.00001
0.00001 0.379029 0.620941 0.00001 0.00001
0.00001 0.00001 0.99996 0.00001 0.00001
0.00001 0.163798 0.833125 0.003057 0.00001
0.00001 0.143114 0.856856 0.00001 0.00001
0.00001 0.336568 0.663402 0.00001 0.00001
0.00001 0.00001 0.99996 0.00001 0.00001
0.00001 0.271896 0.72807 0.000015 0.00001
0.00001 0.311799 0.688171 0.00001 0.00001
0.00001 0.146927 0.853043 0.00001 0.00001
0.00001 0.261196 0.73873 0.000053 0.00001
0.00001 0.190234 0.807027 0.00272 0.00001
0.00001 0.101176 0.898794 0.00001 0.00001
0.001528 0.176417 0.822035 0.00001 0.00001
0.00001 0.311693 0.688277 0.00001 0.00001
0.00001 0.28848 0.710327 0.001173 0.00001
0.00001 0.00001 0.99996 0.00001 0.00001
0.00001 0.00001 0.999958 0.000012 0.00001
0.00001 0.188053 0.811917 0.00001 0.00001
0.00001 0.311012 0.688958 0.00001 0.00001
0.000019 0.244019 0.755941 0.00001 0.00001
0.000019 0.254167 0.745794 0.00001 0.00001
0.000018 0.10038 0.899581 0.00001 0.00001
0.00001 0.225328 0.774642 0.00001 0.00001
0.00001 0.224243 0.775727 0.00001 0.00001
0.00001 0.375901 0.624069 0.00001 0.00001
0.005777 0.334341 0.659862 0.00001 0.00001
0.00001 0.328407 0.671563 0.00001 0.00001
0.00001 0.134531 0.865439 0.00001 0.00001
0.00001 0.197363 0.802607 0.00001 0.00001
0.00001 0.205638 0.794332 0.00001 0.00001
0.00001 0.251437 0.748533 0.00001 0.00001
0.00001 0.025092 0.970354 0.00001 0.004534
0.00001 0.00001 0.99996 0.00001 0.00001
0.00001 0.117404 0.882566 0.00001 0.00001
0.001212 0.00001 0.998758 0.00001 0.00001
0.000018 0.215535 0.784426 0.00001 0.00001
0.029564 0.207305 0.763111 0.00001 0.00001
0.00001 0.155064 0.349734 0.484991 0.010201
0.139209 0.165463 0.360949 0.285549 0.04883
0.205842 0.066747 0.545928 0.05477 0.126713
0.00001 0.145415 0.608268 0.246297 0.00001
0.205677 0.047756 0.722071 0.00001 0.024486
0.00001 0.145591 0.608946 0.245444 0.00001
0.304914 0.036736 0.163158 0.271218 0.223974
0.00001 0.137785 0.32235 0.521819 0.018036
0.00001 0.160439 0.18212 0.585668 0.071763
0.084255 0.164871 0.55439 0.119977 0.076507
0.00001 0.16075 0.637907 0.201323 0.00001
0.00001 0.00001 0.08742 0.724975 0.187585
0.26933 0.115438 0.185363 0.419796 0.010074
0.04827 0.112347 0.10297 0.501349 0.235065
0.214769 0.053273 0.144233 0.507221 0.080505
0.120428 0.100947 0.643343 0.075356 0.059926
0.177937 0.207095 0.568992 0.00001 0.045965
0.101596 0.105314 0.541312 0.16393 0.087849
0.00001 0.216401 0.508504 0.275074 0.00001
0.217066 0.190898 0.592016 0.00001 0.00001
0.00001 0.187454 0.616988 0.195538 0.00001
0.112602 0.313385 0.573993 0.00001 0.00001
0.123172 0.00001 0.63525 0.122225 0.119343
0.213836 0.112964 0.589162 0.056713 0.027325
0.122474 0.024721 0.616729 0.236065 0.00001
0.024919 0.247669 0.483678 0.063215 0.180519
0.144781 0.163088 0.667407 0.00001 0.024714
0.00001 0.23247 0.530498 0.237012 0.00001
0.00001 0.188083 0.624139 0.187758 0.00001
0.05896 0.202425 0.595849 0.052437 0.090329
0.00001 0.165869 0.510623 0.323488 0.00001
0.008611 0.168809 0.661002 0.088009 0.073569
0.196422 0.166491 0.637066 0.00001 0.00001
0.00001 0.180701 0.599403 0.090568 0.129318
0.034669 0.231225 0.555146 0.129662 0.049297
0.256638 0.181639 0.561703 0.00001 0.00001
0.165732 0.264782 0.532237 0.037238 0.00001
0.117135 0.108805 0.692013 0.054885 0.027163
0.218369 0.180978 0.600633 0.00001 0.00001
0.00001 0.111119 0.6799 0.20896 0.00001
0.346442 0.078147 0.467338 0.108063 0.00001
0.089564 0.130656 0.601337 0.1226 0.055842
0.00001 0.214975 0.607466 0.165004 0.012545
0.00001 0.271857 0.645364 0.00001 0.082759
0.00001 0.00001 0.00001 0.99996 0.00001
0.904697 0.000011 0.00001 0.00001 0.095272
0.531872 0.00001 0.00001 0.428693 0.039415
0.448129 0.00001 0.00001 0.551841 0.00001
0.521598 0.00001 0.00001 0.412184 0.066198
0.489969 0.00001 0.00001 0.42744 0.082571
0.358734 0.00001 0.00001 0.600584 0.040661
0.529108 0.00001 0.00001 0.389512 0.08136
0.644019 0.00001 0.00001 0.218704 0.137257
0.520822 0.00001 0.00001 0.28402 0.195139
0.99996 0.00001 0.00001 0.00001 0.00001
0.99996 0.00001 0.00001 0.00001 0.00001
0.99996 0.00001 0.00001 0.00001 0.00001
0.99996 0.00001 0.00001 0.00001 0.00001
0.99996 0.00001 0.00001 0.00001 0.00001
0.99996 0.00001 0.00001 0.00001 0.00001
0.43079 0.00001 0.00001 0.488895 0.080295
0.436167 0.00001 0.00001 0.517581 0.046232
0.538288 0.022144 0.00001 0.308675 0.130883
0.00001 0.00001 0.00001 0.99996 0.00001
0.366314 0.00001 0.00001 0.609086 0.02458
0.45758 0.00001 0.00001 0.525826 0.016574
0.499182 0.00001 0.00001 0.345696 0.155102
0.464516 0.00001 0.00001 0.350952 0.184513
0.317131 0.00001 0.00001 0.633691 0.049158
0.605585 0.00001 0.00001 0.294586 0.099809
0.586076 0.00001 0.00001 0.302811 0.111094
0.485498 0.00001 0.00001 0.326877 0.187605
0.599076 0.00001 0.00001 0.323213 0.077691
0.00001 0.00001 0.00001 0.99996 0.00001
0.34766 0.00001 0.00001 0.624214 0.028106
0.382693 0.00001 0.00001 0.572311 0.044976
0.00001 0.00001 0.00001 0.99996 0.00001
0.00001 0.00001 0.00001 0.99996 0.00001
0.612727 0.00001 0.00001 0.355409 0.031845
0.343346 0.00002 0.00001 0.544692 0.111932
0.411299 0.00001 0.00001 0.588671 0.00001
0.99996 0.00001 0.00001 0.00001 0.00001
0.549912 0.00001 0.00001 0.441352 0.008716
0.522597 0.00001 0.00001 0.417574 0.059809
0.00001 0.00001 0.00001 0.865312 0.134658
0.352282 0.00001 0.00001 0.526427 0.121271
0.00001 0.00001 0.009982 0.989988 0.00001
0.350238 0.00001 0.022204 0.627538 0.00001
0.412222 0.00001 0.00001 0.348346 0.239412
0.296842 0.00001 0.00001 0.686748 0.01639
0.00001 0.00001 0.00001 0.99996 0.00001
0.423243 0.025286 0.00001 0.551451 0.00001
0.477574 0.00001 0.00001 0.367853 0.154552
0.321495 0.00001 0.00001 0.468944 0.209541
0.526706 0.00001 0.00001 0.396239 0.077035
0.688119 0.00001 0.00001 0.200038 0.111822
0.99996 0.00001 0.00001 0.00001 0.00001
0.99996 0.00001 0.00001 0.00001 0.00001
0.99996 0.00001 0.00001 0.00001 0.00001
0.328191 0.00001 0.00001 0.626142 0.045647
0.67669 0.00001 0.00001 0.28164 0.04165
0.408972 0.00001 0.00001 0.483804 0.107205
0.350404 0.00001 0.00001 0.603053 0.046523
0.353034 0.00001 0.00001 0.46367 0.183276
0.00001 0.00001 0.00001 0.99996 0.00001
0.235746 0.00001 0.011477 0.752758 0.00001
0.523535 0.009603 0.00001 0.438529 0.028322
0.99996 0.00001 0.00001 0.00001 0.00001
0.592948 0.00001 0.00001 0.407022 0.00001
0.99996 0.00001 0.00001 0.00001 0.00001
0.371301 0.00001 0.00001 0.464701 0.163978
0.240243 0.00001 0.00001 0.759727 0.00001
0.382237 0.00001 0.00001 0.545433 0.07231
0.335438 0.00001 0.00001 0.557244 0.107298
0.126653 0.00001 0.00001 0.758581 0.114747
0.373308 0.00001 0.00001 0.626662 0.00001
0.99996 0.00001 0.00001 0.00001 0.00001
0.664545 0.00001 0.00001 0.246406 0.08903
0.99996 0.00001 0.00001 0.00001 0.00001
0.352993 0.00001 0.00001 0.639031 0.007957
0.658904 0.00001 0.00001 0.31711 0.023966
0.353715 0.000011 0.00001 0.588484 0.05778
0.00001 0.00001 0.00001 0.99996 0.00001
0.00001 0.00001 0.00001 0.99996 0.00001
0.99996 0.00001 0.00001 0.00001 0.00001
0.438844 0.00001 0.00001 0.561126 0.00001
0.324425 0.00001 0.00001 0.607818 0.067737
0.508039 0.00001 0.00001 0.320652 0.171289
0.552684 0.00001 0.00001 0.346108 0.101188
0.501363 0.000018 0.00001 0.402546 0.096063
0.655495 0.00001 0.00001 0.246623 0.097861
0.53532 0.00001 0.00001 0.33691 0.12775
0.00001 0.00001 0.00001 0.99996 0.00001
0.514035 0.00001 0.00001 0.474415 0.01153
0.48584 0.00001 0.00001 0.378822 0.135318
0.535545 0.00001 0.00001 0.334302 0.130133
0.481436 0.00001 0.00001 0.273483 0.245061
0.265938 0.00001 0.00001 0.490613 0.243429
0.436491 0.00001 0.00001 0.328409 0.23508
0.331932 0.00001 0.00001 0.472985 0.195064
0.99996 0.00001 0.00001 0.00001 0.00001
0.501858 0.00001 0.00001 0.34673 0.151391
0.273388 0.00001 0.00001 0.47136 0.255232
0.40037 0.00001 0.00001 0.353898 0.245712
0.00001 0.00001 0.00001 0.772145 0.227825
0.539292 0.00001 0.00001 0.460678 0.00001
0.463918 0.00001 0.00001 0.536052 0.00001
0.517882 0.00001 0.00001 0.379114 0.102984
0.387591 0.00001 0.00001 0.464204 0.148184
0.99996 0.00001 0.00001 0.00001 0.00001
0.513966 0.009335 0.00001 0.413673 0.063015
0.310066 0.00001 0.00001 0.029021 0.660893
0.395251 0.00001 0.00001 0.196038 0.40869
0.288798 0.00001 0.00001 0.305328 0.405854
0.378195 0.00001 0.00001 0.00001 0.621775
0.00001 0.00001 0.00001 0.425141 0.574829
0.401257 0.00001 0.00001 0.230833 0.367891
0.29089 0.00001 0.00001 0.277279 0.431812
0.141718 0.00001 0.00001 0.278031 0.580231
0.273375 0.00001 0.00001 0.015822 0.710784
0.195308 0.00001 0.00001 0.565306 0.239366
0.171218 0.00001 0.00001 0.489606 0.339155
0.352198 0.00001 0.00001 0.062317 0.585465
0.198357 0.00001 0.00001 0.221572 0.580051
0.373699 0.00001 0.00001 0.37184 0.254441
0.276317 0.00001 0.00001 0.212438 0.511225
0.309428 0.00001 0.00001 0.207033 0.483519
0.085987 0.00001 0.00001 0.366018 0.547976
0.339723 0.00001 0.00001 0.080423 0.579834
0.056452 0.00001 0.00001 0.347764 0.595764
0.261497 0.00001 0.00001 0.333649 0.404835
0.591856 0.00001 0.00001 0.12943 0.278694
0.240918 0.00001 0.00001 0.13669 0.622372
0.341477 0.00001 0.00001 0.00001 0.658493
0.238291 0.00001 0.00001 0.133283 0.628406
0.00001 0.00001 0.00001 0.740786 0.259184
0.00001 0.00001 0.00001 0.514842 0.485128
0.327382 0.00001 0.00001 0.26684 0.405759
0.00001 0.00001 0.00001 0.592225 0.407745
0.055697 0.00001 0.00001 0.00001 0.944273
0.00001 0.00001 0.00001 0.128586 0.871384
0.00001 0.00001 0.00001 0.069711 0.930259
0.00001 0.00001 0.00001 0.00001 0.99996
0.00001 0.00001 0.00001 0.123465 0.876505
0.076421 0.00001 0.00001 0.00001 0.923549
0.120756 0.00001 0.00001 0.00001 0.879214
0.137199 0.00001 0.00001 0.00001 0.862771
0.00001 0.00001 0.00001 0.00001 0.99996
0.00001 0.00001 0.00001 0.00001 0.99996
0.00001 0.00001 0.00001 0.016613 0.983357
0.00001 0.00001 0.00001 0.00001 0.99996
0.00001 0.00001 0.00001 0.00001 0.99996
0.00001 0.00001 0.00001 0.00001 0.99996
0.00001 0.00001 0.00001 0.00001 0.99996
0.00001 0.00001 0.00001 0.00001 0.99996
0.00001 0.00001 0.00001 0.139572 0.860398
0.00001 0.00001 0.00001 0.176403 0.823567
0.00001 0.00001 0.00001 0.00001 0.99996
0.00001 0.00001 0.00001 0.00001 0.99996
0.00001 0.00001 0.00001 0.00001 0.99996
0.01892 0.00001 0.00001 0.00001 0.98105
0.201951 0.00001 0.00001 0.00001 0.798019
0.00001 0.00001 0.00001 0.00001 0.99996
0.00001 0.00001 0.00001 0.00001 0.99996
0.24668 0.00001 0.00001 0.00001 0.75329
0.044859 0.00001 0.00001 0.311259 0.643862
0.00001 0.000013 0.00001 0.288008 0.711959
0.00001 0.00001 0.00001 0.18535 0.81462
0.28357 0.00001 0.00001 0.00001 0.7164
0.00001 0.00001 0.00001 0.339278 0.660692
0.145177 0.00001 0.00001 0.074544 0.780259
0.168746 0.00001 0.00001 0.18247 0.648764
0.058722 0.00001 0.00001 0.085403 0.855855
0.285227 0.00001 0.00001 0.00001 0.714743
0.233994 0.00001 0.00001 0.00336 0.762626
0.230591 0.00001 0.00001 0.00878 0.76061
0.00001 0.00001 0.00001 0.180661 0.819309
0.00001 0.00001 0.00001 0.24664 0.75333
0.018632 0.00001 0.00001 0.262393 0.718955
0.134854 0.00001 0.00001 0.156789 0.708338
0.185375 0.00001 0.00001 0.048517 0.766088
0.116284 0.00001 0.00001 0.179591 0.704105
0.270332 0.00001 0.00001 0.00001 0.729638
0.00001 0.00001 0.00001 0.332362 0.667608
0.00001 0.00001 0.00001 0.252031 0.747939
0.234073 0.00001 0.00001 0.00001 0.765897
0.047804 0.00001 0.00001 0.218223 0.733953
0.139504 0.00001 0.00001 0.00001 0.860466
0.05042 0.00001 0.00001 0.203414 0.746147
0.223824 0.00001 0.00001 0.045184 0.730972
0.303912 0.00001 0.00001 0.00001 0.696058
0.098069 0.00001 0.00001 0.119355 0.782556
0.193974 0.00001 0.00001 0.00001 0.805996
0.23785 0.00001 0.00001 0.00001 0.76212
0.302155 0.00001 0.00001 0.00001 0.697815
0.27096 0.00001 0.00001 0.00001 0.72901
0.00001 0.00001 0.00001 0.258989 0.740981
0.149704 0.00001 0.00001 0.00001 0.850266
0.138475 0.00001 0.00001 0.120975 0.74053
0.00001 0.00001 0.00001 0.00001 0.99996
0.186672 0.00001 0.00001 0.00001 0.813298
0.00001 0.00001 0.00001 0.00001 0.99996
0.00001 0.00001 0.00001 0.197381 0.802589
0.244068 0.000013 0.00001 0.00001 0.755899
0.042295 0.00001 0.00001 0.091914 0.865771
0.236374 0.00001 0.00001 0.00001 0.763596
0.273619 0.00001 0.00001 0.00001 0.726351
0.165412 0.00001 0.00001 0.00001 0.834558
0.173073 0.00001 0.00001 0.00001 0.826897
0.123591 0.00001 0.00001 0.116528 0.759861
0.131442 0.00001 0.00001 0.00001 0.868528
0.080655 0.00001 0.00001 0.141343 0.777982
0.006628 0.00001 0.00001 0.254297 0.739055
0.00001 0.00001 0.00001 0.222447 0.777523
0.00001 0.00001 0.00001 0.201525 0.798445
0.205431 0.00001 0.00001 0.00001 0.794539
0.08294 0.00001 0.00001 0.090872 0.826168
0.00001 0.00001 0.00001 0.248982 0.750988
0.291709 0.00001 0.00001 0.00001 0.708261
0.060043 0.00001 0.00001 0.00001 0.939927
0.069555 0.00001 0.00001 0.259723 0.670702
0.164256 0.00001 0.00001 0.00001 0.835714
0.00001 0.00001 0.00001 0.215607 0.784363
0.127467 0.00001 0.00001 0.112199 0.760314
0.070947 0.00001 0.00001 0.128302 0.800731
0.215999 0.00001 0.00001 0.015028 0.768953
0.211926 0.00001 0.00001 0.050976 0.737078
0.26606 0.00001 0.00001 0.00001 0.73391
