0.00001 0.99997 0.00001 0.00001
0.00001 0.99997 0.00001 0.00001
0.00001 0.99997 0.00001 0.00001
0.00001 0.99997 0.00001 0.00001
0.00001 0.99997 0.00001 0.00001
0.00001 0.99997 0.00001 0.00001
0.338739 0.661241 0.00001 0.00001
0.322256 0.677724 0.00001 0.00001
0.00001 0.99997 0.00001 0.00001
0.00001 0.99997 0.00001 0.00001
0.00001 0.99997 0.00001 0.00001
0.00001 0.99997 0.00001 0.00001
0.00001 0.99997 0.00001 0.00001
0.475541 0.497269 0.02718 0.00001
0.00001 0.99997 0.00001 0.00001
0.00001 0.99997 0.00001 0.00001
0.00001 0.99997 0.00001 0.00001
0.00001 0.99997 0.00001 0.00001
0.00001 0.99997 0.00001 0.00001
0.453121 0.546859 0.00001 0.00001
0.00001 0.99997 0.00001 0.00001
0.48242 0.51756 0.00001 0.00001
0.99997 0.00001 0.00001 0.00001
0.976361 0.00001 0.023619 0.00001
0.711209 0.288771 0.00001 0.00001
0.79254 0.20744 0.00001 0.00001
0.755949 0.218384 0.025657 0.00001
0.748426 0.251554 0.00001 0.00001
0.755095 0.244885 0.00001 0.00001
0.624643 0.375337 0.00001 0.00001
0.711464 0.288516 0.00001 0.00001
0.709321 0.289195 0.00001 0.001474
0.649119 0.328485 0.022386 0.00001
0.778559 0.221421 0.00001 0.00001
0.903309 0.096671 0.00001 0.00001
0.99997 0.00001 0.00001 0.00001
0.807086 0.192894 0.00001 0.00001
0.728543 0.271437 0.00001 0.00001
0.684329 0.315651 0.00001 0.00001
0.882844 0.117136 0.00001 0.00001
0.866745 0.133235 0.00001 0.00001
0.99997 0.00001 0.00001 0.00001
0.777986 0.205072 0.016932 0.00001
0.707094 0.244554 0.048342 0.00001
0.675795 0.324185 0.00001 0.00001
0.778792 0.221188 0.00001 0.00001
0.875228 0.124752 0.00001 0.00001
0.709698 0.290282 0.00001 0.00001
0.803887 0.196093 0.00001 0.00001
0.628687 0.356437 0.014866 0.00001
0.679576 0.320404 0.00001 0.00001
0.757224 0.237871 0.004895 0.00001
0.99997 0.00001 0.00001 0.00001
0.853175 0.146805 0.00001 0.00001
0.991679 0.00001 0.008301 0.00001
0.805972 0.194008 0.00001 0.00001
0.592309 0.391895 0.015786 0.00001
0.938949 0.061031 0.00001 0.00001
0.744806 0.255174 0.00001 0.00001
0.703642 0.271955 0.024393 0.00001
0.99997 0.00001 0.00001 0.00001
0.755132 0.244848 0.00001 0.00001
0.772541 0.227439 0.00001 0.00001
0.698753 0.290807 0.01043 0.00001
0.517042 0.482938 0.00001 0.00001
0.751144 0.248836 0.00001 0.00001
0.828343 0.171637 0.00001 0.00001
0.740356 0.259624 0.00001 0.00001
0.741743 0.25423 0.00001 0.004016
0.802069 0.197911 0.00001 0.00001
0.695306 0.304674 0.00001 0.00001
0.716589 0.277574 0.005828 0.00001
0.800459 0.199516 0.000014 0.00001
0.74524 0.25474 0.00001 0.00001
0.66161 0.338369 0.00001 0.00001
0.699493 0.296405 0.004091 0.00001
0.765082 0.234898 0.00001 0.00001
0.639435 0.360545 0.00001 0.00001
0.711405 0.280648 0.007937 0.00001
0.757318 0.242662 0.00001 0.00001
0.596019 0.32677 0.077201 0.00001
0.79173 0.20825 0.00001 0.00001
0.986144 0.013836 0.00001 0.00001
0.624304 0.375676 0.00001 0.00001
0.807947 0.192033 0.00001 0.00001
0.719669 0.276946 0.003375 0.00001
0.845907 0.154073 0.00001 0.00001
0.851149 0.148831 0.00001 0.00001
0.71694 0.280488 0.002563 0.00001
0.62168 0.3783 0.00001 0.00001
0.781631 0.218349 0.00001 0.00001
0.775941 0.211402 0.012647 0.00001
0.58996 0.408512 0.00001 0.001519
0.99997 0.00001 0.00001 0.00001
0.619193 0.380787 0.00001 0.00001
0.99997 0.00001 0.00001 0.00001
0.833789 0.165642 0.00001 0.000559
0.854757 0.145223 0.00001 0.00001
0.660462 0.339518 0.00001 0.00001
0.99997 0.00001 0.00001 0.00001
0.725617 0.274363 0.00001 0.00001
0.687876 0.312104 0.00001 0.00001
0.849973 0.150007 0.00001 0.00001
0.736839 0.263141 0.00001 0.00001
0.807748 0.190008 0.002234 0.00001
0.894522 0.105458 0.00001 0.00001
0.823276 0.176704 0.00001 0.00001
0.684325 0.315655 0.00001 0.00001
0.708918 0.290361 0.000711 0.00001
0.99997 0.00001 0.00001 0.00001
0.99997 0.00001 0.00001 0.00001
0.810054 0.189926 0.00001 0.00001
0.687767 0.312213 0.00001 0.00001
0.754413 0.245567 0.00001 0.00001
0.743083 0.256897 0.00001 0.00001
0.89875 0.10123 0.00001 0.00001
0.773815 0.226165 0.00001 0.00001
0.773766 0.226214 0.00001 0.00001
0.621821 0.378159 0.00001 0.00001
0.662208 0.33411 0.003672 0.00001
0.669706 0.330274 0.00001 0.00001
0.863468 0.136512 0.00001 0.00001
0.800069 0.199911 0.00001 0.00001
0.79099 0.20899 0.00001 0.00001
0.744305 0.255675 0.00001 0.00001
0.970043 0.026053 0.00001 0.003893
0.99997 0.00001 0.00001 0.00001
0.881543 0.118437 0.00001 0.00001
0.99997 0.00001 0.00001 0.00001
0.783248 0.216732 0.00001 0.00001
0.763784 0.207979 0.028226 0.00001
0.355442 0.154702 0.390801 0.099054
0.363136 0.165361 0.382249 0.089254
0.546155 0.065875 0.249268 0.138702
0.619179 0.139564 0.161544 0.079713
0.707733 0.061135 0.185343 0.045789
0.608856 0.149395 0.196785 0.044963
0.161418 0.03906 0.52572 0.273802
0.337424 0.12919 0.448548 0.084838
0.201948 0.148132 0.478894 0.171026
0.557467 0.162964 0.177658 0.101911
0.635456 0.164986 0.191461 0.008097
0.10156 0.00001 0.573433 0.324997
0.191845 0.11165 0.640457 0.056048
0.117273 0.103007 0.493415 0.286305
0.152846 0.048494 0.668811 0.129849
0.642755 0.102019 0.176237 0.078989
0.567733 0.206939 0.170954 0.054375
0.541134 0.106509 0.237302 0.115055
0.514857 0.211441 0.273692 0.00001
0.585174 0.194393 0.220423 0.00001
0.627515 0.178782 0.193693 0.00001
0.569489 0.318007 0.112494 0.00001
0.636467 0.00001 0.203464 0.16006
0.58816 0.112797 0.260926 0.038117
0.618175 0.024667 0.357148 0.00001
0.485034 0.247335 0.060057 0.207573
0.662066 0.1689 0.118697 0.050337
0.530702 0.234886 0.201955 0.032457
0.623586 0.191503 0.184902 0.00001
0.592598 0.205844 0.107365 0.094194
0.519435 0.162053 0.249499 0.069013
0.660203 0.169394 0.097079 0.073325
0.638005 0.166232 0.131306 0.064457
0.599916 0.182314 0.050438 0.167332
0.555035 0.232311 0.143361 0.069294
0.564629 0.178916 0.216766 0.039689
0.527535 0.268739 0.203716 0.00001
0.69122 0.110157 0.148493 0.050131
0.596933 0.183925 0.219132 0.00001
0.68067 0.113724 0.144984 0.060622
0.465864 0.077975 0.456152 0.00001
0.602398 0.13024 0.197144 0.070218
0.610429 0.215092 0.108122 0.066356
0.643581 0.273673 0.00001 0.082736
0.00001 0.00001 0.86921 0.13077
0.004379 0.00001 0.814674 0.180937
0.00001 0.00001 0.906193 0.093787
0.00001 0.00001 0.99997 0.00001
0.00001 0.00001 0.890914 0.109066
0.00001 0.00001 0.863567 0.136413
0.00001 0.00001 0.905615 0.094365
0.00001 0.00001 0.868775 0.131205
0.00001 0.00001 0.826913 0.173067
0.00001 0.00001 0.755948 0.244032
0.00001 0.00001 0.99997 0.00001
0.00001 0.00001 0.945714 0.054266
0.00001 0.00001 0.885954 0.114026
0.00001 0.00001 0.920265 0.079715
0.00001 0.00001 0.99997 0.00001
0.00001 0.00001 0.959763 0.040217
0.00001 0.00001 0.874785 0.125195
0.00001 0.00001 0.892122 0.107858
0.00001 0.024041 0.78527 0.190679
0.00001 0.00001 0.821149 0.178831
0.00001 0.00001 0.919663 0.080317
0.00001 0.00001 0.912457 0.087523
0.00001 0.00001 0.794667 0.205313
0.00001 0.00001 0.757626 0.242354
0.00001 0.00001 0.87413 0.12585
0.00001 0.00001 0.871481 0.128499
0.00001 0.00001 0.843194 0.156786
0.00001 0.00001 0.773093 0.226887
0.00001 0.00001 0.888219 0.111761
0.00001 0.00001 0.817688 0.182292
0.00001 0.00001 0.912781 0.087199
0.005174 0.00001 0.875431 0.119384
0.00001 0.00001 0.890623 0.109357
0.00001 0.00001 0.812954 0.187026
0.00001 0.00001 0.941772 0.058208
0.00001 0.00001 0.809352 0.190628
0.00001 0.00001 0.975983 0.023997
0.00001 0.00001 0.98455 0.01543
0.00001 0.00001 0.941543 0.058437
0.00001 0.00001 0.897332 0.102648
0.00001 0.00001 0.76953 0.23045
0.00001 0.00001 0.807175 0.192805
0.040971 0.00001 0.959009 0.00001
0.031373 0.00001 0.968607 0.00001
0.00001 0.00001 0.701601 0.298379
0.00001 0.00001 0.918516 0.081464
0.014531 0.00001 0.764628 0.220831
0.00001 0.02833 0.942897 0.028764
0.00001 0.00001 0.771684 0.228296
0.00001 0.00001 0.740849 0.259131
0.00001 0.00001 0.868989 0.130991
0.00001 0.00001 0.860796 0.139184
0.00001 0.00001 0.957404 0.042576
0.00001 0.00001 0.92275 0.07723
0.00001 0.00001 0.905695 0.094285
0.00001 0.00001 0.872917 0.127063
0.00001 0.00001 0.920902 0.079078
0.00001 0.00001 0.83487 0.16511
0.002901 0.00001 0.866168 0.130921
0.00001 0.00001 0.756966 0.243014
0.023239 0.00001 0.942863 0.033888
0.024656 0.00001 0.975324 0.00001
0.00001 0.009467 0.911599 0.078924
0.00001 0.003058 0.996922 0.00001
0.00001 0.00001 0.99997 0.00001
0.00001 0.00001 0.99997 0.00001
0.00001 0.00001 0.765869 0.234111
0.00001 0.006172 0.875703 0.118114
0.00001 0.00001 0.858111 0.141869
0.00001 0.00001 0.829884 0.170096
0.00365 0.00001 0.82803 0.16831
0.00001 0.00001 0.974347 0.025633
0.00001 0.00001 0.924218 0.075762
0.00001 0.00001 0.878431 0.121549
0.00001 0.00001 0.980801 0.019179
0.002224 0.00001 0.921422 0.076344
0.00001 0.00001 0.928194 0.071786
0.00001 0.00001 0.880687 0.119293
0.00001 0.00001 0.858542 0.141438
0.00001 0.00001 0.956095 0.043885
0.00001 0.00001 0.99997 0.00001
0.00001 0.00001 0.974238 0.025742
0.00001 0.00001 0.863902 0.136078
0.00001 0.00001 0.787872 0.212108
0.00001 0.00001 0.846827 0.153153
0.00001 0.00001 0.851307 0.148673
0.00001 0.00001 0.865146 0.134834
0.00001 0.00001 0.824389 0.175591
0.00001 0.00001 0.839078 0.160902
0.00001 0.00001 0.941408 0.058572
0.00001 0.00001 0.824209 0.175771
0.00001 0.00001 0.818547 0.181433
0.00001 0.00001 0.698286 0.301694
0.00001 0.00001 0.685105 0.314875
0.00001 0.00001 0.701566 0.298414
0.00001 0.00001 0.748545 0.251435
0.00001 0.00001 0.867743 0.132237
0.00001 0.00001 0.802168 0.197812
0.00001 0.00001 0.674231 0.325749
0.00001 0.00001 0.696212 0.303768
0.00001 0.00001 0.681302 0.318678
0.00001 0.00001 0.99997 0.00001
0.00001 0.00001 0.99997 0.00001
0.00001 0.00001 0.846178 0.153802
0.00001 0.00001 0.800828 0.199152
0.00001 0.00001 0.99997 0.00001
0.00001 0.010628 0.8686 0.120761
0.00001 0.00001 0.283158 0.716822
0.00001 0.00001 0.53325 0.46673
0.00001 0.00001 0.531484 0.468496
0.00001 0.00001 0.297267 0.702713
0.00001 0.00001 0.333941 0.666039
0.00001 0.00001 0.571215 0.428765
0.00001 0.00001 0.500466 0.499514
0.00001 0.00001 0.363548 0.636432
0.00001 0.00001 0.232252 0.767728
0.00001 0.00001 0.699236 0.300744
0.00001 0.00001 0.579222 0.420758
0.00001 0.00001 0.358477 0.641503
0.00001 0.00001 0.347572 0.652408
0.00001 0.00001 0.681949 0.318031
0.00001 0.00001 0.433775 0.566205
0.00001 0.00001 0.451618 0.548362
0.00001 0.00001 0.363944 0.636036
0.00001 0.00001 0.360078 0.639902
0.00001 0.00001 0.354021 0.645959
0.00001 0.00001 0.524 0.47598
0.00001 0.00001 0.68737 0.31261
0.00001 0.00001 0.306637 0.693343
0.00001 0.00001 0.289302 0.710678
0.00001 0.00001 0.290967 0.709013
0.00001 0.00001 0.609136 0.390844
0.00001 0.00001 0.416621 0.583359
0.00001 0.00001 0.520839 0.479141
0.000017 0.00001 0.480317 0.519657
0.00001 0.00001 0.00001 0.99997
0.00001 0.00001 0.030629 0.969351
0.00001 0.00001 0.00001 0.99997
0.00001 0.00001 0.00001 0.99997
0.00001 0.00001 0.00001 0.99997
0.00001 0.00001 0.00001 0.99997
0.00001 0.00001 0.027997 0.971983
0.00001 0.00001 0.057156 0.942824
0.00001 0.00001 0.00001 0.99997
0.00001 0.00001 0.00001 0.99997
0.00001 0.00001 0.00001 0.99997
0.00001 0.00001 0.00001 0.99997
0.00001 0.00001 0.00001 0.99997
0.00001 0.00001 0.00001 0.99997
0.00001 0.00001 0.00001 0.99997
0.00001 0.00001 0.00001 0.99997
0.00001 0.00001 0.060699 0.939281
0.00001 0.00001 0.051288 0.948692
0.00001 0.00001 0.00001 0.99997
0.00001 0.00001 0.00001 0.99997
0.00001 0.00001 0.00001 0.99997
0.00001 0.00001 0.00001 0.99997
0.00001 0.00001 0.107688 0.892292
0.00001 0.00001 0.00001 0.99997
0.00001 0.00001 0.00001 0.99997
0.00001 0.00001 0.195375 0.804605
0.00001 0.00001 0.280902 0.719078
0.00001 0.00001 0.149008 0.850972
0.00001 0.00001 0.055794 0.944186
0.00001 0.00001 0.231759 0.768221
0.00001 0.00001 0.269629 0.730351
0.00001 0.00001 0.143362 0.856618
0.00001 0.00001 0.255386 0.744594
0.00001 0.00001 0.047944 0.952036
0.00001 0.00001 0.182052 0.817928
0.00001 0.00001 0.18545 0.81453
0.00001 0.00001 0.164153 0.835827
0.00001 0.00001 0.080134 0.919846
0.00001 0.00001 0.170109 0.829871
0.00001 0.00001 0.204458 0.795522
0.00001 0.00001 0.221273 0.778707
0.00001 0.00001 0.167264 0.832716
0.00001 0.00001 0.199026 0.800954
0.00001 0.00001 0.141098 0.858882
0.00001 0.00001 0.257596 0.742384
0.00001 0.00001 0.174448 0.825532
0.00001 0.00001 0.157263 0.842717
0.00001 0.00001 0.194714 0.805266
0.00001 0.00001 0.056019 0.943961
0.00001 0.00001 0.181846 0.818134
0.00001 0.00001 0.200928 0.799052
0.00001 0.00001 0.223986 0.775994
0.00001 0.00001 0.13757 0.86241
0.00001 0.00001 0.097909 0.902071
0.00001 0.00001 0.067586 0.932394
0.00001 0.00001 0.189277 0.810703
0.00001 0.00001 0.173535 0.826445
0.00001 0.00001 0.153499 0.846481
0.00001 0.00001 0.031904 0.968076
0.00001 0.00001 0.168224 0.831756
0.00001 0.00001 0.00001 0.99997
0.00001 0.00001 0.110428 0.889552
0.00001 0.00001 0.00001 0.99997
0.00001 0.00001 0.008221 0.991759
0.00001 0.00001 0.10509 0.89489
0.00001 0.00001 0.049177 0.950803
0.00001 0.00001 0.161831 0.838149
0.00001 0.00001 0.194362 0.805618
0.00001 0.00001 0.038399 0.961581
0.00001 0.00001 0.095108 0.904872
0.00001 0.00001 0.132998 0.866982
0.00001 0.00001 0.036356 0.963624
0.00001 0.00001 0.131492 0.868488
0.00001 0.00001 0.170918 0.829062
0.00001 0.00001 0.126449 0.873531
0.00001 0.00001 0.102592 0.897388
0.00001 0.00001 0.132417 0.867563
0.00001 0.00001 0.057651 0.942329
0.00001 0.00001 0.133085 0.866895
0.00001 0.00001 0.221607 0.778373
0.00001 0.00001 0.00001 0.99997
0.00001 0.00001 0.239039 0.760941
0.00001 0.00001 0.07517 0.92481
0.00001 0.00001 0.134211 0.865769
0.00001 0.00001 0.172091 0.827889
0.00001 0.00001 0.131137 0.868843
0.00001 0.00001 0.173244 0.826736
0.00001 0.00001 0.206546 0.793434
0.00001 0.00001 0.195623 0.804357
