0.00001 0.99997 0.00001 0.00001
0.00001 0.99997 0.00001 0.00001
0.00001 0.99997 0.00001 0.00001
0.00001 0.99997 0.00001 0.00001
0.00001 0.99997 0.00001 0.00001
0.00001 0.99997 0.00001 0.00001
0.00001 0.689723 0.310257 0.00001
0.00001 0.99997 0.00001 0.00001
0.00001 0.99997 0.00001 0.00001
0.00001 0.99997 0.00001 0.00001
0.00001 0.99997 0.00001 0.00001
0.00001 0.99997 0.00001 0.00001
0.000014 0.999966 0.00001 0.00001
0.00001 0.51176 0.461061 0.02717
0.00001 0.99997 0.00001 0.00001
0.00001 0.99997 0.00001 0.00001
0.00001 0.99997 0.00001 0.00001
0.00001 0.99997 0.00001 0.00001
0.00001 0.99997 0.00001 0.00001
0.00001 0.568073 0.431907 0.00001
0.00001 0.99997 0.00001 0.00001
0.00001 0.520971 0.479009 0.00001
0.00001 0.00001 0.99997 0.00001
0.00001 0.00001 0.97644 0.02354
0.00001 0.297386 0.702594 0.00001
0.00001 0.214752 0.785228 0.00001
0.00001 0.228188 0.746093 0.025709
0.00001 0.258278 0.741702 0.00001
0.00001 0.265705 0.734275 0.00001
0.00001 0.38435 0.61563 0.00001
0.00001 0.29675 0.70323 0.00001
0.001473 0.298174 0.700343 0.00001
0.00001 0.352697 0.625005 0.022288
0.00001 0.237172 0.762808 0.00001
0.00001 0.101725 0.898255 0.00001
0.00001 0.00001 0.99997 0.00001
0.00001 0.207343 0.792637 0.00001
0.00001 0.270355 0.729625 0.00001
0.00001 0.347345 0.652635 0.00001
0.00001 0.125729 0.874251 0.00001
0.00001 0.139267 0.860713 0.00001
0.00001 0.00001 0.99997 0.00001
0.00001 0.209775 0.773397 0.016818
0.00001 0.259259 0.692354 0.048377
0.00001 0.328431 0.671549 0.00001
0.00001 0.224892 0.775088 0.00001
0.00001 0.121795 0.878185 0.00001
0.00001 0.303506 0.696474 0.00001
0.00001 0.204261 0.795719 0.00001
0.00001 0.364853 0.620265 0.014872
0.00001 0.34171 0.65827 0.00001
0.00001 0.248148 0.746916 0.004925
0.00001 0.00001 0.99997 0.00001
0.00001 0.143676 0.856304 0.00001
0.00001 0.00001 0.991587 0.008393
0.00001 0.198016 0.801964 0.00001
0.00001 0.387104 0.59674 0.016145
0.00001 0.101083 0.898897 0.00001
0.00001 0.267747 0.732233 0.00001
0.00001 0.284384 0.691159 0.024446
0.00001 0.00001 0.99997 0.00001
0.00001 0.249363 0.750617 0.00001
0.00001 0.240911 0.759069 0.00001
0.00001 0.305046 0.684443 0.010501
0.00001 0.489112 0.510868 0.00001
0.00001 0.26339 0.73659 0.00001
0.00001 0.174366 0.825614 0.00001
0.00001 0.281772 0.718208 0.00001
0.003993 0.261272 0.734724 0.00001
0.00001 0.224597 0.775383 0.00001
0.00001 0.31406 0.68592 0.00001
0.00001 0.291073 0.70306 0.005857
0.00001 0.205661 0.794319 0.00001
0.00001 0.261081 0.738899 0.00001
0.00001 0.337699 0.662281 0.00001
0.00001 0.299028 0.696966 0.003996
0.00001 0.243186 0.756794 0.00001
0.00001 0.363841 0.636139 0.00001
0.00001 0.294453 0.697473 0.008064
0.00001 0.249625 0.750355 0.00001
0.00001 0.340865 0.581926 0.0772
0.00001 0.215485 0.784495 0.00001
0.00001 0.00001 0.99997 0.00001
0.00001 0.387375 0.612605 0.00001
0.00001 0.201597 0.798383 0.00001
0.00001 0.281092 0.715587 0.003312
0.00001 0.166374 0.833606 0.00001
0.00001 0.167709 0.832271 0.00001
0.00001 0.288685 0.708746 0.002558
0.00001 0.388201 0.611779 0.00001
0.00001 0.225681 0.774299 0.00001
0.00001 0.220575 0.766806 0.012609
0.001414 0.422872 0.575703 0.00001
0.00001 0.00001 0.99997 0.00001
0.00001 0.390347 0.609633 0.00001
0.00001 0.00001 0.99997 0.00001
0.000508 0.16944 0.830041 0.00001
0.00001 0.152194 0.847786 0.00001
0.00001 0.350279 0.649701 0.00001
0.00001 0.00001 0.99997 0.00001
0.00001 0.287222 0.712758 0.00001
0.00001 0.322308 0.677672 0.00001
0.00001 0.162057 0.837923 0.00001
0.00001 0.282467 0.717513 0.00001
0.00001 0.199925 0.797874 0.002191
0.00001 0.102509 0.897471 0.00001
0.00001 0.185622 0.814358 0.00001
0.00001 0.316317 0.683663 0.00001
0.00001 0.300808 0.698475 0.000708
0.00001 0.00001 0.99997 0.00001
0.00001 0.00001 0.99997 0.00001
0.000011 0.195157 0.804822 0.00001
0.00001 0.329232 0.670748 0.00001
0.00001 0.249012 0.750968 0.00001
0.00001 0.269044 0.730936 0.00001
0.00001 0.101221 0.898759 0.00001
0.00001 0.239241 0.760739 0.00001
0.00001 0.237021 0.762959 0.00001
0.00001 0.393269 0.606711 0.00001
0.00001 0.355048 0.641171 0.003772
0.00001 0.339595 0.660385 0.00001
0.000011 0.141722 0.858258 0.00001
0.00001 0.216675 0.783305 0.00001
0.00001 0.219455 0.780525 0.00001
0.00001 0.271432 0.728548 0.00001
0.003842 0.021692 0.974456 0.00001
0.00001 0.00001 0.99997 0.00001
0.00001 0.135065 0.864915 0.00001
0.00001 0.00001 0.99997 0.00001
0.00001 0.221326 0.778654 0.00001
0.00001 0.224737 0.747001 0.028252
0.098645 0.167113 0.343021 0.391221
0.088845 0.17521 0.353266 0.382679
0.138498 0.064962 0.547036 0.249504
0.079671 0.139649 0.61913 0.161549
0.045658 0.066407 0.702367 0.185569
0.044896 0.161597 0.596577 0.19693
0.273524 0.037963 0.162484 0.526029
0.084638 0.136004 0.330601 0.448757
0.170769 0.156311 0.19374 0.47918
0.101545 0.175055 0.545299 0.178101
0.009149 0.174481 0.625977 0.190393
0.324752 0.00001 0.101598 0.57364
0.056217 0.11215 0.1914 0.640232
0.286625 0.102244 0.118065 0.493066
0.129232 0.059675 0.141555 0.669538
0.078549 0.105084 0.639654 0.176713
0.05442 0.214357 0.56031 0.170913
0.114876 0.103746 0.543921 0.237457
0.00001 0.222191 0.504085 0.273714
0.00001 0.194573 0.585017 0.2204
0.00001 0.187875 0.618401 0.193714
0.00001 0.329675 0.557809 0.112506
0.159788 0.00001 0.636427 0.203774
0.038093 0.110597 0.590391 0.260919
0.00001 0.028953 0.613868 0.357169
0.20735 0.258496 0.473851 0.060302
0.050238 0.176602 0.654363 0.118797
0.032341 0.248547 0.517035 0.202078
0.00001 0.200084 0.614983 0.184924
0.094293 0.204215 0.594261 0.107232
0.068616 0.177106 0.504288 0.249989
0.073311 0.178228 0.651324 0.097137
0.064469 0.173528 0.630698 0.131305
0.167259 0.193559 0.588665 0.050516
0.069167 0.236113 0.551233 0.143488
0.039601 0.184824 0.558736 0.216839
0.00001 0.281834 0.514458 0.203698
0.049991 0.126747 0.674552 0.14871
0.00001 0.198054 0.582817 0.219119
0.060598 0.121312 0.673132 0.144958
0.00001 0.07335 0.47043 0.45621
0.069707 0.13896 0.593617 0.197715
0.066096 0.217201 0.608352 0.108351
0.08274 0.280997 0.636253 0.00001
0.130403 0.00001 0.00001 0.869577
0.181197 0.00001 0.004569 0.814224
0.093751 0.00001 0.00001 0.906229
0.00001 0.00001 0.00001 0.99997
0.10897 0.00001 0.00001 0.89101
0.136251 0.00001 0.00001 0.863729
0.0944 0.00001 0.00001 0.90558
0.130994 0.00001 0.00001 0.868986
0.172761 0.00001 0.00001 0.827219
0.243803 0.00001 0.00001 0.756177
0.00001 0.00001 0.00001 0.99997
0.054085 0.00001 0.00001 0.945895
0.11393 0.00001 0.00001 0.88605
0.079511 0.00001 0.00001 0.920469
0.00001 0.00001 0.00001 0.99997
0.040044 0.00001 0.00001 0.959936
0.125074 0.00001 0.00001 0.874906
0.107807 0.00001 0.00001 0.892173
0.189982 0.023604 0.00001 0.786404
0.178543 0.00001 0.00001 0.821437
0.080069 0.00001 0.00001 0.919911
0.087578 0.00001 0.00001 0.912402
0.205785 0.00001 0.00001 0.794195
0.242115 0.00001 0.00001 0.757865
0.125701 0.00001 0.00001 0.874279
0.128498 0.00001 0.00001 0.871482
0.15659 0.00001 0.00001 0.84339
0.22665 0.00001 0.00001 0.77333
0.112265 0.00001 0.00001 0.887715
0.182169 0.00001 0.00001 0.817811
0.087482 0.00001 0.00001 0.912498
0.119168 0.00001 0.005203 0.875619
0.108931 0.00001 0.00001 0.891049
0.186501 0.00001 0.00001 0.813479
0.058243 0.00001 0.00001 0.941737
0.190339 0.00001 0.00001 0.809641
0.023593 0.00001 0.00001 0.976387
0.015189 0.00001 0.00001 0.984791
0.057998 0.00001 0.00001 0.941982
0.102395 0.00001 0.00001 0.897585
0.23025 0.00001 0.00001 0.76973
0.192501 0.00001 0.00001 0.807479
0.00001 0.00001 0.041124 0.958856
0.00001 0.00001 0.031409 0.968571
0.298052 0.00001 0.00001 0.701928
0.081241 0.00001 0.00001 0.918739
0.220632 0.00001 0.014538 0.76482
0.035472 0.00001 0.030725 0.933793
0.2278 0.00001 0.00001 0.77218
0.258938 0.00001 0.00001 0.741042
0.131156 0.00001 0.00001 0.868824
0.139262 0.00001 0.00001 0.860718
0.043123 0.00001 0.00001 0.956857
0.077226 0.00001 0.00001 0.922754
0.094322 0.00001 0.00001 0.905658
0.125723 0.00001 0.00001 0.874257
0.078856 0.00001 0.00001 0.921124
0.165161 0.00001 0.00001 0.834819
0.130875 0.00001 0.00302 0.866095
0.242469 0.00001 0.00001 0.757511
0.034115 0.00001 0.02341 0.942464
0.00001 0.00001 0.024501 0.975479
0.078464 0.009403 0.00001 0.912123
0.00001 0.003307 0.00001 0.996673
0.00001 0.00001 0.00001 0.99997
0.00001 0.00001 0.00001 0.99997
0.233713 0.00001 0.00001 0.766267
0.118023 0.006421 0.00001 0.875546
0.141717 0.00001 0.00001 0.858263
0.170058 0.00001 0.00001 0.829922
0.168101 0.00001 0.003631 0.828258
0.025757 0.00001 0.00001 0.974223
0.075335 0.00001 0.00001 0.924645
0.121285 0.00001 0.00001 0.878695
0.019021 0.00001 0.00001 0.980959
0.076398 0.00001 0.002379 0.921213
0.071683 0.00001 0.00001 0.928297
0.119178 0.00001 0.00001 0.880802
0.141141 0.00001 0.00001 0.858839
0.044001 0.00001 0.00001 0.955979
0.00001 0.00001 0.00001 0.99997
0.025456 0.00001 0.00001 0.974524
0.136019 0.00001 0.00001 0.863961
0.212058 0.00001 0.00001 0.787922
0.152817 0.00001 0.00001 0.847163
0.149078 0.00001 0.00001 0.850902
0.134786 0.00001 0.00001 0.865194
0.174659 0.00001 0.00001 0.825321
0.160908 0.00001 0.00001 0.839072
0.05853 0.00001 0.00001 0.94145
0.175699 0.00001 0.00001 0.824281
0.181572 0.00001 0.00001 0.818408
0.301229 0.00001 0.00001 0.698751
0.314817 0.00001 0.00001 0.685163
0.298215 0.00001 0.00001 0.701765
0.251241 0.00001 0.00001 0.748739
0.131915 0.00001 0.00001 0.868065
0.19735 0.00001 0.00001 0.80263
0.325653 0.00001 0.00001 0.674327
0.303751 0.00001 0.00001 0.696229
0.31831 0.00001 0.00001 0.68167
0.00001 0.00001 0.00001 0.99997
0.00001 0.00001 0.00001 0.99997
0.15369 0.00001 0.00001 0.84629
0.198868 0.00001 0.00001 0.801112
0.00001 0.00001 0.00001 0.99997
0.120167 0.01012 0.00001 0.869703
0.716575 0.00001 0.00001 0.283405
0.466378 0.00001 0.00001 0.533602
0.468416 0.00001 0.00001 0.531564
0.702277 0.00001 0.00001 0.297703
0.665646 0.00001 0.00001 0.334334
0.428592 0.00001 0.00001 0.571388
0.49936 0.00001 0.00001 0.50062
0.636153 0.00001 0.00001 0.363827
0.767373 0.00001 0.00001 0.232607
0.300335 0.00001 0.00001 0.699645
0.420534 0.00001 0.00001 0.579446
0.641068 0.00001 0.00001 0.358912
0.652066 0.00001 0.00001 0.347914
0.31763 0.00001 0.00001 0.68235
0.565958 0.00001 0.00001 0.434022
0.548362 0.00001 0.00001 0.451618
0.635839 0.00001 0.00001 0.364141
0.639568 0.00001 0.00001 0.360412
0.645549 0.00001 0.00001 0.354431
0.475539 0.00001 0.00001 0.524441
0.312244 0.00001 0.00001 0.687736
0.692944 0.00001 0.00001 0.307036
0.710267 0.00001 0.00001 0.289713
0.708627 0.00001 0.00001 0.291353
0.390886 0.00001 0.00001 0.609094
0.583248 0.00001 0.00001 0.416732
0.478887 0.00001 0.00001 0.521093
0.519453 0.00001 0.00001 0.480527
0.99997 0.00001 0.00001 0.00001
0.969176 0.00001 0.00001 0.030804
0.99997 0.00001 0.00001 0.00001
0.99997 0.00001 0.00001 0.00001
0.99997 0.00001 0.00001 0.00001
0.99997 0.00001 0.00001 0.00001
0.971983 0.00001 0.00001 0.027997
0.94259 0.00001 0.00001 0.05739
0.99997 0.00001 0.00001 0.00001
0.99997 0.00001 0.00001 0.00001
0.99997 0.00001 0.00001 0.00001
0.99997 0.00001 0.00001 0.00001
0.99997 0.00001 0.00001 0.00001
0.99997 0.00001 0.00001 0.00001
0.99997 0.00001 0.00001 0.00001
0.99997 0.00001 0.00001 0.00001
0.938303 0.00001 0.00001 0.061677
0.948437 0.00001 0.00001 0.051543
0.99997 0.00001 0.00001 0.00001
0.99997 0.00001 0.00001 0.00001
0.99997 0.00001 0.00001 0.00001
0.99997 0.00001 0.00001 0.00001
0.891876 0.00001 0.00001 0.108104
0.99997 0.00001 0.00001 0.00001
0.99997 0.00001 0.00001 0.00001
0.804215 0.00001 0.00001 0.195765
0.718525 0.00001 0.00001 0.281455
0.850567 0.00001 0.00001 0.149413
0.943899 0.00001 0.00001 0.056081
0.768108 0.00001 0.00001 0.231872
0.730192 0.00001 0.00001 0.269788
0.856198 0.00001 0.00001 0.143782
0.744138 0.00001 0.00001 0.255842
0.951317 0.00001 0.00001 0.048663
0.817521 0.00001 0.00001 0.182459
0.814332 0.00001 0.00001 0.185648
0.835693 0.00001 0.00001 0.164287
0.919498 0.00001 0.00001 0.080482
0.829529 0.00001 0.00001 0.170451
0.795212 0.00001 0.00001 0.204768
0.778302 0.00001 0.00001 0.221678
0.832237 0.00001 0.00001 0.167743
0.80068 0.00001 0.00001 0.1993
0.858117 0.00001 0.00001 0.141863
0.74201 0.00001 0.00001 0.25797
0.825273 0.00001 0.00001 0.174707
0.84218 0.00001 0.00001 0.1578
0.803835 0.00001 0.00001 0.196145
0.943302 0.00001 0.00001 0.056678
0.817806 0.00001 0.00001 0.182174
0.798766 0.00001 0.00001 0.201214
0.775697 0.00001 0.00001 0.224283
0.86209 0.00001 0.00001 0.13789
0.901583 0.00001 0.00001 0.098397
0.931905 0.00001 0.00001 0.068075
0.81037 0.00001 0.00001 0.18961
0.826157 0.00001 0.00001 0.173823
0.845929 0.00001 0.00001 0.154051
0.967619 0.00001 0.00001 0.032361
0.83179 0.00001 0.00001 0.16819
0.99997 0.00001 0.00001 0.00001
0.889403 0.00001 0.00001 0.110577
0.99997 0.00001 0.00001 0.00001
0.991459 0.00001 0.00001 0.008521
0.894594 0.00001 0.00001 0.105386
0.950596 0.00001 0.00001 0.049384
0.837798 0.00001 0.00001 0.162182
0.805038 0.00001 0.00001 0.194942
0.961472 0.00001 0.00001 0.038508
0.904557 0.00001 0.00001 0.095423
0.86678 0.00001 0.00001 0.1332
0.963178 0.00001 0.00001 0.036802
0.868357 0.00001 0.00001 0.131623
0.828538 0.00001 0.00001 0.171442
0.873361 0.00001 0.00001 0.126619
0.897194 0.00001 0.00001 0.102786
0.867055 0.00001 0.00001 0.132925
0.941675 0.00001 0.00001 0.058305
0.866216 0.00001 0.00001 0.133764
0.778015 0.00001 0.00001 0.221965
0.99997 0.00001 0.00001 0.00001
0.76052 0.00001 0.00001 0.23946
0.924475 0.00001 0.00001 0.075505
0.865577 0.00001 0.00001 0.134403
0.827515 0.00001 0.00001 0.172465
0.868655 0.00001 0.00001 0.131325
0.826438 0.00001 0.00001 0.173542
0.793316 0.00001 0.00001 0.206664
0.804078 0.00001 0.00001 0.195902
