0.819887 0.00001 0.00001 0.180093
0.862982 0.00001 0.00001 0.136998
0.844524 0.00001 0.00001 0.155456
0.776345 0.00001 0.00001 0.223635
0.00001 0.00001 0.00001 0.99997
0.790086 0.00001 0.00001 0.209894
0.824011 0.00001 0.00001 0.175969
0.850352 0.00001 0.00001 0.149628
0.83146 0.00001 0.00001 0.16852
0.781221 0.00001 0.00001 0.218759
0.00001 0.00001 0.00001 0.99997
0.752458 0.00001 0.00001 0.247522
0.863711 0.00001 0.00001 0.136269
0.860006 0.027176 0.00001 0.112808
0.818277 0.00001 0.00001 0.181703
0.849425 0.00001 0.00001 0.150555
0.832123 0.00001 0.00001 0.167857
0.800434 0.00001 0.00001 0.199546
0.849985 0.00001 0.00001 0.149995
0.847059 0.00001 0.00001 0.152921
0.00001 0.00001 0.00001 0.99997
0.831132 0.00001 0.00001 0.168848
0.980236 0.00001 0.00001 0.019744
0.968795 0.031185 0.00001 0.00001
0.949371 0.00001 0.00001 0.050609
0.994554 0.00001 0.00001 0.005426
0.971806 0.027044 0.00001 0.00114
0.955297 0.00001 0.00001 0.044683
0.937617 0.000829 0.00001 0.061544
0.901787 0.00001 0.00001 0.098193
0.984616 0.00001 0.00001 0.015364
0.952539 0.00001 0.003126 0.044325
0.924693 0.023037 0.00001 0.052261
0.972559 0.00001 0.00001 0.027421
0.99997 0.00001 0.00001 0.00001
0.99997 0.00001 0.00001 0.00001
0.938634 0.000017 0.00001 0.061339
0.932254 0.00001 0.00001 0.067726
0.955956 0.00001 0.00001 0.044024
0.984372 0.00001 0.000999 0.014619
0.9829 0.00001 0.00001 0.01708
0.99997 0.00001 0.00001 0.00001
0.917688 0.01956 0.00001 0.062743
0.909456 0.049226 0.00001 0.041307
0.925418 0.00001 0.00001 0.074562
0.987 0.00001 0.00001 0.01298
0.99997 0.00001 0.00001 0.00001
0.968663 0.00001 0.00001 0.031317
0.954385 0.00001 0.00001 0.045595
0.887039 0.014488 0.00001 0.098463
0.932159 0.00001 0.00001 0.067821
0.947059 0.006542 0.00001 0.046389
0.99997 0.00001 0.00001 0.00001
0.978765 0.00001 0.00001 0.021215
0.975504 0.014752 0.00001 0.009734
0.926002 0.00001 0.00001 0.073978
0.876521 0.014496 0.00001 0.108973
0.998667 0.001313 0.00001 0.00001
0.958163 0.00001 0.00001 0.041817
0.924964 0.025432 0.00001 0.049594
0.99997 0.00001 0.00001 0.00001
0.968617 0.00001 0.00001 0.031363
0.937273 0.00001 0.00001 0.062707
0.90688 0.011064 0.00001 0.082046
0.875233 0.00001 0.00001 0.124747
0.974695 0.00001 0.00001 0.025285
0.99997 0.00001 0.00001 0.00001
0.941921 0.00001 0.00001 0.058059
0.995092 0.00001 0.004888 0.00001
0.99997 0.00001 0.00001 0.00001
0.963122 0.00001 0.00001 0.036858
0.903694 0.005904 0.00001 0.090392
0.949002 0.00001 0.00001 0.050978
0.926145 0.00001 0.00001 0.073835
0.896987 0.00001 0.00001 0.102993
0.93149 0.00512 0.00001 0.06338
0.992089 0.00001 0.00001 0.007891
0.908068 0.00001 0.00001 0.091912
0.947083 0.008977 0.00001 0.04393
0.948161 0.00001 0.00001 0.051819
0.830664 0.077188 0.00001 0.092139
0.99997 0.00001 0.00001 0.00001
0.980099 0.00001 0.00001 0.019881
0.90002 0.00001 0.00001 0.09996
0.99997 0.00001 0.00001 0.00001
0.959408 0.005214 0.00001 0.035368
0.99997 0.00001 0.00001 0.00001
0.9718 0.00001 0.00001 0.02818
0.944208 0.003889 0.00001 0.051893
0.939351 0.00001 0.00074 0.059899
0.9624 0.00001 0.00001 0.03758
0.937917 0.013864 0.00001 0.048209
0.930883 0.00001 0.003464 0.065643
0.997908 0.00001 0.00001 0.002072
0.922046 0.00001 0.00001 0.077934
0.99997 0.00001 0.00001 0.00001
0.979192 0.00001 0.001885 0.018913
0.97146 0.00001 0.00001 0.02852
0.940487 0.00001 0.00001 0.059493
0.998068 0.00001 0.00001 0.001912
0.940007 0.00001 0.00001 0.059973
0.941342 0.00001 0.00001 0.058638
0.960416 0.00001 0.00001 0.039564
0.978534 0.00001 0.00001 0.021446
0.976052 0.004101 0.00001 0.019837
0.98497 0.00001 0.00001 0.01501
0.913503 0.000729 0.00001 0.085758
0.963566 0.00001 0.00001 0.036414
0.911374 0.001069 0.00001 0.087547
0.981051 0.00001 0.00001 0.018929
0.99997 0.00001 0.00001 0.00001
0.948483 0.00001 0.00001 0.051497
0.958678 0.00001 0.00001 0.041302
0.963663 0.00001 0.00001 0.036317
0.953473 0.00001 0.00001 0.046507
0.970324 0.00001 0.00001 0.029656
0.99997 0.00001 0.00001 0.00001
0.968064 0.00001 0.00001 0.031916
0.952092 0.00001 0.00001 0.047888
0.954254 0.00377 0.00001 0.041967
0.947426 0.000017 0.00001 0.052547
0.996451 0.00001 0.00001 0.003529
0.957713 0.00001 0.00001 0.042267
0.947423 0.00001 0.00001 0.052557
0.994125 0.00001 0.00001 0.005855
0.967625 0.00001 0.00969 0.022675
0.999178 0.00001 0.000802 0.00001
0.965777 0.00001 0.00001 0.034203
0.997674 0.002306 0.00001 0.00001
0.979061 0.00001 0.00001 0.020919
0.906009 0.030622 0.00001 0.063358
0.461257 0.392567 0.097491 0.048686
0.48646 0.382236 0.089556 0.041748
0.610723 0.251389 0.137878 0.00001
0.713254 0.162624 0.07972 0.044402
0.767716 0.181418 0.050857 0.00001
0.746166 0.197853 0.044782 0.011199
0.195619 0.525461 0.274027 0.004892
0.417367 0.447213 0.086278 0.049142
0.314423 0.478504 0.171428 0.035645
0.677523 0.178935 0.101345 0.042197
0.749618 0.191499 0.008627 0.050257
0.059588 0.576995 0.323323 0.040095
0.245247 0.642468 0.053996 0.05829
0.165944 0.493214 0.286802 0.05404
0.177397 0.67012 0.128975 0.023508
0.743408 0.178094 0.078488 0.00001
0.731793 0.170076 0.055893 0.042239
0.615415 0.23811 0.115315 0.031161
0.652818 0.273959 0.00001 0.073213
0.729258 0.221124 0.00001 0.049609
0.758471 0.194439 0.00001 0.047081
0.790825 0.112419 0.00001 0.096745
0.63495 0.203429 0.161611 0.00001
0.684269 0.26258 0.037622 0.015528
0.610875 0.357607 0.00001 0.031508
0.688865 0.05909 0.208856 0.043189
0.830244 0.113729 0.056016 0.00001
0.70473 0.202198 0.032629 0.060442
0.781923 0.185531 0.00001 0.032536
0.73826 0.11069 0.09164 0.05941
0.680817 0.249813 0.069359 0.00001
0.794795 0.097207 0.074338 0.03366
0.767023 0.131016 0.065649 0.036312
0.735686 0.052768 0.165943 0.045604
0.701814 0.142493 0.070321 0.085372
0.72985 0.212888 0.044338 0.012924
0.743787 0.2043 0.00001 0.051903
0.776949 0.151744 0.048025 0.023281
0.74375 0.219675 0.00001 0.036566
0.769939 0.148373 0.058892 0.022796
0.543016 0.456964 0.00001 0.00001
0.700179 0.196721 0.071871 0.031229
0.766493 0.109758 0.065515 0.058235
0.857211 0.00001 0.083402 0.059377
0.00001 0.86956 0.13042 0.00001
0.004109 0.815687 0.180194 0.00001
0.00001 0.904992 0.094988 0.00001
0.00001 0.99997 0.00001 0.00001
0.00001 0.889624 0.110356 0.00001
0.00001 0.864319 0.135661 0.00001
0.00001 0.904416 0.095564 0.00001
0.00001 0.866607 0.133373 0.00001
0.00001 0.826561 0.173419 0.00001
0.00001 0.754488 0.245492 0.00001
0.00001 0.99997 0.00001 0.00001
0.00001 0.945384 0.054596 0.00001
0.00001 0.885003 0.114977 0.00001
0.00001 0.920963 0.079017 0.00001
0.00001 0.99997 0.00001 0.00001
0.00001 0.958455 0.041525 0.00001
0.00001 0.873561 0.126419 0.00001
0.00001 0.891696 0.108284 0.00001
0.00001 0.790566 0.188022 0.021402
0.00001 0.818924 0.181056 0.00001
0.00001 0.920303 0.079677 0.00001
0.00001 0.912347 0.087633 0.00001
0.00001 0.793993 0.205987 0.00001
0.00001 0.757428 0.242552 0.00001
0.00001 0.872948 0.127032 0.00001
0.00001 0.870855 0.129125 0.00001
0.00001 0.841888 0.158092 0.00001
0.00001 0.77182 0.22816 0.00001
0.00001 0.886737 0.113243 0.00001
0.00001 0.816601 0.183379 0.00001
0.00001 0.911058 0.088922 0.00001
0.002324 0.88214 0.115527 0.00001
0.00001 0.890418 0.109562 0.00001
0.00001 0.813526 0.186454 0.00001
0.00001 0.941283 0.058697 0.00001
0.00001 0.809061 0.190919 0.00001
0.00001 0.97542 0.02456 0.00001
0.00001 0.985673 0.014307 0.00001
0.00001 0.941189 0.058791 0.00001
0.00001 0.896038 0.103942 0.00001
0.00001 0.770106 0.229874 0.00001
0.00001 0.806714 0.193266 0.00001
0.040607 0.959373 0.00001 0.00001
0.00001 0.97168 0.00001 0.0283
0.00001 0.701867 0.298113 0.00001
0.00001 0.917309 0.082671 0.00001
0.013886 0.765681 0.220424 0.00001
0.030385 0.934299 0.035306 0.00001
0.00001 0.772216 0.227764 0.00001
0.00001 0.740633 0.259347 0.00001
0.00001 0.868956 0.131024 0.00001
0.00001 0.860958 0.139022 0.00001
0.00001 0.955922 0.044058 0.00001
0.00001 0.922546 0.077434 0.00001
0.00001 0.904058 0.095922 0.00001
0.00001 0.872816 0.127164 0.00001
0.00001 0.920332 0.079648 0.00001
0.00001 0.834135 0.165845 0.00001
0.00001 0.844136 0.144043 0.011811
0.00001 0.756305 0.243675 0.00001
0.022307 0.944082 0.0336 0.00001
0.02432 0.97566 0.00001 0.00001
0.00001 0.893909 0.088777 0.017304
0.00001 0.99997 0.00001 0.00001
0.00001 0.99997 0.00001 0.00001
0.00001 0.99997 0.00001 0.00001
0.00001 0.764669 0.235311 0.00001
0.00001 0.862484 0.125918 0.011588
0.00001 0.857381 0.142599 0.00001
0.00001 0.82921 0.17077 0.00001
0.00001 0.822188 0.171579 0.006223
0.00001 0.972331 0.027649 0.00001
0.00001 0.924062 0.075918 0.00001
0.00001 0.877049 0.122931 0.00001
0.00001 0.979264 0.020716 0.00001
0.000314 0.925292 0.074384 0.00001
0.00001 0.926344 0.073636 0.00001
0.00001 0.879933 0.120047 0.00001
0.00001 0.858983 0.140997 0.00001
0.00001 0.955437 0.044543 0.00001
0.00001 0.99997 0.00001 0.00001
0.00001 0.972286 0.027694 0.00001
0.00001 0.863436 0.136544 0.00001
0.00001 0.787792 0.212188 0.00001
0.00001 0.846958 0.153022 0.00001
0.00001 0.849185 0.150795 0.00001
0.00001 0.864479 0.135501 0.00001
0.00001 0.825243 0.174737 0.00001
0.00001 0.839068 0.160912 0.00001
0.00001 0.938749 0.061231 0.00001
0.00001 0.825299 0.174681 0.00001
0.00001 0.818382 0.181598 0.00001
0.00001 0.697712 0.302268 0.00001
0.00001 0.686514 0.313466 0.00001
0.00001 0.702353 0.297627 0.00001
0.00001 0.749026 0.250954 0.00001
0.00001 0.867258 0.132722 0.00001
0.00001 0.801476 0.198504 0.00001
0.00001 0.673935 0.326045 0.00001
0.00001 0.696303 0.303677 0.00001
0.00001 0.681826 0.318154 0.00001
0.00001 0.99997 0.00001 0.00001
0.00001 0.99997 0.00001 0.00001
0.00001 0.845365 0.154615 0.00001
0.00001 0.800598 0.199382 0.00001
0.00001 0.99997 0.00001 0.00001
0.008951 0.87155 0.119489 0.00001
0.00001 0.283127 0.716853 0.00001
0.00001 0.533073 0.466907 0.00001
0.00001 0.530743 0.469237 0.00001
0.00001 0.298301 0.701679 0.00001
0.00001 0.332813 0.667167 0.00001
0.00001 0.57268 0.4273 0.00001
0.00001 0.501643 0.498337 0.00001
0.00001 0.364635 0.635345 0.00001
0.00001 0.233028 0.766952 0.00001
0.00001 0.698568 0.301412 0.00001
0.00001 0.579005 0.420975 0.00001
0.00001 0.358944 0.641036 0.00001
0.00001 0.347566 0.652414 0.00001
0.00001 0.681567 0.318413 0.00001
0.00001 0.432849 0.567131 0.00001
0.00001 0.452167 0.547813 0.00001
0.00001 0.363629 0.636351 0.00001
0.00001 0.361222 0.638758 0.00001
0.00001 0.354528 0.645452 0.00001
0.00001 0.524277 0.475703 0.00001
0.00001 0.687634 0.312346 0.00001
0.00001 0.307339 0.692641 0.00001
0.00001 0.287998 0.711982 0.00001
0.00001 0.2913 0.70868 0.00001
0.00001 0.608418 0.391562 0.00001
0.00001 0.416933 0.583047 0.00001
0.00001 0.517799 0.482181 0.00001
0.00001 0.480323 0.519657 0.00001
0.00001 0.00001 0.99997 0.00001
0.00001 0.033196 0.966784 0.00001
0.00001 0.00001 0.99997 0.00001
0.00001 0.00001 0.99997 0.00001
0.00001 0.00001 0.99997 0.00001
0.00001 0.00001 0.99997 0.00001
0.00001 0.029702 0.970278 0.00001
0.00001 0.058582 0.941398 0.00001
0.00001 0.00001 0.99997 0.00001
0.00001 0.00001 0.99997 0.00001
0.00001 0.00001 0.99997 0.00001
0.00001 0.00001 0.99997 0.00001
0.00001 0.00001 0.99997 0.00001
0.00001 0.00001 0.99997 0.00001
0.00001 0.00001 0.99997 0.00001
0.00001 0.00001 0.99997 0.00001
0.00001 0.060399 0.939581 0.00001
0.00001 0.05285 0.94713 0.00001
0.00001 0.00001 0.99997 0.00001
0.00001 0.00001 0.99997 0.00001
0.00001 0.00001 0.99997 0.00001
0.00001 0.00001 0.99997 0.00001
0.00001 0.108837 0.891143 0.00001
0.00001 0.00001 0.99997 0.00001
0.00001 0.00001 0.99997 0.00001
0.00001 0.197995 0.801985 0.00001
0.00001 0.281783 0.718197 0.00001
0.00001 0.151161 0.848819 0.00001
0.00001 0.058234 0.941746 0.00001
0.00001 0.23236 0.76762 0.00001
0.00001 0.269232 0.730748 0.00001
0.00001 0.143955 0.856025 0.00001
0.00001 0.25697 0.74301 0.00001
0.00001 0.048871 0.951109 0.00001
0.00001 0.181613 0.818367 0.00001
0.00001 0.185218 0.814762 0.00001
0.00001 0.165183 0.834797 0.00001
0.00001 0.081137 0.918843 0.00001
0.00001 0.170468 0.829512 0.00001
0.00001 0.204345 0.795635 0.00001
0.00001 0.221953 0.778027 0.00001
0.00001 0.168296 0.831684 0.00001
0.00001 0.199593 0.800387 0.00001
0.00001 0.141015 0.858965 0.00001
0.00001 0.258539 0.741441 0.00001
0.00001 0.175266 0.824714 0.00001
0.00001 0.159226 0.840754 0.00001
0.00001 0.197088 0.802892 0.00001
0.00001 0.05784 0.94214 0.00001
0.00001 0.181801 0.818179 0.00001
0.00001 0.202368 0.797612 0.00001
0.00001 0.224987 0.774993 0.00001
0.00001 0.138827 0.861153 0.00001
0.00001 0.100306 0.899674 0.00001
0.00001 0.067032 0.932948 0.00001
0.00001 0.189319 0.810661 0.00001
0.00001 0.1736 0.82638 0.00001
0.00001 0.154637 0.845343 0.00001
0.00001 0.033123 0.966857 0.00001
0.00001 0.168871 0.831109 0.00001
0.00001 0.00001 0.99997 0.00001
0.00001 0.111257 0.888723 0.00001
0.00001 0.00001 0.99997 0.00001
0.00001 0.009625 0.990355 0.00001
0.00001 0.106489 0.893491 0.00001
0.00001 0.049904 0.950076 0.00001
0.00001 0.16255 0.83743 0.00001
0.00001 0.196172 0.803808 0.00001
0.00001 0.039804 0.960176 0.00001
0.00001 0.096409 0.903571 0.00001
0.00001 0.134489 0.865491 0.00001
0.00001 0.037575 0.962405 0.00001
0.00001 0.132178 0.867802 0.00001
0.00001 0.171377 0.828603 0.00001
0.00001 0.129536 0.870444 0.00001
0.00001 0.103938 0.896042 0.00001
0.00001 0.132377 0.867603 0.00001
0.00001 0.059688 0.940292 0.00001
0.00001 0.132993 0.866987 0.00001
0.00001 0.222458 0.777522 0.00001
0.00001 0.00001 0.99997 0.00001
0.00001 0.2372 0.76278 0.00001
0.00001 0.073858 0.926122 0.00001
0.00001 0.137322 0.862658 0.00001
0.00001 0.172827 0.827153 0.00001
0.00001 0.131472 0.868508 0.00001
0.00001 0.173716 0.826264 0.00001
0.00001 0.207153 0.792827 0.00001
0.00001 0.196337 0.803643 0.00001
