0.00001 0.00001 0.00001 0.00001 0.99996
0.00001 0.00001 0.00001 0.00001 0.99996
0.00001 0.00001 0.00001 0.00001 0.99996
0.00001 0.00001 0.00001 0.00001 0.99996
0.00001 0.00001 0.00001 0.00001 0.99996
0.00001 0.00001 0.00001 0.00001 0.99996
0.00001 0.00001 0.310293 0.00001 0.689677
0.00001 0.00001 0.00001 0.00001 0.99996
0.00001 0.00001 0.00001 0.00001 0.99996
0.00001 0.00001 0.00001 0.00001 0.99996
0.00001 0.00001 0.00001 0.00001 0.99996
0.00001 0.00001 0.00001 0.00001 0.99996
0.00001 0.00001 0.00001 0.00001 0.99996
0.00001 0.027852 0.460778 0.00001 0.51135
0.00001 0.00001 0.00001 0.00001 0.99996
0.00001 0.00001 0.00001 0.00001 0.99996
0.00001 0.00001 0.000016 0.00001 0.999954
0.00001 0.00001 0.00001 0.00001 0.99996
0.00001 0.00001 0.00001 0.00001 0.99996
0.00001 0.00001 0.433087 0.00001 0.566883
0.00001 0.00001 0.00001 0.00001 0.99996
0.00001 0.00001 0.479397 0.00001 0.520573
0.00001 0.00001 0.99996 0.00001 0.00001
0.00001 0.02493 0.97504 0.00001 0.00001
0.00001 0.00001 0.702992 0.00001 0.296978
0.00001 0.00001 0.785424 0.00001 0.214546
0.00001 0.026189 0.747224 0.00001 0.226567
0.00001 0.00001 0.742063 0.00001 0.257907
0.00001 0.000749 0.735742 0.00001 0.263489
0.00001 0.00001 0.616153 0.00001 0.383817
0.00001 0.00001 0.70548 0.00001 0.29449
0.002353 0.00001 0.700333 0.00001 0.297295
0.00001 0.00001 0.628445 0.023866 0.347669
0.00001 0.00001 0.764346 0.00001 0.235624
0.00001 0.00001 0.89958 0.00001 0.10039
0.00001 0.00001 0.99996 0.00001 0.00001
0.00001 0.00001 0.789673 0.003586 0.20672
0.00001 0.00001 0.730234 0.00001 0.269736
0.00001 0.00001 0.656068 0.00001 0.343902
0.00001 0.00001 0.8757 0.00001 0.12427
0.00001 0.00001 0.861638 0.00001 0.138332
0.00001 0.00001 0.99996 0.00001 0.00001
0.00001 0.00001 0.77298 0.017988 0.209012
0.00001 0.048932 0.691583 0.00001 0.259465
0.00001 0.00001 0.658587 0.013152 0.328241
0.00001 0.00001 0.776234 0.00001 0.223736
0.00001 0.00001 0.880815 0.00001 0.119155
0.00001 0.00001 0.693378 0.00001 0.306592
0.00001 0.00001 0.795844 0.00001 0.204126
0.00001 0.015789 0.620996 0.00001 0.363196
0.00001 0.00001 0.655129 0.004407 0.340444
0.00001 0.00619 0.746773 0.00001 0.247016
0.00001 0.00001 0.99996 0.00001 0.00001
0.00001 0.00001 0.858148 0.00001 0.141822
0.00001 0.00001 0.989235 0.010735 0.00001
0.00001 0.00001 0.803632 0.00001 0.196338
0.00001 0.016906 0.596455 0.00001 0.386619
0.00001 0.000323 0.900667 0.00001 0.09899
0.00001 0.00001 0.732765 0.00001 0.267205
0.00001 0.025334 0.690645 0.00001 0.284001
0.00001 0.00001 0.99996 0.00001 0.00001
0.00001 0.00001 0.751516 0.00001 0.248454
0.00001 0.00001 0.760673 0.00001 0.239297
0.00001 0.011228 0.684935 0.00001 0.303817
0.00001 0.00001 0.511049 0.00001 0.488921
0.00001 0.00001 0.738468 0.00001 0.261502
0.00001 0.00001 0.827199 0.00001 0.172771
0.00001 0.00001 0.718655 0.00001 0.281315
0.00001 0.00001 0.729687 0.00728 0.263013
0.00001 0.00001 0.778031 0.00001 0.221939
0.00001 0.00001 0.686517 0.00001 0.313453
0.00001 0.00001 0.69822 0.010167 0.291592
0.00001 0.00001 0.795063 0.00001 0.204907
0.00001 0.00001 0.740132 0.00001 0.259838
0.00001 0.00001 0.662837 0.00001 0.337133
0.000016 0.004936 0.693543 0.00001 0.301495
0.00001 0.00001 0.756638 0.00001 0.243332
0.00001 0.00001 0.634788 0.00001 0.365182
0.00001 0.008493 0.69803 0.00001 0.293457
0.00001 0.00001 0.751414 0.00001 0.248556
0.00001 0.077598 0.582673 0.00001 0.339709
0.00001 0.00001 0.78563 0.00001 0.21434
0.00001 0.00001 0.99996 0.00001 0.00001
0.00001 0.00001 0.614156 0.00001 0.385814
0.00001 0.00001 0.799306 0.00001 0.200664
0.00001 0.00001 0.711424 0.006105 0.282451
0.00001 0.00001 0.833583 0.00001 0.166387
0.00001 0.00001 0.833082 0.00001 0.166888
0.00001 0.003339 0.70854 0.00001 0.288101
0.00001 0.00001 0.612159 0.000523 0.387298
0.00001 0.00001 0.775699 0.00001 0.224271
0.00001 0.00001 0.759534 0.021193 0.219252
0.00186 0.00001 0.571823 0.00001 0.426296
0.00001 0.00001 0.99996 0.00001 0.00001
0.00001 0.00001 0.609001 0.00001 0.390969
0.00001 0.00001 0.99996 0.00001 0.00001
0.001816 0.00001 0.830316 0.00001 0.167847
0.00001 0.00001 0.849277 0.00001 0.150693
0.00001 0.00001 0.651266 0.00001 0.348704
0.00001 0.00001 0.99996 0.00001 0.00001
0.00001 0.00001 0.714185 0.00001 0.285785
0.00001 0.00001 0.678906 0.00001 0.321064
0.00001 0.00001 0.827923 0.010432 0.161625
0.00001 0.00001 0.715076 0.003186 0.281717
0.00001 0.00001 0.797082 0.003732 0.199166
0.00001 0.00001 0.898535 0.00001 0.101435
0.00001 0.000015 0.813329 0.00001 0.186636
0.00001 0.00001 0.685211 0.00001 0.314759
0.00001 0.001819 0.698664 0.00001 0.299496
0.00001 0.00001 0.99996 0.00001 0.00001
0.00001 0.00001 0.99996 0.00001 0.00001
0.00001 0.00001 0.805024 0.00001 0.194946
0.00001 0.00001 0.671452 0.00001 0.328518
0.00001 0.00001 0.751711 0.00001 0.248259
0.00001 0.00001 0.731533 0.00001 0.268437
0.00001 0.00001 0.900444 0.00001 0.099526
0.00001 0.00001 0.762394 0.00001 0.237576
0.00001 0.00001 0.763811 0.00001 0.236159
0.00001 0.00001 0.607853 0.00001 0.392117
0.00001 0.00001 0.638544 0.006116 0.35532
0.00001 0.00001 0.65914 0.00001 0.34083
0.00001 0.00001 0.858063 0.00001 0.141907
0.00001 0.00001 0.784656 0.00001 0.215314
0.00001 0.00001 0.781903 0.00001 0.218067
0.00001 0.00001 0.729465 0.00001 0.270505
0.005083 0.00001 0.971442 0.00001 0.023456
0.00001 0.00001 0.99996 0.00001 0.00001
0.00001 0.00001 0.865129 0.00001 0.134841
0.00001 0.000915 0.999055 0.00001 0.00001
0.00001 0.00001 0.779633 0.00001 0.220337
0.00001 0.008389 0.745825 0.019673 0.226102
0.038796 0.384058 0.346561 0.067694 0.16289
0.10488 0.366895 0.352654 0.00001 0.175561
0.130419 0.219388 0.54962 0.038228 0.062345
0.010129 0.148818 0.615843 0.08286 0.142349
0.027257 0.169379 0.704102 0.035508 0.063755
0.05332 0.188919 0.596829 0.00001 0.160921
0.231296 0.496507 0.161137 0.072372 0.038689
0.100006 0.417689 0.33231 0.015651 0.134345
0.17336 0.44988 0.194186 0.0267 0.155874
0.118538 0.161304 0.545451 0.00001 0.174697
0.031232 0.153668 0.629058 0.014275 0.171767
0.310959 0.542817 0.10156 0.044655 0.00001
0.081158 0.615281 0.192546 0.00001 0.111004
0.278685 0.462036 0.117943 0.039032 0.102304
0.077347 0.630956 0.144817 0.090866 0.056014
0.092114 0.163644 0.64155 0.00001 0.102682
0.064941 0.160768 0.560457 0.00001 0.213824
0.082117 0.227205 0.545338 0.043791 0.10155
0.00001 0.222329 0.50343 0.051268 0.222963
0.00001 0.215334 0.584944 0.005539 0.194172
0.00001 0.155431 0.615514 0.039349 0.189696
0.00001 0.103679 0.557091 0.009271 0.329949
0.148011 0.188418 0.635999 0.027562 0.00001
0.000643 0.244545 0.593659 0.054512 0.106642
0.00001 0.326127 0.614437 0.03156 0.027866
0.183556 0.058938 0.472652 0.026123 0.258731
0.031212 0.102185 0.654646 0.036575 0.175383
0.04911 0.18582 0.517783 0.00001 0.247277
0.00001 0.162199 0.615517 0.022965 0.199309
0.100057 0.10202 0.59322 0.00001 0.204693
0.037975 0.237326 0.501311 0.043987 0.179401
0.084094 0.086545 0.65214 0.00001 0.177212
0.067439 0.12904 0.630843 0.00001 0.172668
0.151181 0.040484 0.587997 0.026584 0.193755
0.033245 0.136786 0.549209 0.043312 0.237448
0.031132 0.219651 0.557081 0.006482 0.185653
0.00001 0.174671 0.514844 0.029441 0.281034
0.058016 0.14136 0.675822 0.00001 0.124793
0.00001 0.219594 0.582797 0.00001 0.19759
0.038381 0.125561 0.669341 0.042782 0.123935
0.00001 0.430848 0.469544 0.02586 0.073737
0.07759 0.190548 0.594184 0.00001 0.137667
0.074894 0.100196 0.607482 0.00001 0.217418
0.00001 0.00001 0.634927 0.078669 0.286384
0.113736 0.835919 0.00001 0.050326 0.00001
0.220412 0.775568 0.004001 0.00001 0.00001
0.136832 0.863138 0.00001 0.00001 0.00001
0.00001 0.948309 0.00001 0.051661 0.00001
0.066585 0.825307 0.00001 0.108088 0.00001
0.105828 0.824513 0.00001 0.069639 0.00001
0.119975 0.878483 0.00001 0.001522 0.00001
0.097952 0.832345 0.00001 0.069683 0.00001
0.12923 0.777436 0.00001 0.093314 0.00001
0.262718 0.720368 0.00001 0.016894 0.00001
0.00001 0.98845 0.00001 0.01152 0.00001
0.06523 0.895133 0.00001 0.039617 0.00001
0.122467 0.862869 0.00001 0.014644 0.00001
0.095466 0.880518 0.00001 0.023996 0.00001
0.012164 0.987806 0.00001 0.00001 0.00001
0.060562 0.939408 0.00001 0.00001 0.00001
0.073815 0.813638 0.00001 0.112526 0.00001
0.115334 0.842404 0.00001 0.042243 0.00001
0.148076 0.736834 0.00001 0.094902 0.020179
0.116029 0.767122 0.00001 0.116829 0.00001
0.106475 0.875142 0.00001 0.018363 0.00001
0.049906 0.842337 0.00001 0.107737 0.00001
0.226095 0.752214 0.00001 0.021671 0.00001
0.241952 0.721789 0.00001 0.036238 0.00001
0.140039 0.83116 0.00001 0.028781 0.00001
0.019963 0.816656 0.00001 0.163361 0.00001
0.056264 0.808007 0.00001 0.13571 0.00001
0.256084 0.743886 0.00001 0.00001 0.00001
0.083105 0.859915 0.00001 0.05696 0.00001
0.155583 0.776538 0.00001 0.06786 0.00001
0.091353 0.871779 0.00001 0.036848 0.00001
0.164688 0.829822 0.00547 0.00001 0.00001
0.075102 0.849406 0.00001 0.075472 0.00001
0.157895 0.769413 0.00001 0.072672 0.00001
0.009314 0.876148 0.00001 0.114518 0.00001
0.175126 0.77353 0.00001 0.051324 0.00001
0.063449 0.929174 0.00001 0.007357 0.00001
0.031896 0.93679 0.00001 0.031294 0.00001
0.029223 0.892816 0.00001 0.077941 0.00001
0.131356 0.868614 0.00001 0.00001 0.00001
0.235025 0.730883 0.00001 0.034071 0.00001
0.231439 0.768531 0.00001 0.00001 0.00001
0.00001 0.954931 0.039749 0.0053 0.00001
0.00001 0.93628 0.030425 0.033275 0.00001
0.235411 0.662283 0.00001 0.102286 0.00001
0.113891 0.868205 0.00001 0.017884 0.00001
0.144506 0.714226 0.00001 0.141248 0.00001
0.00001 0.862665 0.026434 0.110881 0.00001
0.257353 0.742617 0.00001 0.00001 0.00001
0.217484 0.688067 0.00001 0.094429 0.00001
0.170661 0.829309 0.00001 0.00001 0.00001
0.174382 0.825264 0.00001 0.000334 0.00001
0.057851 0.910978 0.00001 0.03115 0.00001
0.099723 0.900247 0.00001 0.00001 0.00001
0.120016 0.872084 0.00001 0.007881 0.00001
0.131252 0.838709 0.00001 0.030019 0.00001
0.064906 0.877743 0.00001 0.057332 0.00001
0.183406 0.816564 0.00001 0.00001 0.00001
0.09838 0.797878 0.000071 0.103661 0.00001
0.276265 0.723705 0.00001 0.00001 0.00001
0.00001 0.86182 0.016738 0.121422 0.00001
0.00001 0.892753 0.024707 0.08252 0.00001
0.107631 0.874656 0.00001 0.009012 0.00869
0.00001 0.921355 0.00001 0.074768 0.003856
0.00001 0.96549 0.00001 0.03448 0.00001
0.00001 0.981435 0.00001 0.018535 0.00001
0.23075 0.73339 0.00001 0.035839 0.00001
0.123536 0.82892 0.00001 0.04094 0.006594
0.155263 0.813712 0.00001 0.031005 0.00001
0.145885 0.782823 0.00001 0.071272 0.00001
0.165487 0.784569 0.004043 0.04589 0.00001
0.014678 0.919478 0.00001 0.065824 0.00001
0.079231 0.896483 0.00001 0.024265 0.00001
0.105813 0.849188 0.00001 0.044979 0.00001
0.053556 0.934074 0.00001 0.01235 0.00001
0.085752 0.882022 0.002335 0.029881 0.00001
0.060042 0.88569 0.00001 0.054248 0.00001
0.100631 0.846136 0.00001 0.053213 0.00001
0.176304 0.823666 0.00001 0.00001 0.00001
0.0803 0.91967 0.00001 0.00001 0.00001
0.015503 0.965369 0.00001 0.019108 0.00001
0.00001 0.921524 0.00001 0.078446 0.00001
0.175405 0.811932 0.00001 0.012642 0.00001
0.217578 0.752411 0.00001 0.02999 0.00001
0.192002 0.807968 0.00001 0.00001 0.00001
0.14006 0.810099 0.00001 0.049821 0.00001
0.097189 0.822761 0.00001 0.080031 0.00001
0.187247 0.790075 0.00001 0.022659 0.00001
0.133975 0.80237 0.00001 0.063635 0.00001
0.00001 0.913933 0.00001 0.086037 0.00001
0.204533 0.795437 0.00001 0.00001 0.00001
0.221515 0.778455 0.00001 0.00001 0.00001
0.239188 0.659356 0.00001 0.101436 0.00001
0.261801 0.645966 0.00001 0.092213 0.00001
0.296822 0.66642 0.00001 0.036738 0.00001
0.249353 0.708604 0.00001 0.042024 0.00001
0.129095 0.833327 0.00001 0.037558 0.00001
0.1966 0.759552 0.00001 0.043828 0.00001
0.32045 0.64649 0.00001 0.03304 0.00001
0.334072 0.665898 0.00001 0.00001 0.00001
0.257875 0.644376 0.00001 0.097729 0.00001
0.00001 0.882262 0.00001 0.117708 0.00001
0.005931 0.980848 0.00001 0.013202 0.00001
0.147612 0.804169 0.00001 0.048199 0.00001
0.192609 0.775308 0.00001 0.032063 0.00001
0.027286 0.972684 0.00001 0.00001 0.00001
0.141434 0.826187 0.00001 0.022403 0.009966
0.670939 0.272658 0.00001 0.056383 0.00001
0.430221 0.493255 0.00001 0.076504 0.00001
0.456101 0.506999 0.00001 0.03688 0.00001
0.727444 0.272526 0.00001 0.00001 0.00001
0.597634 0.313386 0.00001 0.08896 0.00001
0.418058 0.541562 0.00001 0.04036 0.00001
0.525177 0.474793 0.00001 0.00001 0.00001
0.600944 0.340221 0.00001 0.058815 0.00001
0.760188 0.219997 0.00001 0.019795 0.00001
0.254314 0.639222 0.00001 0.106444 0.00001
0.338819 0.537907 0.00001 0.123254 0.00001
0.647155 0.340932 0.00001 0.011894 0.00001
0.635072 0.316817 0.00001 0.048091 0.00001
0.328792 0.653424 0.00001 0.017764 0.00001
0.572264 0.413663 0.00001 0.014052 0.00001
0.534187 0.428016 0.00001 0.037778 0.00001
0.642467 0.357503 0.00001 0.00001 0.00001
0.56948 0.342288 0.00001 0.088212 0.00001
0.645285 0.337848 0.00001 0.016847 0.00001
0.494633 0.505337 0.00001 0.00001 0.00001
0.312297 0.660794 0.00001 0.026889 0.00001
0.697838 0.302132 0.00001 0.00001 0.00001
0.676684 0.263774 0.00001 0.059522 0.00001
0.702479 0.278553 0.00001 0.018948 0.00001
0.00001 0.00001 0.00001 0.99996 0.00001
0.500218 0.38871 0.00001 0.111052 0.00001
0.473274 0.487435 0.00001 0.039271 0.00001
0.479319 0.457101 0.00001 0.06356 0.00001
0.999655 0.00001 0.000016 0.000309 0.00001
0.972684 0.027286 0.00001 0.00001 0.00001
0.99996 0.00001 0.00001 0.00001 0.00001
0.978711 0.00001 0.00001 0.021259 0.00001
0.99996 0.00001 0.00001 0.00001 0.00001
0.9637 0.00001 0.00001 0.03627 0.00001
0.940889 0.019252 0.00001 0.03984 0.00001
0.940691 0.046985 0.00001 0.012303 0.00001
0.99996 0.00001 0.00001 0.00001 0.00001
0.99996 0.00001 0.00001 0.00001 0.00001
0.952206 0.00001 0.00001 0.047764 0.00001
0.986968 0.00001 0.00001 0.013002 0.00001
0.987421 0.00001 0.00001 0.012549 0.00001
0.999056 0.00001 0.00001 0.000914 0.00001
0.99996 0.00001 0.00001 0.00001 0.00001
0.999958 0.00001 0.00001 0.000012 0.00001
0.964865 0.035105 0.00001 0.00001 0.00001
0.947448 0.035659 0.00001 0.016874 0.00001
0.99996 0.00001 0.00001 0.00001 0.00001
0.99996 0.00001 0.00001 0.00001 0.00001
0.967581 0.00001 0.00001 0.032389 0.00001
0.99996 0.00001 0.00001 0.00001 0.00001
0.90304 0.09693 0.00001 0.00001 0.00001
0.99996 0.00001 0.00001 0.00001 0.00001
0.99996 0.00001 0.00001 0.00001 0.00001
0.807385 0.189137 0.00001 0.003457 0.00001
0.742047 0.257923 0.00001 0.00001 0.00001
0.809771 0.110346 0.00001 0.079863 0.00001
0.967176 0.032794 0.00001 0.00001 0.00001
0.760937 0.228772 0.00001 0.010271 0.00001
0.744847 0.255123 0.00001 0.00001 0.00001
0.837024 0.127021 0.00001 0.035936 0.00001
0.756395 0.243575 0.00001 0.00001 0.00001
0.954379 0.045584 0.00001 0.000017 0.00001
0.806512 0.173504 0.00001 0.019964 0.00001
0.831404 0.16623 0.00001 0.002347 0.00001
0.739929 0.164506 0.00001 0.095544 0.00001
0.858902 0.069289 0.00001 0.071789 0.00001
0.840019 0.159951 0.00001 0.00001 0.00001
0.795664 0.200997 0.00001 0.003319 0.00001
0.770987 0.213847 0.00001 0.015145 0.00001
0.858569 0.141401 0.00001 0.00001 0.00001
0.817417 0.182553 0.00001 0.00001 0.00001
0.81806 0.127557 0.00001 0.054364 0.00001
0.763957 0.236013 0.00001 0.00001 0.00001
0.83033 0.16964 0.00001 0.00001 0.00001
0.857986 0.141984 0.00001 0.00001 0.00001
0.826688 0.173282 0.00001 0.00001 0.00001
0.89669 0.038757 0.00001 0.064533 0.00001
0.77561 0.170167 0.00001 0.054203 0.00001
0.789444 0.182126 0.00001 0.02841 0.00001
0.787012 0.212958 0.00001 0.00001 0.00001
0.838663 0.129523 0.00001 0.031794 0.00001
0.875676 0.091129 0.00001 0.033175 0.00001
0.825496 0.057469 0.00001 0.117015 0.00001
0.823397 0.169221 0.00001 0.007362 0.00001
0.829746 0.170224 0.00001 0.00001 0.00001
0.875582 0.124379 0.00001 0.000019 0.00001
0.915631 0.013009 0.00001 0.07134 0.00001
0.795121 0.147501 0.00001 0.057357 0.00001
0.00001 0.00001 0.00001 0.99996 0.00001
0.838365 0.107233 0.00001 0.054382 0.00001
0.00001 0.00001 0.00001 0.99996 0.00001
0.990355 0.006836 0.00001 0.002789 0.00001
0.909391 0.090579 0.00001 0.00001 0.00001
0.904244 0.045814 0.00001 0.049922 0.00001
0.840203 0.159767 0.00001 0.00001 0.00001
0.825686 0.174284 0.00001 0.00001 0.00001
0.899063 0.030929 0.00001 0.069988 0.00001
0.836931 0.093265 0.00001 0.069784 0.00001
0.788161 0.120356 0.00001 0.091463 0.00001
0.931441 0.033679 0.00001 0.034859 0.00001
0.838545 0.128388 0.00001 0.033047 0.00001
0.804764 0.153104 0.00001 0.042112 0.00001
0.847383 0.120042 0.00001 0.032555 0.00001
0.918957 0.079465 0.00001 0.001558 0.00001
0.793566 0.127994 0.00001 0.07842 0.00001
0.870575 0.057191 0.00001 0.072214 0.00001
0.866851 0.133119 0.00001 0.00001 0.00001
0.76743 0.2248 0.00001 0.00775 0.00001
0.99996 0.00001 0.00001 0.00001 0.00001
0.747451 0.223017 0.00001 0.029512 0.00001
0.847627 0.06826 0.00001 0.084093 0.00001
0.885859 0.114111 0.00001 0.00001 0.00001
0.799609 0.165201 0.00001 0.03517 0.00001
0.788214 0.11078 0.00001 0.100986 0.00001
0.833517 0.166453 0.00001 0.00001 0.00001
0.762148 0.189508 0.00001 0.048324 0.00001
0.81585 0.18412 0.00001 0.00001 0.00001
