0.99997 0.00001 0.00001 0.00001
0.99997 0.00001 0.00001 0.00001
0.99997 0.00001 0.00001 0.00001
0.99997 0.00001 0.00001 0.00001
0.99997 0.00001 0.00001 0.00001
0.99997 0.00001 0.00001 0.00001
0.689663 0.310317 0.00001 0.00001
0.99997 0.00001 0.00001 0.00001
0.99997 0.00001 0.00001 0.00001
0.99997 0.00001 0.00001 0.00001
0.99997 0.00001 0.00001 0.00001
0.99997 0.00001 0.00001 0.00001
0.99997 0.00001 0.00001 0.00001
0.511238 0.461555 0.027196 0.00001
0.99997 0.00001 0.00001 0.00001
0.99997 0.00001 0.00001 0.00001
0.99997 0.00001 0.00001 0.00001
0.99997 0.00001 0.00001 0.00001
0.99997 0.00001 0.00001 0.00001
0.568046 0.431934 0.00001 0.00001
0.99997 0.00001 0.00001 0.00001
0.521171 0.478809 0.00001 0.00001
0.00001 0.99997 0.00001 0.00001
0.00001 0.976437 0.023543 0.00001
0.297883 0.702097 0.00001 0.00001
0.215405 0.784575 0.00001 0.00001
0.229852 0.744411 0.025727 0.00001
0.258668 0.741312 0.00001 0.00001
0.265369 0.734611 0.00001 0.00001
0.384266 0.615714 0.00001 0.00001
0.296083 0.703897 0.00001 0.00001
0.298273 0.700245 0.00001 0.001471
0.352857 0.624838 0.022296 0.00001
0.236783 0.763197 0.00001 0.00001
0.103736 0.896244 0.00001 0.00001
0.00001 0.99997 0.00001 0.00001
0.208039 0.791941 0.00001 0.00001
0.271588 0.728392 0.00001 0.00001
0.347321 0.652659 0.00001 0.00001
0.125024 0.874956 0.00001 0.00001
0.140378 0.859602 0.00001 0.00001
0.00001 0.99997 0.00001 0.00001
0.209736 0.773438 0.016816 0.00001
0.258356 0.693267 0.048367 0.00001
0.332997 0.666983 0.00001 0.00001
0.226055 0.773925 0.00001 0.00001
0.121106 0.878874 0.00001 0.00001
0.302764 0.697216 0.00001 0.00001
0.20593 0.79405 0.00001 0.00001
0.364737 0.62037 0.014883 0.00001
0.343158 0.656822 0.00001 0.00001
0.250234 0.744834 0.004922 0.00001
0.00001 0.99997 0.00001 0.00001
0.142552 0.857428 0.00001 0.00001
0.00001 0.991604 0.008376 0.00001
0.197476 0.802504 0.00001 0.00001
0.388387 0.595481 0.016122 0.00001
0.10426 0.89572 0.00001 0.00001
0.269518 0.730462 0.00001 0.00001
0.284615 0.690927 0.024449 0.00001
0.00001 0.99997 0.00001 0.00001
0.249348 0.750632 0.00001 0.00001
0.239768 0.760212 0.00001 0.00001
0.304666 0.684832 0.010492 0.00001
0.489009 0.510971 0.00001 0.00001
0.26267 0.73731 0.00001 0.00001
0.173594 0.826386 0.00001 0.00001
0.282163 0.717817 0.00001 0.00001
0.261056 0.734948 0.00001 0.003986
0.225313 0.774667 0.00001 0.00001
0.31327 0.68671 0.00001 0.00001
0.291884 0.702242 0.005865 0.00001
0.206264 0.793716 0.00001 0.00001
0.260111 0.739869 0.00001 0.00001
0.33727 0.66271 0.00001 0.00001
0.301634 0.694321 0.004036 0.00001
0.243934 0.756046 0.00001 0.00001
0.362074 0.637906 0.00001 0.00001
0.293923 0.698025 0.008042 0.00001
0.249506 0.750474 0.00001 0.00001
0.340986 0.581802 0.077202 0.00001
0.216273 0.783707 0.00001 0.00001
0.00001 0.99997 0.00001 0.00001
0.387259 0.612721 0.00001 0.00001
0.201886 0.798094 0.00001 0.00001
0.281833 0.714854 0.003303 0.00001
0.166242 0.833738 0.00001 0.00001
0.166794 0.833186 0.00001 0.00001
0.288663 0.708774 0.002553 0.00001
0.388988 0.610992 0.00001 0.00001
0.225658 0.774322 0.00001 0.00001
0.22048 0.766894 0.012616 0.00001
0.423592 0.574973 0.00001 0.001425
0.00001 0.99997 0.00001 0.00001
0.390031 0.609949 0.00001 0.00001
0.00001 0.99997 0.00001 0.00001
0.173008 0.82647 0.00001 0.000512
0.153265 0.846715 0.00001 0.00001
0.350534 0.649446 0.00001 0.00001
0.00001 0.99997 0.00001 0.00001
0.288431 0.711549 0.00001 0.00001
0.322459 0.677521 0.00001 0.00001
0.161622 0.838358 0.00001 0.00001
0.283404 0.716576 0.00001 0.00001
0.199412 0.798391 0.002187 0.00001
0.1035 0.89648 0.00001 0.00001
0.186856 0.813124 0.00001 0.00001
0.316357 0.683623 0.00001 0.00001
0.299988 0.699294 0.000708 0.00001
0.00001 0.99997 0.00001 0.00001
0.00001 0.99997 0.00001 0.00001
0.195352 0.804628 0.00001 0.00001
0.329008 0.670972 0.00001 0.00001
0.249059 0.750921 0.00001 0.00001
0.269516 0.730464 0.00001 0.00001
0.100375 0.899605 0.00001 0.00001
0.240895 0.759085 0.00001 0.00001
0.23715 0.76283 0.00001 0.00001
0.394196 0.605784 0.00001 0.00001
0.354845 0.641372 0.003773 0.00001
0.339599 0.660381 0.00001 0.00001
0.142043 0.857937 0.00001 0.00001
0.215658 0.784322 0.00001 0.00001
0.220348 0.779632 0.00001 0.00001
0.273054 0.726926 0.00001 0.00001
0.02424 0.971877 0.00001 0.003873
0.00001 0.99997 0.00001 0.00001
0.133903 0.866077 0.00001 0.00001
0.00001 0.99997 0.00001 0.00001
0.222364 0.777616 0.00001 0.00001
0.224315 0.747426 0.028249 0.00001
0.166739 0.343389 0.391074 0.098798
0.174591 0.353889 0.3823 0.08922
0.064791 0.547204 0.249365 0.13864
0.141199 0.617575 0.161598 0.079629
0.065575 0.703197 0.185367 0.045861
0.161638 0.596541 0.19669 0.04513
0.040142 0.160328 0.525776 0.273754
0.136532 0.330065 0.448588 0.084815
0.156918 0.193113 0.479261 0.170708
0.176785 0.543565 0.178078 0.101572
0.174686 0.625755 0.190522 0.009037
0.00001 0.101579 0.573681 0.32473
0.112312 0.191186 0.640411 0.056091
0.103282 0.116979 0.493162 0.286577
0.058763 0.142471 0.669243 0.129522
0.107056 0.637706 0.176443 0.078795
0.214058 0.560601 0.170983 0.054358
0.102095 0.545572 0.237049 0.115284
0.22234 0.503929 0.273721 0.00001
0.195424 0.584153 0.220413 0.00001
0.187242 0.619027 0.193721 0.00001
0.330006 0.55749 0.112494 0.00001
0.00001 0.636416 0.203833 0.159741
0.111798 0.58917 0.261182 0.03785
0.028441 0.614347 0.357202 0.00001
0.259099 0.473244 0.060255 0.207403
0.177824 0.653137 0.118829 0.050209
0.248883 0.516687 0.202141 0.03229
0.200739 0.61432 0.18493 0.00001
0.205763 0.592703 0.106974 0.09456
0.176922 0.504469 0.249953 0.068656
0.177443 0.652111 0.097027 0.073419
0.174175 0.630049 0.131164 0.064612
0.193877 0.588341 0.05051 0.167271
0.236411 0.550937 0.143355 0.069298
0.185251 0.558309 0.216721 0.039718
0.281815 0.514473 0.203703 0.00001
0.127368 0.67392 0.148808 0.049905
0.198201 0.582658 0.21913 0.00001
0.119732 0.674691 0.144913 0.060664
0.07349 0.470286 0.456213 0.00001
0.138659 0.593923 0.197577 0.069841
0.216907 0.608645 0.108341 0.066107
0.281833 0.635414 0.00001 0.082743
0.00001 0.00001 0.869419 0.130561
0.00001 0.00457 0.814193 0.181226
0.00001 0.00001 0.906275 0.093705
0.00001 0.00001 0.99997 0.00001
0.00001 0.00001 0.890955 0.109025
0.00001 0.00001 0.863685 0.136295
0.00001 0.00001 0.905679 0.094301
0.00001 0.00001 0.86886 0.13112
0.00001 0.00001 0.827075 0.172905
0.00001 0.00001 0.755946 0.244034
0.00001 0.00001 0.99997 0.00001
0.00001 0.00001 0.945884 0.054096
0.00001 0.00001 0.885883 0.114097
0.00001 0.00001 0.920372 0.079608
0.00001 0.00001 0.99997 0.00001
0.00001 0.00001 0.959745 0.040235
0.00001 0.00001 0.874844 0.125136
0.00001 0.00001 0.892172 0.107808
0.023574 0.00001 0.786187 0.19023
0.00001 0.00001 0.821123 0.178857
0.00001 0.00001 0.919752 0.080228
0.00001 0.00001 0.912542 0.087438
0.00001 0.00001 0.794617 0.205363
0.00001 0.00001 0.75769 0.24229
0.00001 0.00001 0.874225 0.125755
0.00001 0.00001 0.871494 0.128486
0.00001 0.00001 0.843292 0.156688
0.00001 0.00001 0.773166 0.226814
0.00001 0.00001 0.888233 0.111747
0.00001 0.00001 0.817823 0.182157
0.00001 0.00001 0.912766 0.087214
0.00001 0.005187 0.875438 0.119365
0.00001 0.00001 0.890735 0.109245
0.00001 0.00001 0.812981 0.186999
0.00001 0.00001 0.941798 0.058182
0.00001 0.00001 0.809371 0.190609
0.00001 0.00001 0.976088 0.023892
0.00001 0.00001 0.984583 0.015397
0.00001 0.00001 0.941602 0.058378
0.00001 0.00001 0.897413 0.102567
0.00001 0.00001 0.769556 0.230424
0.00001 0.00001 0.807253 0.192727
0.00001 0.041069 0.958911 0.00001
0.00001 0.031408 0.968572 0.00001
0.00001 0.00001 0.701637 0.298343
0.00001 0.00001 0.918536 0.081444
0.00001 0.014567 0.764642 0.220781
0.028286 0.00001 0.943315 0.028388
0.00001 0.00001 0.77183 0.22815
0.00001 0.00001 0.740878 0.259102
0.00001 0.00001 0.868879 0.131101
0.00001 0.00001 0.86087 0.13911
0.00001 0.00001 0.957414 0.042566
0.00001 0.00001 0.922676 0.077304
0.00001 0.00001 0.905762 0.094218
0.00001 0.00001 0.873106 0.126874
0.00001 0.00001 0.921095 0.078885
0.00001 0.00001 0.834766 0.165214
0.00001 0.002972 0.866089 0.130929
0.00001 0.00001 0.757067 0.242913
0.00001 0.023416 0.942349 0.034226
0.00001 0.024483 0.975497 0.00001
0.00933 0.00001 0.911863 0.078797
0.003207 0.00001 0.996773 0.00001
0.00001 0.00001 0.99997 0.00001
0.00001 0.00001 0.99997 0.00001
0.00001 0.00001 0.766004 0.233976
0.006302 0.00001 0.875633 0.118055
0.00001 0.00001 0.858118 0.141862
0.00001 0.00001 0.829861 0.170119
0.00001 0.003623 0.82807 0.168297
0.00001 0.00001 0.974391 0.025589
0.00001 0.00001 0.924363 0.075617
0.00001 0.00001 0.878408 0.121572
0.00001 0.00001 0.980872 0.019108
0.00001 0.002351 0.921209 0.07643
0.00001 0.00001 0.928329 0.071651
0.00001 0.00001 0.880794 0.119186
0.00001 0.00001 0.85863 0.14135
0.00001 0.00001 0.956155 0.043825
0.00001 0.00001 0.99997 0.00001
0.00001 0.00001 0.974241 0.025739
0.00001 0.00001 0.863832 0.136148
0.00001 0.00001 0.787867 0.212113
0.00001 0.00001 0.846889 0.153091
0.00001 0.00001 0.851161 0.148819
0.00001 0.00001 0.865167 0.134813
0.00001 0.00001 0.824585 0.175395
0.00001 0.00001 0.839119 0.160861
0.00001 0.00001 0.941458 0.058522
0.00001 0.00001 0.824201 0.175779
0.00001 0.00001 0.818714 0.181266
0.00001 0.00001 0.698476 0.301504
0.00001 0.00001 0.685274 0.314706
0.00001 0.00001 0.701605 0.298375
0.00001 0.00001 0.748574 0.251406
0.00001 0.00001 0.867837 0.132143
0.00001 0.00001 0.802318 0.197662
0.00001 0.00001 0.674298 0.325682
0.00001 0.00001 0.696158 0.303822
0.00001 0.00001 0.681428 0.318552
0.00001 0.00001 0.99997 0.00001
0.00001 0.00001 0.99997 0.00001
0.00001 0.00001 0.846216 0.153764
0.00001 0.00001 0.800855 0.199125
0.00001 0.00001 0.99997 0.00001
0.010098 0.00001 0.869823 0.120069
0.00001 0.00001 0.283128 0.716852
0.00001 0.00001 0.533137 0.466843
0.00001 0.00001 0.531348 0.468632
0.00001 0.00001 0.29738 0.7026
0.00001 0.00001 0.334011 0.665969
0.00001 0.00001 0.57117 0.42881
0.00001 0.00001 0.500406 0.499574
0.00001 0.00001 0.363535 0.636445
0.00001 0.00001 0.232249 0.767731
0.00001 0.00001 0.699194 0.300786
0.00001 0.00001 0.579195 0.420785
0.00001 0.00001 0.358566 0.641414
0.00001 0.00001 0.347526 0.652454
0.00001 0.00001 0.681997 0.317983
0.00001 0.00001 0.433787 0.566193
0.00001 0.00001 0.451581 0.548399
0.00001 0.00001 0.363908 0.636072
0.00001 0.00001 0.360068 0.639912
0.00001 0.00001 0.354103 0.645877
0.00001 0.00001 0.523977 0.476003
0.00001 0.00001 0.687424 0.312556
0.00001 0.00001 0.306627 0.693353
0.00001 0.00001 0.289331 0.710649
0.00001 0.00001 0.291014 0.708966
0.00001 0.00001 0.609241 0.390739
0.00001 0.00001 0.416621 0.583359
0.00001 0.00001 0.520878 0.479102
0.00001 0.00001 0.480293 0.519687
0.00001 0.00001 0.00001 0.99997
0.00001 0.00001 0.030518 0.969462
0.00001 0.00001 0.00001 0.99997
0.00001 0.00001 0.00001 0.99997
0.00001 0.00001 0.00001 0.99997
0.00001 0.00001 0.00001 0.99997
0.00001 0.00001 0.027989 0.971991
0.00001 0.00001 0.057111 0.942869
0.00001 0.00001 0.00001 0.99997
0.00001 0.00001 0.00001 0.99997
0.000013 0.00001 0.00001 0.999967
0.00001 0.00001 0.00001 0.99997
0.00001 0.00001 0.00001 0.99997
0.00001 0.000014 0.00001 0.999966
0.00001 0.00001 0.00001 0.99997
0.00001 0.00001 0.00001 0.99997
0.00001 0.00001 0.06074 0.93924
0.00001 0.00001 0.051315 0.948665
0.00001 0.00001 0.00001 0.99997
0.00001 0.00001 0.00001 0.99997
0.00001 0.00001 0.00001 0.99997
0.00001 0.00001 0.00001 0.99997
0.00001 0.00001 0.107717 0.892263
0.00001 0.00001 0.00001 0.99997
0.00001 0.00001 0.00001 0.99997
0.00001 0.00001 0.195458 0.804522
0.00001 0.00001 0.280906 0.719074
0.00001 0.00001 0.148979 0.851001
0.00001 0.00001 0.055713 0.944267
0.00001 0.00001 0.231697 0.768283
0.00001 0.00001 0.269492 0.730488
0.00001 0.00001 0.14331 0.85667
0.00001 0.00001 0.255363 0.744617
0.00001 0.00001 0.047953 0.952027
0.00001 0.00001 0.182058 0.817922
0.00001 0.00001 0.185395 0.814585
0.00001 0.00001 0.164114 0.835866
0.00001 0.00001 0.080097 0.919883
0.00001 0.00001 0.170066 0.829914
0.00001 0.00001 0.204433 0.795547
0.00001 0.00001 0.221213 0.778767
0.00001 0.00001 0.1673 0.83268
0.00001 0.00001 0.199103 0.800877
0.00001 0.00001 0.141068 0.858912
0.00001 0.00001 0.25758 0.7424
0.00001 0.00001 0.174378 0.825602
0.00001 0.00001 0.157283 0.842697
0.00001 0.00001 0.194847 0.805133
0.00001 0.00001 0.055934 0.944046
0.00001 0.00001 0.181704 0.818276
0.00001 0.00001 0.200851 0.799129
0.00001 0.00001 0.223923 0.776057
0.00001 0.00001 0.137554 0.862426
0.00001 0.00001 0.097942 0.902038
0.00001 0.00001 0.067491 0.932489
0.00001 0.00001 0.189315 0.810665
0.00001 0.00001 0.173639 0.826341
0.00001 0.00001 0.153445 0.846535
0.00001 0.00001 0.031935 0.968045
0.00001 0.00001 0.168147 0.831833
0.00001 0.00001 0.00001 0.99997
0.00001 0.00001 0.110353 0.889627
0.00001 0.00001 0.00001 0.99997
0.00001 0.00001 0.008323 0.991657
0.00001 0.00001 0.105093 0.894887
0.00001 0.00001 0.049185 0.950795
0.00001 0.00001 0.161743 0.838237
0.00001 0.00001 0.194289 0.805691
0.00001 0.00001 0.038337 0.961643
0.00001 0.00001 0.095027 0.904953
0.00001 0.00001 0.132902 0.867078
0.00001 0.00001 0.036171 0.963809
0.00001 0.00001 0.131456 0.868524
0.00001 0.00001 0.170927 0.829053
0.00001 0.00001 0.12632 0.87366
0.00001 0.00001 0.10253 0.89745
0.00001 0.00001 0.132317 0.867663
0.00001 0.00001 0.057689 0.942291
0.00001 0.00001 0.133093 0.866887
0.00001 0.00001 0.221646 0.778334
0.00001 0.00001 0.00001 0.99997
0.00001 0.00001 0.239037 0.760943
0.00001 0.00001 0.075177 0.924803
0.00001 0.00001 0.134145 0.865835
0.00001 0.00001 0.172002 0.827978
0.00001 0.00001 0.131144 0.868836
0.00001 0.00001 0.17317 0.82681
0.00001 0.00001 0.206487 0.793493
0.00001 0.00001 0.195524 0.804456
