0.00001 0.00001 0.00001 0.99996 0.00001
0.00001 0.00001 0.00001 0.99996 0.00001
0.00001 0.00001 0.00001 0.99996 0.00001
0.00001 0.00001 0.00001 0.99996 0.00001
0.00001 0.00001 0.00001 0.99996 0.00001
0.00001 0.00001 0.00001 0.99996 0.00001
0.00001 0.00001 0.310709 0.689261 0.00001
0.00001 0.00001 0.00001 0.99996 0.00001
0.00001 0.00001 0.00001 0.99996 0.00001
0.00001 0.00001 0.00001 0.99996 0.00001
0.00001 0.00001 0.00001 0.99996 0.00001
0.00001 0.00001 0.00001 0.99996 0.00001
0.00001 0.00001 0.00001 0.99996 0.00001
0.00001 0.00001 0.459463 0.512405 0.028112
0.00001 0.00001 0.00001 0.99996 0.00001
0.00001 0.00001 0.00001 0.99996 0.00001
0.00001 0.000017 0.00001 0.999953 0.00001
0.00001 0.00001 0.00001 0.99996 0.00001
0.00001 0.00001 0.00001 0.99996 0.00001
0.00001 0.00001 0.432451 0.567519 0.00001
0.00001 0.00001 0.00001 0.99996 0.00001
0.00001 0.00001 0.478897 0.521073 0.00001
0.00001 0.00001 0.99996 0.00001 0.00001
0.00001 0.023876 0.976094 0.00001 0.00001
0.00001 0.00001 0.703679 0.296291 0.00001
0.00001 0.00001 0.785036 0.214934 0.00001
0.00001 0.026573 0.744591 0.228816 0.00001
0.00001 0.00001 0.742246 0.257724 0.00001
0.00001 0.000064 0.734716 0.2652 0.00001
0.00001 0.00001 0.614902 0.385068 0.00001
0.00001 0.00001 0.703888 0.296082 0.00001
0.001819 0.00001 0.700682 0.297478 0.00001
0.00001 0.022997 0.62892 0.348063 0.00001
0.00001 0.00001 0.763447 0.236523 0.00001
0.00001 0.00001 0.895902 0.104068 0.00001
0.00001 0.00001 0.99996 0.00001 0.00001
0.00001 0.00001 0.791481 0.208489 0.00001
0.00001 0.00001 0.728895 0.271075 0.00001
0.00001 0.00001 0.65202 0.34795 0.00001
0.00001 0.00001 0.873999 0.124524 0.001457
0.00001 0.00001 0.859866 0.140104 0.00001
0.00001 0.00001 0.99996 0.00001 0.00001
0.00001 0.00001 0.77097 0.211264 0.017746
0.00001 0.049377 0.692529 0.258073 0.00001
0.00001 0.00001 0.667727 0.332243 0.00001
0.00001 0.00001 0.774824 0.225146 0.00001
0.00001 0.00001 0.878869 0.121101 0.00001
0.00001 0.00001 0.695962 0.304008 0.00001
0.00001 0.00001 0.7946 0.20537 0.00001
0.00001 0.015575 0.619599 0.364806 0.00001
0.00001 0.00001 0.661741 0.338229 0.00001
0.00001 0.006012 0.744634 0.249333 0.00001
0.00001 0.00001 0.99996 0.00001 0.00001
0.00001 0.00001 0.857927 0.142043 0.00001
0.00001 0.009137 0.990833 0.00001 0.00001
0.00001 0.00001 0.802886 0.197084 0.00001
0.00001 0.017195 0.596025 0.38676 0.00001
0.00001 0.00001 0.896008 0.103962 0.00001
0.00001 0.00001 0.730572 0.269398 0.00001
0.00001 0.00001 0.692304 0.283674 0.024002
0.00001 0.00001 0.99996 0.00001 0.00001
0.00001 0.00001 0.74937 0.2506 0.00001
0.00001 0.00001 0.760078 0.239892 0.00001
0.00001 0.00001 0.68328 0.304387 0.012313
0.00001 0.00001 0.511333 0.488637 0.00001
0.00001 0.00001 0.73795 0.26202 0.00001
0.00001 0.00001 0.825781 0.174189 0.00001
0.00001 0.00001 0.718199 0.281771 0.00001
0.00001 0.00001 0.735241 0.26032 0.004419
0.00001 0.00001 0.775181 0.224789 0.00001
0.00001 0.00001 0.687477 0.312493 0.00001
0.00001 0.00001 0.701396 0.291958 0.006626
0.00001 0.00001 0.794204 0.205766 0.00001
0.00001 0.00001 0.73992 0.26005 0.00001
0.00001 0.000011 0.663162 0.336807 0.00001
0.00001 0.004406 0.693759 0.301814 0.00001
0.00001 0.00001 0.756541 0.243429 0.00001
0.00001 0.00001 0.638168 0.361802 0.00001
0.00001 0.008522 0.697449 0.294009 0.00001
0.00001 0.00001 0.750824 0.249146 0.00001
0.00001 0.01847 0.582026 0.342614 0.05688
0.00001 0.00001 0.784022 0.215948 0.00001
0.00001 0.00001 0.99996 0.00001 0.00001
0.00001 0.00001 0.612942 0.387028 0.00001
0.00001 0.00001 0.799045 0.200925 0.00001
0.00001 0.00001 0.713864 0.281255 0.004861
0.00001 0.00001 0.835261 0.164709 0.00001
0.00001 0.00001 0.833223 0.166747 0.00001
0.003504 0.00001 0.708025 0.288451 0.00001
0.00001 0.00001 0.612127 0.387843 0.00001
0.00001 0.00001 0.774037 0.225933 0.00001
0.00001 0.012913 0.76756 0.219507 0.00001
0.00001 0.00001 0.577365 0.420372 0.002243
0.00001 0.00001 0.99996 0.00001 0.00001
0.00001 0.00001 0.610382 0.389588 0.00001
0.00001 0.00001 0.99996 0.00001 0.00001
0.000809 0.00001 0.826317 0.172854 0.00001
0.00001 0.00001 0.845986 0.153984 0.00001
0.00001 0.00001 0.649204 0.350766 0.00001
0.00001 0.00001 0.99996 0.00001 0.00001
0.00001 0.00001 0.712011 0.287959 0.00001
0.00001 0.00001 0.67834 0.32163 0.00001
0.00001 0.00001 0.83883 0.16114 0.00001
0.00001 0.00001 0.715968 0.282966 0.001046
0.00001 0.002987 0.79772 0.199273 0.00001
0.00001 0.00001 0.897031 0.102939 0.00001
0.00001 0.00001 0.812108 0.186208 0.001663
0.00001 0.00001 0.684726 0.315244 0.00001
0.00001 0.000754 0.700424 0.298803 0.00001
0.00001 0.00001 0.99996 0.00001 0.00001
0.00001 0.00001 0.99996 0.00001 0.00001
0.00001 0.00001 0.805028 0.194942 0.00001
0.00001 0.00001 0.670789 0.329181 0.00001
0.00001 0.00001 0.75093 0.24904 0.00001
0.00001 0.00001 0.731645 0.268325 0.00001
0.00001 0.00001 0.900821 0.099149 0.00001
0.00001 0.00001 0.759435 0.240535 0.00001
0.00001 0.00001 0.763812 0.236158 0.00001
0.00001 0.00001 0.606056 0.393914 0.00001
0.00001 0.004413 0.641954 0.353612 0.00001
0.00001 0.00001 0.661362 0.338608 0.00001
0.00001 0.00001 0.85771 0.14226 0.00001
0.00001 0.00001 0.7846 0.21537 0.00001
0.00001 0.00001 0.780306 0.219664 0.00001
0.000013 0.00001 0.727324 0.272643 0.00001
0.006233 0.00001 0.968347 0.0254 0.00001
0.00001 0.00001 0.99996 0.00001 0.00001
0.00001 0.00001 0.866305 0.133665 0.00001
0.00001 0.000476 0.999494 0.00001 0.00001
0.00001 0.00001 0.778325 0.221645 0.00001
0.00001 0.00001 0.74781 0.22349 0.02868
0.073491 0.338932 0.344024 0.165278 0.078275
0.056901 0.340147 0.352691 0.175097 0.075163
0.213022 0.1744 0.552044 0.060524 0.00001
0.014063 0.154157 0.616741 0.1412 0.073839
0.00001 0.165869 0.704613 0.06328 0.066228
0.099875 0.1364 0.596955 0.162008 0.004762
0.14794 0.470028 0.161453 0.037811 0.182768
0.205186 0.327563 0.331378 0.135862 0.00001
0.310613 0.33814 0.192584 0.158653 0.00001
0.20488 0.073959 0.545122 0.176029 0.00001
0.00001 0.16444 0.626219 0.173984 0.035346
0.118217 0.512249 0.099732 0.00001 0.269792
0.158261 0.53108 0.191467 0.111991 0.007201
0.283388 0.390257 0.117244 0.103094 0.106018
0.09928 0.583506 0.139384 0.060922 0.116907
0.08102 0.13525 0.638853 0.105974 0.038903
0.00001 0.158796 0.561739 0.211598 0.067857
0.135885 0.194787 0.54669 0.100608 0.02203
0.005788 0.268496 0.502054 0.223651 0.00001
0.028274 0.192458 0.583313 0.195944 0.00001
0.00001 0.163719 0.618553 0.186865 0.030854
0.00001 0.11277 0.556147 0.331063 0.00001
0.169828 0.155482 0.636334 0.00001 0.038345
0.042048 0.215972 0.590788 0.10979 0.041402
0.04213 0.315394 0.613124 0.029342 0.00001
0.14579 0.023418 0.474684 0.257833 0.098275
0.00001 0.092083 0.652318 0.177551 0.078037
0.082066 0.151964 0.51813 0.24783 0.00001
0.027456 0.157678 0.615401 0.199456 0.00001
0.100789 0.089874 0.591105 0.207183 0.011049
0.076594 0.20315 0.50525 0.176043 0.038963
0.030988 0.081028 0.652119 0.176778 0.059086
0.159539 0.035037 0.632671 0.172743 0.00001
0.042419 0.062619 0.585785 0.194998 0.114179
0.00001 0.141406 0.549807 0.236822 0.071954
0.083096 0.172989 0.557235 0.18667 0.00001
0.00001 0.181734 0.513666 0.281862 0.022728
0.10151 0.096804 0.676289 0.125386 0.00001
0.00001 0.205085 0.583669 0.196628 0.014607
0.10845 0.096472 0.67474 0.120327 0.00001
0.00001 0.433561 0.466453 0.076173 0.023803
0.00001 0.178569 0.597037 0.134654 0.08973
0.00001 0.106443 0.606207 0.219334 0.068007
0.00001 0.00001 0.631946 0.282658 0.085376
0.134366 0.751306 0.00001 0.00001 0.114308
0.18875 0.697182 0.002595 0.00001 0.111463
0.00001 0.810555 0.00001 0.00001 0.189415
0.00001 0.875569 0.00001 0.00001 0.124401
0.00001 0.809201 0.00001 0.00001 0.190769
0.012465 0.783716 0.00001 0.00001 0.203799
0.126081 0.770719 0.00001 0.00001 0.103181
0.20331 0.716658 0.00001 0.00001 0.080011
0.00001 0.738643 0.00001 0.00001 0.261327
0.414154 0.585816 0.00001 0.00001 0.00001
0.037061 0.962909 0.00001 0.00001 0.00001
0.00001 0.826498 0.00001 0.00001 0.173472
0.14716 0.755422 0.00001 0.00001 0.097398
0.258258 0.741712 0.00001 0.00001 0.00001
0.163934 0.836036 0.00001 0.00001 0.00001
0.00001 0.827847 0.00001 0.00001 0.172123
0.109291 0.755906 0.00001 0.00001 0.134784
0.206782 0.744135 0.00001 0.00001 0.049064
0.324934 0.630546 0.00001 0.023469 0.02104
0.157524 0.705245 0.00001 0.00001 0.137211
0.111135 0.785588 0.00001 0.00001 0.103257
0.259655 0.740315 0.00001 0.00001 0.00001
0.16846 0.676292 0.00001 0.00001 0.155228
0.320588 0.618796 0.00001 0.00001 0.060596
0.084003 0.772462 0.00001 0.00001 0.143515
0.035739 0.78698 0.00001 0.00001 0.177261
0.079968 0.745497 0.00001 0.00001 0.174515
0.201045 0.660589 0.00001 0.00001 0.138346
0.00001 0.799551 0.00001 0.00001 0.200419
0.345068 0.654902 0.00001 0.00001 0.00001
0.00001 0.83033 0.00001 0.00001 0.16964
0.314093 0.678018 0.00787 0.00001 0.00001
0.289987 0.709983 0.00001 0.00001 0.00001
0.109553 0.70933 0.00001 0.00001 0.181096
0.00001 0.837021 0.00001 0.00001 0.162949
0.237059 0.687589 0.00001 0.00001 0.075332
0.180399 0.813917 0.00001 0.00001 0.005663
0.19639 0.80358 0.00001 0.00001 0.00001
0.084721 0.81639 0.00001 0.00001 0.09887
0.009868 0.816835 0.00001 0.00001 0.173277
0.396921 0.603049 0.00001 0.00001 0.00001
0.376403 0.623567 0.00001 0.00001 0.00001
0.00001 0.859459 0.038118 0.00001 0.102404
0.00001 0.854977 0.026473 0.00001 0.118529
0.005966 0.670811 0.00001 0.00001 0.323203
0.153397 0.766994 0.00001 0.00001 0.079588
0.068865 0.70237 0.006581 0.00001 0.222174
0.096489 0.807393 0.00001 0.026908 0.0692
0.295458 0.631356 0.00001 0.00001 0.073167
0.278323 0.612709 0.00001 0.00001 0.108949
0.102593 0.754439 0.00001 0.00001 0.142948
0.036413 0.778834 0.00001 0.00001 0.184733
0.211573 0.788397 0.00001 0.00001 0.00001
0.238948 0.761022 0.00001 0.00001 0.00001
0.310049 0.689921 0.00001 0.00001 0.00001
0.294637 0.705333 0.00001 0.00001 0.00001
0.2052 0.760343 0.00001 0.00001 0.034437
0.31558 0.68439 0.00001 0.00001 0.00001
0.316659 0.679116 0.004205 0.00001 0.00001
0.196231 0.649088 0.00001 0.00001 0.154661
0.191827 0.785386 0.022767 0.00001 0.00001
0.153104 0.8233 0.023577 0.00001 0.00001
0.135033 0.776449 0.00001 0.007314 0.081194
0.053647 0.882167 0.00001 0.00001 0.064166
0.00001 0.89689 0.00001 0.00001 0.10308
0.00001 0.985403 0.00001 0.00001 0.014567
0.240216 0.645391 0.00001 0.00001 0.114372
0.277555 0.717195 0.00001 0.00523 0.00001
0.108154 0.755786 0.00001 0.00001 0.13604
0.034703 0.74621 0.00001 0.00001 0.219067
0.00001 0.748321 0.00001 0.00001 0.251649
0.00001 0.863153 0.00001 0.00001 0.136817
0.1728 0.772397 0.00001 0.00001 0.054783
0.124493 0.758863 0.00001 0.00001 0.116624
0.146015 0.811998 0.00001 0.00001 0.041967
0.174813 0.76422 0.002197 0.00001 0.058761
0.175758 0.776279 0.00001 0.00001 0.047943
0.00001 0.795244 0.00001 0.00001 0.204726
0.281827 0.711374 0.00001 0.00001 0.006779
0.00001 0.86041 0.00001 0.00001 0.13956
0.099852 0.862721 0.00001 0.00001 0.037407
0.134963 0.817524 0.00001 0.00001 0.047493
0.112836 0.743602 0.00001 0.00001 0.143541
0.269064 0.650773 0.00001 0.00001 0.080143
0.243495 0.705569 0.00001 0.00001 0.050916
0.021299 0.778366 0.00001 0.00001 0.200315
0.045822 0.781441 0.00001 0.00001 0.172718
0.166917 0.694173 0.00001 0.00001 0.13889
0.313395 0.680823 0.00001 0.00001 0.005762
0.00001 0.826918 0.00001 0.00001 0.173052
0.07306 0.743143 0.00001 0.00001 0.183777
0.213652 0.690625 0.00001 0.00001 0.095703
0.307374 0.566493 0.00001 0.00001 0.126113
0.371087 0.543917 0.00001 0.00001 0.084976
0.148261 0.627032 0.00001 0.00001 0.224687
0.20926 0.627512 0.00001 0.00001 0.163208
0.25077 0.722855 0.00001 0.00001 0.026355
0.265755 0.666944 0.00001 0.00001 0.067281
0.251338 0.56336 0.00001 0.00001 0.185282
0.387293 0.542874 0.00001 0.00001 0.069813
0.093223 0.625355 0.00001 0.00001 0.281402
0.00001 0.902526 0.00001 0.00001 0.097444
0.00001 0.880045 0.00001 0.00001 0.119925
0.014055 0.785637 0.000012 0.00001 0.200286
0.241238 0.670064 0.000014 0.00001 0.088674
0.00001 0.852563 0.00001 0.00001 0.147407
0.121776 0.756667 0.00001 0.007074 0.114473
0.613692 0.171272 0.00001 0.00001 0.215016
0.519509 0.381175 0.00001 0.00001 0.099296
0.348386 0.422269 0.00001 0.00001 0.229325
0.909032 0.090938 0.00001 0.00001 0.00001
0.356307 0.266153 0.00001 0.00001 0.377519
0.54987 0.407583 0.00001 0.00001 0.042527
0.651886 0.321693 0.00001 0.00001 0.026401
0.336818 0.301302 0.00001 0.00001 0.36186
0.99996 0.00001 0.00001 0.00001 0.00001
0.352968 0.544006 0.00001 0.00001 0.103006
0.599004 0.400966 0.00001 0.00001 0.00001
0.707819 0.199651 0.00001 0.00001 0.09251
0.682957 0.188004 0.00001 0.00001 0.129019
0.322809 0.547478 0.00001 0.00001 0.129693
0.392299 0.335249 0.00001 0.00001 0.272432
0.564363 0.310933 0.00001 0.00001 0.124685
0.500758 0.263336 0.00001 0.00001 0.235886
0.583328 0.230208 0.00001 0.00001 0.186444
0.532643 0.241506 0.00001 0.00001 0.225832
0.435276 0.400716 0.00001 0.00001 0.163988
0.391288 0.542033 0.00001 0.00001 0.066659
0.519165 0.199132 0.00001 0.00001 0.281684
0.766064 0.123713 0.00001 0.00001 0.110203
0.933734 0.066236 0.00001 0.00001 0.00001
0.587759 0.412211 0.00001 0.00001 0.00001
0.570346 0.293244 0.00001 0.00001 0.13639
0.502965 0.375084 0.00001 0.00001 0.121931
0.476931 0.353831 0.000011 0.00001 0.169217
0.526336 0.00001 0.00001 0.00001 0.473634
0.600161 0.00001 0.00001 0.00001 0.399809
0.00001 0.00001 0.00001 0.00001 0.99996
0.00001 0.00001 0.00001 0.00001 0.99996
0.453223 0.00001 0.00001 0.00001 0.546747
0.00001 0.00001 0.00001 0.00001 0.99996
0.679622 0.00001 0.00001 0.00001 0.320348
0.73843 0.00001 0.00001 0.00001 0.26154
0.630576 0.00001 0.00001 0.00001 0.369394
0.00001 0.00001 0.00001 0.00001 0.99996
0.497111 0.00001 0.00001 0.00001 0.502859
0.524648 0.00001 0.00001 0.00001 0.475322
0.538298 0.00001 0.00001 0.00001 0.461672
0.00001 0.00001 0.00001 0.00001 0.99996
0.00001 0.00001 0.00001 0.00001 0.99996
0.625314 0.00001 0.00001 0.00001 0.374656
0.449157 0.055525 0.00001 0.00001 0.495298
0.52794 0.0372 0.00001 0.00001 0.43484
0.557937 0.00001 0.00001 0.00001 0.442033
0.475837 0.00001 0.00001 0.00001 0.524133
0.00001 0.00001 0.00001 0.00001 0.99996
0.000015 0.00001 0.00001 0.00001 0.999955
0.6972 0.001007 0.00001 0.00001 0.301773
0.00001 0.00001 0.00001 0.00001 0.99996
0.438404 0.00001 0.00001 0.00001 0.561566
0.8299 0.036076 0.000015 0.00001 0.133999
0.690309 0.138867 0.000014 0.00001 0.1708
0.948569 0.00001 0.00001 0.00001 0.051401
0.796853 0.00001 0.00001 0.00001 0.203117
0.418252 0.183842 0.00001 0.00001 0.397886
0.679057 0.143332 0.00001 0.00001 0.177591
0.672322 0.032345 0.00001 0.00001 0.295313
0.706954 0.126784 0.00001 0.00001 0.166242
0.647249 0.00001 0.00001 0.00001 0.352721
0.451386 0.140458 0.00001 0.00001 0.408136
0.815784 0.009787 0.00001 0.00001 0.174409
0.666696 0.076218 0.00001 0.00001 0.257066
0.65711 0.00001 0.00001 0.00001 0.34286
0.728992 0.057555 0.00001 0.00001 0.213434
0.705319 0.06244 0.00001 0.00001 0.232221
0.682149 0.08417 0.00001 0.00001 0.233661
0.99996 0.00001 0.00001 0.00001 0.00001
0.99996 0.00001 0.00001 0.00001 0.00001
0.832475 0.00001 0.00001 0.00001 0.167495
0.979714 0.020256 0.00001 0.00001 0.00001
0.570952 0.107997 0.00001 0.00001 0.321032
0.928156 0.00001 0.00001 0.00001 0.071814
0.99996 0.00001 0.00001 0.00001 0.00001
0.774505 0.00001 0.00001 0.00001 0.225465
0.679858 0.064025 0.00001 0.00001 0.256097
0.682379 0.085182 0.00001 0.00001 0.23242
0.99996 0.00001 0.00001 0.00001 0.00001
0.63525 0.040458 0.00001 0.00001 0.324272
0.99996 0.00001 0.00001 0.00001 0.00001
0.766403 0.00001 0.00001 0.00001 0.233567
0.656204 0.082275 0.00001 0.00001 0.261501
0.99996 0.00001 0.00001 0.00001 0.00001
0.999958 0.00001 0.000012 0.00001 0.00001
0.809118 0.00001 0.00001 0.00001 0.190852
0.99996 0.00001 0.00001 0.00001 0.00001
0.00001 0.00001 0.00001 0.00001 0.99996
0.626053 0.030905 0.00001 0.00001 0.343022
0.00001 0.00001 0.00001 0.00001 0.99996
0.769449 0.00001 0.00001 0.00001 0.230521
0.768814 0.00001 0.00001 0.00001 0.231156
0.613666 0.00001 0.00001 0.00001 0.386304
0.99996 0.00001 0.00001 0.00001 0.00001
0.99996 0.00001 0.00001 0.00001 0.00001
0.776875 0.00001 0.00001 0.00001 0.223095
0.73436 0.00001 0.00001 0.00001 0.26561
0.99996 0.00001 0.00001 0.00001 0.00001
0.829124 0.00001 0.00001 0.00001 0.170846
0.99996 0.00001 0.00001 0.00001 0.00001
0.99996 0.00001 0.00001 0.00001 0.00001
0.74345 0.014981 0.00001 0.00001 0.241549
0.722076 0.001415 0.00001 0.00001 0.276489
0.68089 0.033238 0.00001 0.00001 0.285852
0.775842 0.00001 0.00001 0.00001 0.224128
0.809622 0.00001 0.00001 0.00001 0.190348
0.678428 0.103694 0.00001 0.00001 0.217858
0.707021 0.00001 0.00001 0.00001 0.292949
0.759439 0.091597 0.00001 0.00001 0.148944
0.792154 0.00001 0.00001 0.00001 0.207816
0.624667 0.050726 0.00001 0.00001 0.324587
0.7419 0.038942 0.00001 0.00001 0.219138
0.664114 0.030827 0.00001 0.00001 0.305039
0.805214 0.028375 0.00001 0.00001 0.166391
0.559329 0.122307 0.00001 0.00001 0.318345
0.817227 0.027018 0.00001 0.00001 0.155736
