0.00001 0.00001 0.00001 0.00001 0.99996
0.00001 0.00001 0.00001 0.00001 0.99996
0.00001 0.00001 0.00001 0.00001 0.99996
0.00001 0.00001 0.00001 0.00001 0.99996
0.00001 0.00001 0.00001 0.00001 0.99996
0.00001 0.00001 0.00001 0.00001 0.99996
0.00001 0.309955 0.00001 0.00001 0.690015
0.000011 0.00001 0.00001 0.00001 0.999959
0.00001 0.00001 0.00001 0.00001 0.99996
0.00001 0.00001 0.00001 0.00001 0.99996
0.00001 0.00001 0.00001 0.00001 0.99996
0.00001 0.00001 0.00001 0.00001 0.99996
0.00001 0.00001 0.00001 0.00001 0.99996
0.00001 0.461211 0.00001 0.027559 0.511209
0.00001 0.00001 0.00001 0.00001 0.99996
0.00001 0.00001 0.00001 0.00001 0.99996
0.00001 0.00001 0.00001 0.00001 0.99996
0.00001 0.00001 0.00001 0.00001 0.99996
0.00001 0.00001 0.00001 0.00001 0.99996
0.00001 0.432389 0.00001 0.00001 0.567581
0.00001 0.00001 0.00001 0.00001 0.99996
0.00001 0.479366 0.00001 0.00001 0.520604
0.00001 0.99996 0.00001 0.00001 0.00001
0.00001 0.976393 0.023577 0.00001 0.00001
0.00001 0.702623 0.00001 0.00001 0.297347
0.00001 0.784468 0.00001 0.00001 0.215502
0.00001 0.743959 0.026607 0.00001 0.229414
0.00001 0.742185 0.00001 0.00001 0.257785
0.00001 0.734322 0.000405 0.00001 0.265254
0.00001 0.611845 0.00001 0.00001 0.388125
0.00001 0.703149 0.00001 0.00001 0.296821
0.003424 0.697888 0.00001 0.00001 0.298668
0.00001 0.624853 0.023046 0.00001 0.35208
0.00001 0.763262 0.00001 0.00001 0.236708
0.00001 0.897315 0.00001 0.00001 0.102655
0.00001 0.99996 0.00001 0.00001 0.00001
0.00001 0.792828 0.00001 0.00001 0.207142
0.00001 0.728956 0.00001 0.00001 0.271014
0.00001 0.651035 0.00001 0.00001 0.348935
0.00001 0.875714 0.00001 0.00001 0.124256
0.00001 0.860022 0.00001 0.00001 0.139948
0.00001 0.99996 0.00001 0.00001 0.00001
0.00001 0.769056 0.00001 0.018484 0.212441
0.00001 0.692553 0.049708 0.00001 0.257719
0.000186 0.667006 0.00001 0.00001 0.332788
0.00001 0.77472 0.000018 0.00001 0.225242
0.00001 0.878773 0.00001 0.00001 0.121197
0.00001 0.696951 0.00001 0.00001 0.303019
0.000012 0.79429 0.00001 0.00001 0.205678
0.00001 0.61872 0.003946 0.011016 0.366308
0.00001 0.656999 0.00001 0.00001 0.342971
0.00001 0.744275 0.005682 0.00001 0.250024
0.00001 0.99996 0.00001 0.00001 0.00001
0.00001 0.858325 0.00001 0.00001 0.141645
0.00001 0.990635 0.009335 0.00001 0.00001
0.00001 0.802421 0.00001 0.00001 0.197549
0.00001 0.59595 0.017045 0.00001 0.386985
0.00001 0.897252 0.00001 0.00001 0.102718
0.00001 0.729913 0.00001 0.00001 0.270057
0.00001 0.68972 0.00001 0.025506 0.284755
0.00001 0.99996 0.00001 0.00001 0.00001
0.00001 0.750296 0.00001 0.00001 0.249674
0.00001 0.760812 0.00001 0.00001 0.239158
0.00001 0.683543 0.00001 0.01232 0.304117
0.00001 0.510776 0.00001 0.00001 0.489194
0.00001 0.737002 0.00001 0.00001 0.262968
0.00001 0.826061 0.00001 0.00001 0.173909
0.00001 0.719074 0.00001 0.00001 0.280896
0.004247 0.734997 0.00001 0.00001 0.260736
0.00001 0.774981 0.00001 0.00001 0.224989
0.00001 0.687127 0.00001 0.00001 0.312843
0.00001 0.702429 0.006363 0.00001 0.291187
0.00001 0.794038 0.00001 0.00001 0.205932
0.00001 0.740294 0.00001 0.00001 0.259676
0.00001 0.662506 0.00001 0.00001 0.337464
0.00001 0.690677 0.00001 0.007441 0.301862
0.00001 0.757411 0.00001 0.00001 0.242559
0.00001 0.637426 0.00001 0.00001 0.362544
0.00001 0.697736 0.008605 0.00001 0.293639
0.00001 0.750289 0.00001 0.00001 0.249681
0.00001 0.581456 0.039827 0.036306 0.342401
0.00001 0.784468 0.00001 0.00001 0.215502
0.00001 0.99996 0.00001 0.00001 0.00001
0.00001 0.613014 0.00001 0.00001 0.386956
0.00001 0.798186 0.00001 0.00001 0.201784
0.00001 0.714528 0.004217 0.00001 0.281235
0.00001 0.834243 0.00001 0.00001 0.165727
0.00001 0.83316 0.00001 0.00001 0.16681
0.00316 0.708586 0.00001 0.00001 0.288234
0.00001 0.611186 0.00001 0.00001 0.388784
0.00001 0.774183 0.00001 0.00001 0.225787
0.00001 0.767267 0.012614 0.000106 0.220004
0.002574 0.576001 0.00001 0.00001 0.421405
0.00001 0.99996 0.00001 0.00001 0.00001
0.00001 0.609494 0.00001 0.00001 0.390476
0.00001 0.99996 0.00001 0.00001 0.00001
0.00001 0.822207 0.00001 0.005424 0.172348
0.00001 0.846834 0.00001 0.00001 0.153136
0.00001 0.647805 0.00001 0.00001 0.352165
0.00001 0.99996 0.00001 0.00001 0.00001
0.00001 0.711682 0.00001 0.00001 0.288288
0.00001 0.677639 0.00001 0.00001 0.322331
0.00001 0.83872 0.00001 0.00001 0.16125
0.000017 0.716985 0.00001 0.00001 0.282978
0.00001 0.797848 0.003251 0.00001 0.19888
0.00001 0.897122 0.00001 0.00001 0.102848
0.00001 0.809076 0.00001 0.004381 0.186522
0.00001 0.684143 0.00001 0.00001 0.315827
0.00001 0.699527 0.001181 0.00001 0.299271
0.00001 0.99996 0.00001 0.00001 0.00001
0.00001 0.99996 0.00001 0.00001 0.00001
0.00001 0.805621 0.00001 0.00001 0.194349
0.00001 0.671041 0.00001 0.00001 0.328929
0.000015 0.751145 0.00001 0.00001 0.248819
0.00001 0.729944 0.00001 0.00001 0.270026
0.00001 0.901264 0.00001 0.00001 0.098706
0.00001 0.75976 0.00001 0.00001 0.24021
0.00001 0.762403 0.000011 0.00001 0.237566
0.00001 0.605515 0.00001 0.00001 0.394455
0.00001 0.641899 0.004349 0.00001 0.353732
0.00001 0.660629 0.00001 0.00001 0.339341
0.00001 0.858741 0.00001 0.00001 0.141229
0.00001 0.78424 0.00001 0.00001 0.21573
0.00001 0.780196 0.00001 0.00001 0.219774
0.00001 0.728068 0.00001 0.00001 0.271902
0.006027 0.96925 0.00001 0.00001 0.024703
0.00001 0.99996 0.00001 0.00001 0.00001
0.00001 0.866377 0.00001 0.00001 0.133593
0.00001 0.999566 0.000404 0.00001 0.00001
0.00001 0.77777 0.00001 0.00001 0.2222
0.00001 0.746005 0.00001 0.029316 0.224658
0.037032 0.341294 0.33898 0.113855 0.168839
0.00001 0.350041 0.317427 0.154129 0.178393
0.124519 0.547494 0.219033 0.044678 0.064276
0.089257 0.61822 0.143146 0.009112 0.140265
0.00001 0.710557 0.147901 0.084026 0.057506
0.017646 0.595425 0.173818 0.050832 0.162279
0.248006 0.159428 0.455977 0.095582 0.041008
0.112697 0.329417 0.375567 0.044708 0.137611
0.178854 0.194594 0.397912 0.072621 0.156019
0.056468 0.54082 0.152815 0.070614 0.179283
0.00001 0.626473 0.07642 0.121634 0.175463
0.189504 0.100799 0.483637 0.226051 0.00001
0.018946 0.187824 0.570362 0.107666 0.115202
0.285093 0.117903 0.424416 0.069865 0.102723
0.114524 0.14144 0.591348 0.093188 0.0595
0.048279 0.637168 0.15173 0.055919 0.106903
0.016315 0.560346 0.157324 0.052189 0.213826
0.136187 0.546334 0.210632 0.005945 0.100902
0.00001 0.5022 0.274135 0.00001 0.223645
0.009926 0.58261 0.211043 0.00001 0.196411
0.043491 0.617311 0.151116 0.00001 0.188072
0.00001 0.559297 0.092599 0.02021 0.327884
0.11204 0.63582 0.184022 0.068107 0.00001
0.042759 0.590469 0.233644 0.022929 0.110199
0.006837 0.615485 0.333848 0.016894 0.026936
0.189801 0.474651 0.039801 0.038076 0.257672
0.051569 0.654393 0.107147 0.010601 0.176291
0.00001 0.51498 0.176517 0.058303 0.25019
0.00001 0.615513 0.185206 0.00001 0.199261
0.095282 0.594533 0.085986 0.02023 0.203968
0.097414 0.504185 0.21898 0.002361 0.17706
0.06978 0.652925 0.083647 0.017251 0.176397
0.116285 0.631914 0.079028 0.00001 0.172763
0.201641 0.590999 0.015218 0.00001 0.192132
0.049979 0.550619 0.125702 0.037346 0.236355
0.067324 0.558539 0.18903 0.00001 0.185097
0.020794 0.513039 0.183317 0.00001 0.28284
0.069931 0.671905 0.125114 0.004026 0.129024
0.00001 0.582922 0.219607 0.00001 0.197451
0.076216 0.673337 0.129823 0.00001 0.120614
0.00001 0.470186 0.453412 0.00336 0.073033
0.062306 0.594255 0.178252 0.027213 0.137973
0.00001 0.606016 0.080476 0.092971 0.220527
0.065683 0.635752 0.00001 0.017257 0.281298
0.101703 0.00001 0.779549 0.118728 0.00001
0.163893 0.004034 0.720571 0.111493 0.00001
0.00001 0.00001 0.796403 0.203567 0.00001
0.009371 0.00001 0.897617 0.092992 0.00001
0.137068 0.00001 0.796993 0.065919 0.00001
0.066976 0.00001 0.779606 0.153398 0.00001
0.179812 0.00001 0.820158 0.00001 0.00001
0.254411 0.00001 0.745559 0.00001 0.00001
0.198607 0.00001 0.73869 0.062683 0.00001
0.174572 0.00001 0.676079 0.149329 0.00001
0.00001 0.00001 0.978221 0.021749 0.00001
0.00001 0.00001 0.845336 0.154634 0.00001
0.166275 0.00001 0.792492 0.041213 0.00001
0.153288 0.00001 0.813255 0.033437 0.00001
0.057689 0.000012 0.912492 0.029797 0.00001
0.00001 0.000011 0.854411 0.145558 0.00001
0.14942 0.00001 0.787483 0.063077 0.00001
0.12793 0.00001 0.782491 0.089559 0.00001
0.131798 0.00001 0.696586 0.148843 0.022763
0.170294 0.00001 0.725817 0.103868 0.00001
0.00001 0.00001 0.81819 0.18178 0.00001
0.168183 0.00001 0.826926 0.004871 0.00001
0.117863 0.00001 0.707511 0.174606 0.00001
0.22415 0.00001 0.681564 0.094267 0.00001
0.02343 0.00001 0.806868 0.169681 0.00001
0.25709 0.00001 0.74288 0.00001 0.00001
0.176284 0.00001 0.740906 0.08279 0.00001
0.132694 0.00001 0.685191 0.182094 0.00001
0.136223 0.00001 0.789061 0.074696 0.00001
0.191811 0.00001 0.716405 0.091764 0.00001
0.00001 0.00001 0.817604 0.182366 0.00001
0.175827 0.00471 0.773334 0.046119 0.00001
0.21408 0.00001 0.78589 0.00001 0.00001
0.058986 0.00001 0.722376 0.218618 0.00001
0.148166 0.00001 0.845728 0.006086 0.00001
0.217375 0.00001 0.713681 0.068924 0.00001
0.006774 0.00001 0.889362 0.103844 0.00001
0.093425 0.00001 0.887975 0.01858 0.00001
0.168692 0.00001 0.831278 0.00001 0.00001
0.000014 0.00001 0.830273 0.169693 0.00001
0.252129 0.00001 0.670401 0.07745 0.00001
0.2412 0.00001 0.715733 0.043047 0.00001
0.00001 0.040333 0.804567 0.15508 0.00001
0.00001 0.028937 0.833254 0.13779 0.00001
0.254858 0.000017 0.619733 0.125381 0.00001
0.00001 0.00001 0.822252 0.177718 0.00001
0.222302 0.012714 0.686169 0.078805 0.00001
0.121246 0.00001 0.839977 0.010619 0.028148
0.25646 0.00001 0.677741 0.065779 0.00001
0.241428 0.00001 0.650011 0.108541 0.00001
0.149325 0.00001 0.777245 0.07341 0.00001
0.010766 0.00001 0.790196 0.199018 0.00001
0.091529 0.00001 0.846081 0.06237 0.00001
0.161028 0.00001 0.817053 0.021899 0.00001
0.178732 0.00001 0.808675 0.012573 0.00001
0.223997 0.00001 0.775973 0.00001 0.00001
0.015412 0.00001 0.841547 0.143021 0.00001
0.138743 0.00001 0.745967 0.115271 0.00001
0.251496 0.003866 0.744618 0.00001 0.00001
0.122618 0.00001 0.689817 0.187545 0.00001
0.135365 0.023322 0.830472 0.010831 0.00001
0.082442 0.023307 0.894231 0.00001 0.00001
0.050511 0.00001 0.830498 0.112142 0.006838
0.054462 0.00001 0.891935 0.051481 0.002112
0.00001 0.00001 0.910983 0.088987 0.00001
0.00001 0.00001 0.99996 0.00001 0.00001
0.199729 0.00001 0.681996 0.118255 0.00001
0.195845 0.00001 0.770135 0.0279 0.006111
0.088316 0.00001 0.764219 0.147445 0.00001
0.073507 0.00001 0.748109 0.178364 0.00001
0.19835 0.002736 0.73848 0.060425 0.00001
0.11524 0.00001 0.872092 0.012647 0.00001
0.152584 0.00001 0.815522 0.031873 0.00001
0.203995 0.00001 0.795975 0.00001 0.00001
0.137708 0.00001 0.862262 0.00001 0.00001
0.065082 0.001925 0.819261 0.113722 0.00001
0.208779 0.00001 0.791191 0.00001 0.00001
0.062567 0.00001 0.792501 0.144912 0.00001
0.089813 0.00001 0.756902 0.153265 0.00001
0.00001 0.00001 0.845806 0.154164 0.00001
0.00001 0.00001 0.909852 0.090118 0.00001
0.15579 0.00001 0.84418 0.00001 0.00001
0.115969 0.00001 0.764504 0.119507 0.00001
0.231619 0.00001 0.695721 0.07264 0.00001
0.00001 0.00001 0.784722 0.215248 0.00001
0.081634 0.00001 0.776311 0.142035 0.00001
0.176295 0.00001 0.767063 0.056622 0.00001
0.111123 0.00001 0.724196 0.164662 0.00001
0.248269 0.00001 0.749725 0.001987 0.00001
0.139398 0.00001 0.857266 0.003316 0.00001
0.05719 0.00001 0.752149 0.19064 0.00001
0.28052 0.00001 0.71945 0.00001 0.00001
0.35235 0.00001 0.618745 0.028885 0.00001
0.313361 0.00001 0.597032 0.089587 0.00001
0.406259 0.00001 0.593711 0.00001 0.00001
0.240757 0.000015 0.645271 0.113947 0.00001
0.245436 0.00001 0.754534 0.00001 0.00001
0.180947 0.00001 0.72104 0.097993 0.00001
0.284221 0.00001 0.592984 0.122775 0.00001
0.182819 0.00001 0.627977 0.189184 0.00001
0.298989 0.00001 0.598952 0.102039 0.00001
0.0451 0.00001 0.95487 0.00001 0.00001
0.00001 0.00001 0.912242 0.087728 0.00001
0.035429 0.00001 0.772525 0.192026 0.00001
0.148575 0.00001 0.718707 0.132698 0.00001
0.074641 0.00001 0.899736 0.025603 0.00001
0.134975 0.00001 0.787912 0.068349 0.008754
0.69458 0.00001 0.219274 0.086127 0.00001
0.456123 0.00001 0.439991 0.103867 0.00001
0.427875 0.00001 0.45233 0.119775 0.00001
0.507183 0.00001 0.227616 0.265181 0.00001
0.546509 0.00001 0.271014 0.182457 0.00001
0.406416 0.00001 0.481384 0.11218 0.00001
0.498507 0.00001 0.426488 0.074985 0.00001
0.459748 0.00001 0.297305 0.242926 0.00001
0.607064 0.00001 0.167437 0.225479 0.00001
0.224887 0.00001 0.614042 0.161051 0.00001
0.509582 0.00001 0.489732 0.000666 0.00001
0.497506 0.00001 0.298257 0.204216 0.00001
0.585544 0.00001 0.277246 0.13719 0.00001
0.240918 0.00001 0.595388 0.163674 0.00001
0.431851 0.00001 0.364302 0.203826 0.00001
0.560774 0.00001 0.378594 0.060612 0.00001
0.486955 0.00001 0.304606 0.208419 0.00001
0.580913 0.00001 0.282661 0.136406 0.00001
0.570905 0.00001 0.288541 0.140534 0.00001
0.00001 0.00001 0.00001 0.99996 0.00001
0.187951 0.00001 0.612128 0.199901 0.00001
0.632271 0.00001 0.240244 0.127465 0.00001
0.65661 0.000014 0.21369 0.129676 0.00001
0.634643 0.00001 0.214785 0.150551 0.00001
0.533335 0.00001 0.466635 0.00001 0.00001
0.51718 0.00001 0.360787 0.122013 0.00001
0.426804 0.00001 0.433682 0.139494 0.00001
0.562619 0.00001 0.401416 0.035945 0.00001
0.628613 0.00001 0.00001 0.371357 0.00001
0.652745 0.00001 0.00001 0.347225 0.00001
0.689901 0.00001 0.000011 0.310068 0.00001
0.576501 0.00001 0.00001 0.423469 0.00001
0.646352 0.00001 0.00001 0.353618 0.00001
0.631184 0.00001 0.00001 0.368786 0.00001
0.99996 0.00001 0.00001 0.00001 0.00001
0.912575 0.00001 0.00001 0.087395 0.00001
0.753404 0.00001 0.00001 0.246566 0.00001
0.59214 0.00001 0.00001 0.40783 0.00001
0.705036 0.00001 0.000012 0.294932 0.00001
0.664755 0.00001 0.00001 0.335215 0.00001
0.672574 0.00001 0.00001 0.327396 0.00001
0.656346 0.00001 0.00001 0.343624 0.00001
0.00001 0.00001 0.00001 0.99996 0.00001
0.672305 0.00001 0.00001 0.327665 0.00001
0.00001 0.00001 0.00001 0.99996 0.00001
0.730402 0.00001 0.013885 0.255693 0.00001
0.742389 0.00001 0.00001 0.257581 0.00001
0.655123 0.00001 0.00001 0.344847 0.00001
0.737909 0.00001 0.00001 0.262061 0.00001
0.646506 0.00001 0.00001 0.353464 0.00001
0.674629 0.00001 0.056077 0.269273 0.00001
0.00001 0.00001 0.00001 0.99996 0.00001
0.00001 0.00001 0.00001 0.99996 0.00001
0.682862 0.00001 0.138885 0.178233 0.00001
0.478923 0.00001 0.229045 0.292012 0.00001
0.99996 0.00001 0.00001 0.00001 0.00001
0.72473 0.00001 0.00001 0.27524 0.00001
0.533128 0.00001 0.17659 0.290262 0.00001
0.643868 0.00001 0.200428 0.155684 0.00001
0.657215 0.00001 0.068903 0.273862 0.00001
0.53773 0.00001 0.197955 0.264294 0.00001
0.787551 0.00001 0.002993 0.209437 0.00001
0.665696 0.00001 0.129665 0.204618 0.00001
0.774469 0.00001 0.110351 0.11516 0.00001
0.944628 0.00001 0.055342 0.00001 0.00001
0.722718 0.000013 0.034198 0.243061 0.00001
0.675799 0.00001 0.116469 0.207712 0.00001
0.675535 0.00001 0.129084 0.19536 0.00001
0.603379 0.00001 0.167032 0.229569 0.00001
0.712681 0.00001 0.102378 0.18492 0.00001
0.682743 0.00001 0.130981 0.186256 0.00001
0.747119 0.00001 0.073041 0.179819 0.00001
0.63833 0.00001 0.18734 0.17431 0.00001
0.6085 0.00001 0.113964 0.277517 0.00001
0.722185 0.00001 0.105871 0.171924 0.00001
0.640004 0.00001 0.120405 0.23957 0.00001
0.99996 0.00001 0.00001 0.00001 0.00001
0.674526 0.00001 0.114642 0.210812 0.00001
0.638972 0.00001 0.141186 0.219822 0.00001
0.674029 0.00001 0.149779 0.176172 0.00001
0.658786 0.00001 0.071488 0.269707 0.00001
0.99996 0.00001 0.00001 0.00001 0.00001
0.99996 0.00001 0.00001 0.00001 0.00001
0.741329 0.00001 0.126031 0.13262 0.00001
0.763112 0.00001 0.103414 0.133454 0.00001
0.694134 0.00001 0.089998 0.215847 0.00001
0.803631 0.00001 0.00001 0.196339 0.00001
0.99996 0.00001 0.00001 0.00001 0.00001
0.99996 0.00001 0.00001 0.00001 0.00001
0.722507 0.00001 0.059044 0.218429 0.00001
0.99996 0.00001 0.00001 0.00001 0.00001
0.756002 0.00001 0.00001 0.243968 0.00001
0.75826 0.00001 0.049061 0.192659 0.00001
0.829376 0.00001 0.00001 0.170594 0.00001
0.83589 0.00001 0.081343 0.082746 0.00001
0.71391 0.00001 0.134808 0.151261 0.00001
0.99996 0.00001 0.00001 0.00001 0.00001
0.758394 0.00001 0.041617 0.199969 0.00001
0.99996 0.00001 0.00001 0.00001 0.00001
0.802231 0.00001 0.00001 0.197739 0.00001
0.824493 0.00001 0.061673 0.113814 0.00001
0.761814 0.00001 0.102366 0.1358 0.00001
0.767324 0.00001 0.062406 0.17025 0.00001
0.659607 0.00001 0.046056 0.294317 0.00001
0.749812 0.00001 0.079123 0.171045 0.00001
0.99996 0.00001 0.00001 0.00001 0.00001
0.725501 0.00001 0.085825 0.188654 0.00001
0.602783 0.00001 0.165995 0.231202 0.00001
0.728642 0.00001 0.00001 0.271328 0.00001
0.761814 0.00001 0.168404 0.069762 0.00001
0.755409 0.00001 0.021223 0.223349 0.00001
0.694779 0.00001 0.075786 0.229415 0.00001
0.657613 0.00001 0.118166 0.224201 0.00001
0.702696 0.00001 0.068074 0.229209 0.00001
0.717395 0.00001 0.125501 0.157084 0.00001
0.629009 0.00001 0.142874 0.228097 0.00001
0.73362 0.00001 0.12318 0.14318 0.00001
