0.999968 0.00001 0.000012 0.00001
0.99997 0.00001 0.00001 0.00001
0.99997 0.00001 0.00001 0.00001
0.99997 0.00001 0.00001 0.00001
0.99997 0.00001 0.00001 0.00001
0.99997 0.00001 0.00001 0.00001
0.689733 0.00001 0.00001 0.310247
0.99997 0.00001 0.00001 0.00001
0.99997 0.00001 0.00001 0.00001
0.99997 0.00001 0.00001 0.00001
0.99997 0.00001 0.00001 0.00001
0.99997 0.00001 0.00001 0.00001
0.99997 0.00001 0.00001 0.00001
0.511321 0.00001 0.027196 0.461473
0.99997 0.00001 0.00001 0.00001
0.99997 0.00001 0.00001 0.00001
0.99997 0.00001 0.00001 0.00001
0.99997 0.00001 0.00001 0.00001
0.99997 0.00001 0.00001 0.00001
0.568113 0.00001 0.00001 0.431867
0.99997 0.00001 0.00001 0.00001
0.521229 0.00001 0.00001 0.478751
0.00001 0.00001 0.00001 0.99997
0.00001 0.00001 0.023536 0.976444
0.298096 0.00001 0.00001 0.701884
0.215531 0.00001 0.00001 0.784449
0.229966 0.00001 0.025726 0.744298
0.25879 0.00001 0.00001 0.74119
0.265465 0.00001 0.00001 0.734515
0.38436 0.00001 0.00001 0.61562
0.296198 0.00001 0.00001 0.703782
0.298374 0.00147 0.00001 0.700147
0.352966 0.00001 0.022294 0.62473
0.236895 0.00001 0.00001 0.763085
0.103873 0.00001 0.00001 0.896107
0.00001 0.00001 0.00001 0.99997
0.208167 0.00001 0.00001 0.791813
0.271701 0.00001 0.00001 0.728279
0.347432 0.00001 0.00001 0.652548
0.12516 0.00001 0.00001 0.87482
0.140494 0.00001 0.00001 0.859486
0.00001 0.00001 0.00001 0.99997
0.209871 0.00001 0.016815 0.773305
0.258456 0.00001 0.048366 0.693168
0.333109 0.00001 0.00001 0.666871
0.226176 0.00001 0.00001 0.773804
0.12131 0.00001 0.00001 0.87867
0.30288 0.00001 0.00001 0.6971
0.206051 0.00001 0.00001 0.793929
0.364841 0.00001 0.014882 0.620267
0.343288 0.00001 0.00001 0.656692
0.250317 0.00001 0.00492 0.744753
0.00002 0.00001 0.00001 0.99996
0.142673 0.00001 0.00001 0.857307
0.00001 0.00001 0.008378 0.991602
0.197584 0.00001 0.00001 0.802396
0.388475 0.00001 0.01612 0.595395
0.104346 0.00001 0.00001 0.895634
0.269615 0.00001 0.00001 0.730365
0.284707 0.00001 0.024448 0.690835
0.00001 0.00001 0.00001 0.99997
0.24947 0.00001 0.00001 0.75051
0.23991 0.00001 0.00001 0.76007
0.304754 0.00001 0.010491 0.684745
0.489102 0.00001 0.00001 0.510878
0.262775 0.00001 0.00001 0.737205
0.173685 0.00001 0.00001 0.826295
0.282284 0.00001 0.00001 0.717696
0.261176 0.003984 0.00001 0.73483
0.225419 0.00001 0.00001 0.774561
0.313336 0.00001 0.00001 0.686644
0.291985 0.00001 0.005863 0.702142
0.206381 0.00001 0.00001 0.793599
0.260235 0.00001 0.00001 0.739745
0.337355 0.00001 0.00001 0.662625
0.301722 0.00001 0.004034 0.694234
0.244066 0.00001 0.00001 0.755914
0.362154 0.000013 0.00001 0.637823
0.29402 0.00001 0.008039 0.69793
0.249588 0.00001 0.00001 0.750392
0.341088 0.00001 0.077202 0.581701
0.216377 0.00001 0.00001 0.783603
0.00001 0.00001 0.00001 0.99997
0.387335 0.00001 0.00001 0.612645
0.201987 0.00001 0.00001 0.797993
0.281943 0.00001 0.003302 0.714746
0.166419 0.00001 0.00001 0.833561
0.166919 0.00001 0.00001 0.833061
0.288775 0.00001 0.002552 0.708662
0.389088 0.00001 0.00001 0.610892
0.225765 0.00001 0.00001 0.774215
0.220572 0.00001 0.012615 0.766803
0.423684 0.001424 0.00001 0.574882
0.00001 0.00001 0.00001 0.99997
0.390141 0.00001 0.00001 0.609839
0.00001 0.00001 0.00001 0.99997
0.173114 0.000511 0.00001 0.826366
0.153395 0.00001 0.00001 0.846585
0.350636 0.00001 0.00001 0.649344
0.00001 0.00001 0.00001 0.99997
0.288536 0.00001 0.00001 0.711444
0.322586 0.00001 0.00001 0.677394
0.16176 0.00001 0.00001 0.83822
0.283502 0.00001 0.00001 0.716478
0.199542 0.00001 0.002186 0.798262
0.103607 0.00001 0.00001 0.896373
0.186995 0.00001 0.00001 0.812985
0.316462 0.00001 0.00001 0.683518
0.30008 0.00001 0.000707 0.699203
0.00001 0.00001 0.00001 0.99997
0.00001 0.00001 0.00001 0.99997
0.195445 0.000016 0.00001 0.804529
0.329087 0.00001 0.00001 0.670893
0.249176 0.00001 0.00001 0.750804
0.269629 0.00001 0.00001 0.730351
0.100621 0.00001 0.00001 0.899359
0.240985 0.000011 0.00001 0.758995
0.237276 0.00001 0.00001 0.762704
0.394322 0.00001 0.00001 0.605658
0.354959 0.00001 0.003772 0.641259
0.339705 0.00001 0.00001 0.660275
0.142204 0.00001 0.00001 0.857776
0.215766 0.00001 0.00001 0.784214
0.220445 0.00001 0.00001 0.779535
0.27315 0.00001 0.00001 0.72683
0.024319 0.00387 0.00001 0.971801
0.00001 0.00001 0.00001 0.99997
0.134001 0.00001 0.00001 0.865979
0.00001 0.00001 0.00001 0.99997
0.222457 0.00001 0.00001 0.777523
0.224437 0.00001 0.028248 0.747305
0.166787 0.09879 0.391081 0.343342
0.174652 0.089204 0.382316 0.353828
0.064887 0.138629 0.249375 0.547109
0.141301 0.079621 0.161605 0.617473
0.065752 0.045848 0.185379 0.70302
0.161731 0.04512 0.1967 0.596449
0.040159 0.273725 0.525805 0.160311
0.136599 0.084793 0.44861 0.329999
0.156964 0.170684 0.479285 0.193067
0.176868 0.101562 0.178087 0.543483
0.174784 0.009027 0.190531 0.625658
0.00001 0.324714 0.573695 0.101581
0.112335 0.056062 0.640439 0.191163
0.103315 0.28655 0.493189 0.116947
0.058793 0.129496 0.669269 0.142442
0.107154 0.078786 0.176452 0.637609
0.214168 0.054353 0.170988 0.560492
0.102195 0.115271 0.237061 0.545473
0.222431 0.00001 0.27372 0.503839
0.195515 0.00001 0.220412 0.584063
0.187345 0.00001 0.19372 0.618925
0.33011 0.00001 0.112493 0.557387
0.00001 0.159724 0.20385 0.636416
0.111899 0.037843 0.261188 0.589071
0.028551 0.00001 0.357201 0.614238
0.259189 0.207392 0.060265 0.473153
0.17794 0.0502 0.118838 0.653022
0.248946 0.032282 0.202147 0.516625
0.200824 0.00001 0.184929 0.614237
0.205829 0.094556 0.106977 0.592638
0.177001 0.068645 0.249963 0.504391
0.177537 0.073415 0.09703 0.652018
0.174263 0.064607 0.131169 0.629962
0.193966 0.167264 0.050517 0.588253
0.236508 0.069294 0.143358 0.55084
0.185319 0.039713 0.216726 0.558243
0.281911 0.00001 0.203702 0.514378
0.127539 0.049893 0.148819 0.673749
0.198301 0.00001 0.219129 0.58256
0.119829 0.060674 0.144901 0.674596
0.073595 0.00001 0.456212 0.470183
0.138749 0.069833 0.197584 0.593834
0.217001 0.066101 0.108346 0.608552
0.281943 0.082742 0.00001 0.635304
0.00001 0.130528 0.869452 0.00001
0.00001 0.181193 0.814225 0.004572
0.00001 0.093668 0.906312 0.00001
0.00001 0.00001 0.99997 0.00001
0.00001 0.108989 0.890991 0.00001
0.00001 0.136261 0.863719 0.00001
0.00001 0.094266 0.905714 0.00001
0.00001 0.131082 0.868898 0.00001
0.00001 0.172871 0.827109 0.00001
0.00001 0.243999 0.755981 0.00001
0.00001 0.00001 0.99997 0.00001
0.00001 0.054062 0.945918 0.00001
0.00001 0.114064 0.885916 0.00001
0.00001 0.079571 0.920409 0.00001
0.00001 0.00001 0.99997 0.00001
0.00001 0.040203 0.959777 0.00001
0.00001 0.125103 0.874877 0.00001
0.00001 0.107776 0.892204 0.00001
0.023575 0.190194 0.786222 0.00001
0.00001 0.178825 0.821155 0.00001
0.00001 0.080194 0.919786 0.00001
0.00001 0.087406 0.912574 0.00001
0.00001 0.205325 0.794655 0.00001
0.00001 0.242254 0.757726 0.00001
0.00001 0.125718 0.874262 0.00001
0.00001 0.128452 0.871528 0.00001
0.00001 0.156654 0.843326 0.00001
0.00001 0.226782 0.773198 0.00001
0.00001 0.111709 0.888271 0.00001
0.00001 0.18212 0.81786 0.00001
0.00001 0.087178 0.912802 0.00001
0.00001 0.119325 0.875476 0.005189
0.00001 0.10921 0.89077 0.00001
0.00001 0.186961 0.813019 0.00001
0.00001 0.058145 0.941835 0.00001
0.00001 0.190575 0.809405 0.00001
0.00001 0.023855 0.976125 0.00001
0.00001 0.015357 0.984623 0.00001
0.00001 0.058341 0.941639 0.00001
0.00001 0.102531 0.897449 0.00001
0.00001 0.230386 0.769594 0.00001
0.00001 0.192691 0.807289 0.00001
0.00001 0.00001 0.958908 0.041072
0.00001 0.00001 0.968569 0.031411
0.00001 0.298307 0.701673 0.00001
0.00001 0.081407 0.918573 0.00001
0.00001 0.220752 0.764668 0.01457
0.028289 0.028356 0.943345 0.00001
0.00001 0.228109 0.771871 0.00001
0.00001 0.259066 0.740914 0.00001
0.00001 0.131063 0.868917 0.00001
0.00001 0.139079 0.860901 0.00001
0.00001 0.042528 0.957452 0.00001
0.00001 0.077265 0.922715 0.00001
0.00001 0.094174 0.905806 0.00001
0.00001 0.126835 0.873145 0.00001
0.00001 0.07885 0.92113 0.00001
0.00001 0.165178 0.834802 0.00001
0.00001 0.130889 0.866128 0.002973
0.00001 0.24288 0.7571 0.00001
0.00001 0.034194 0.942378 0.023417
0.00001 0.00001 0.975496 0.024484
0.00933 0.078764 0.911896 0.00001
0.003209 0.00001 0.996771 0.00001
0.00001 0.00001 0.99997 0.00001
0.00001 0.00001 0.99997 0.00001
0.00001 0.233943 0.766037 0.00001
0.006304 0.118016 0.87567 0.00001
0.00001 0.141826 0.858154 0.00001
0.00001 0.170084 0.829896 0.00001
0.00001 0.168263 0.828103 0.003624
0.00001 0.02555 0.97443 0.00001
0.00001 0.075579 0.924401 0.00001
0.00001 0.12154 0.87844 0.00001
0.00001 0.01907 0.98091 0.00001
0.00001 0.076392 0.921244 0.002353
0.00001 0.07161 0.92837 0.00001
0.00001 0.11915 0.88083 0.00001
0.00001 0.141313 0.858667 0.00001
0.00001 0.043789 0.956191 0.00001
0.00001 0.00001 0.99997 0.00001
0.00001 0.025705 0.974275 0.00001
0.00001 0.136114 0.863866 0.00001
0.00001 0.212078 0.787902 0.00001
0.00001 0.15306 0.84692 0.00001
0.00001 0.148784 0.851196 0.00001
0.00001 0.134778 0.865202 0.00001
0.00001 0.175362 0.824618 0.00001
0.00001 0.160822 0.839158 0.00001
0.00001 0.058484 0.941496 0.00001
0.00001 0.175744 0.824236 0.00001
0.00001 0.181233 0.818747 0.00001
0.00001 0.301465 0.698515 0.00001
0.00001 0.314669 0.685311 0.00001
0.00001 0.298337 0.701643 0.00001
0.00001 0.251369 0.748611 0.00001
0.00001 0.132105 0.867875 0.00001
0.00001 0.197625 0.802355 0.00001
0.00001 0.325645 0.674335 0.00001
0.00001 0.303784 0.696196 0.00001
0.00001 0.318519 0.681461 0.00001
0.00001 0.00001 0.99997 0.00001
0.00001 0.00001 0.99997 0.00001
0.00001 0.153731 0.846249 0.00001
0.00001 0.199091 0.800889 0.00001
0.00001 0.00001 0.99997 0.00001
0.010099 0.120032 0.869858 0.00001
0.00001 0.716817 0.283163 0.00001
0.00001 0.466807 0.533173 0.00001
0.00001 0.468597 0.531383 0.00001
0.00001 0.702567 0.297413 0.00001
0.00001 0.665933 0.334047 0.00001
0.00001 0.428773 0.571207 0.00001
0.00001 0.499537 0.500443 0.00001
0.00001 0.636414 0.363566 0.00001
0.00001 0.767697 0.232283 0.00001
0.00001 0.300751 0.699229 0.00001
0.00001 0.420749 0.579231 0.00001
0.00001 0.641378 0.358602 0.00001
0.00001 0.652416 0.347564 0.00001
0.00001 0.317946 0.682034 0.00001
0.00001 0.566161 0.433819 0.00001
0.00001 0.548365 0.451615 0.00001
0.00001 0.636039 0.363941 0.00001
0.00001 0.639878 0.360102 0.00001
0.00001 0.645844 0.354136 0.00001
0.00001 0.475968 0.524012 0.00001
0.00001 0.312522 0.687458 0.00001
0.00001 0.693318 0.306662 0.00001
0.00001 0.710613 0.289367 0.00001
0.00001 0.708925 0.291055 0.00001
0.00001 0.390698 0.609282 0.00001
0.00001 0.583328 0.416652 0.00001
0.00001 0.479064 0.520916 0.00001
0.00001 0.51965 0.48033 0.00001
0.00001 0.99997 0.00001 0.00001
0.00001 0.969426 0.030554 0.00001
0.00001 0.99997 0.00001 0.00001
0.00001 0.99997 0.00001 0.00001
0.00001 0.99997 0.00001 0.00001
0.00001 0.99997 0.00001 0.00001
0.00001 0.971953 0.028027 0.00001
0.00001 0.942827 0.057153 0.00001
0.00001 0.99997 0.00001 0.00001
0.00001 0.99997 0.00001 0.00001
0.00001 0.99997 0.00001 0.00001
0.00001 0.99997 0.00001 0.00001
0.00001 0.99997 0.00001 0.00001
0.00001 0.99997 0.00001 0.00001
0.00001 0.99997 0.00001 0.00001
0.00001 0.99997 0.00001 0.00001
0.00001 0.939213 0.060767 0.00001
0.00001 0.948631 0.051349 0.00001
0.00001 0.99997 0.00001 0.00001
0.00001 0.99997 0.00001 0.00001
0.00001 0.99997 0.00001 0.00001
0.00001 0.99997 0.00001 0.00001
0.00001 0.892229 0.107751 0.00001
0.00001 0.99997 0.00001 0.00001
0.00001 0.99997 0.00001 0.00001
0.00001 0.80449 0.19549 0.00001
0.00001 0.719037 0.280943 0.00001
0.00001 0.850957 0.149023 0.00001
0.00001 0.944224 0.055756 0.00001
0.00001 0.768251 0.231729 0.00001
0.00001 0.730453 0.269527 0.00001
0.00001 0.856633 0.143347 0.00001
0.00001 0.744579 0.255401 0.00001
0.00001 0.951986 0.047994 0.00001
0.00001 0.817889 0.182091 0.00001
0.00001 0.814553 0.185427 0.00001
0.00001 0.83583 0.16415 0.00001
0.00001 0.919849 0.080131 0.00001
0.00001 0.829878 0.170102 0.00001
0.00001 0.795511 0.204469 0.00001
0.00001 0.778728 0.221252 0.00001
0.00001 0.832644 0.167336 0.00001
0.00001 0.800837 0.199143 0.00001
0.00001 0.858876 0.141104 0.00001
0.00001 0.742365 0.257615 0.00001
0.00001 0.825571 0.174409 0.00001
0.00001 0.842654 0.157326 0.00001
0.00001 0.805094 0.194886 0.00001
0.00001 0.944002 0.055978 0.00001
0.00001 0.818241 0.181739 0.00001
0.00001 0.799094 0.200886 0.00001
0.00001 0.776017 0.223963 0.00001
0.00001 0.862386 0.137594 0.00001
0.00001 0.901995 0.097985 0.00001
0.00001 0.932446 0.067534 0.00001
0.00001 0.810627 0.189353 0.00001
0.00001 0.826305 0.173675 0.00001
0.00001 0.846492 0.153488 0.00001
0.00001 0.968001 0.031979 0.00001
0.00001 0.831793 0.168187 0.00001
0.00001 0.99997 0.00001 0.00001
0.00001 0.889592 0.110388 0.00001
0.00001 0.99997 0.00001 0.00001
0.00001 0.991611 0.008369 0.00001
0.00001 0.894843 0.105137 0.00001
0.00001 0.950757 0.049223 0.00001
0.00001 0.838201 0.161779 0.00001
0.00001 0.805649 0.194331 0.00001
0.00001 0.961601 0.038379 0.00001
0.00001 0.904915 0.095065 0.00001
0.00001 0.867034 0.132946 0.00001
0.00001 0.963767 0.036213 0.00001
0.00001 0.868486 0.131494 0.00001
0.00001 0.829011 0.170969 0.00001
0.00001 0.873619 0.126361 0.00001
0.00001 0.89741 0.10257 0.00001
0.00001 0.867628 0.132352 0.00001
0.00001 0.94225 0.05773 0.00001
0.00001 0.866851 0.133129 0.00001
0.00001 0.778302 0.221678 0.00001
0.00001 0.99997 0.00001 0.00001
0.00001 0.760909 0.239071 0.00001
0.00001 0.924768 0.075212 0.00001
0.00001 0.865799 0.134181 0.00001
0.00001 0.82794 0.17204 0.00001
0.00001 0.868801 0.131179 0.00001
0.00001 0.826775 0.173205 0.00001
0.00001 0.793461 0.206519 0.00001
0.00001 0.804423 0.195557 0.00001
