0.00001 0.99996 0.00001 0.00001 0.00001
0.00001 0.99996 0.00001 0.00001 0.00001
0.00001 0.99996 0.00001 0.00001 0.00001
0.00001 0.99996 0.00001 0.00001 0.00001
0.00001 0.99996 0.00001 0.00001 0.00001
0.00001 0.99996 0.00001 0.00001 0.00001
0.00001 0.689953 0.00001 0.00001 0.310017
0.00001 0.99996 0.00001 0.00001 0.00001
0.00001 0.99996 0.00001 0.00001 0.00001
0.00001 0.99996 0.00001 0.00001 0.00001
0.00001 0.99996 0.00001 0.00001 0.00001
0.00001 0.99996 0.00001 0.00001 0.00001
0.00001 0.99996 0.00001 0.00001 0.00001
0.027385 0.511413 0.00001 0.00001 0.461183
0.00001 0.99996 0.00001 0.00001 0.00001
0.00001 0.99996 0.00001 0.00001 0.00001
0.00001 0.99996 0.00001 0.00001 0.00001
0.00001 0.99996 0.00001 0.00001 0.00001
0.00001 0.99996 0.00001 0.00001 0.00001
0.00001 0.56834 0.00001 0.00001 0.43163
0.00001 0.99996 0.00001 0.00001 0.00001
0.00001 0.518328 0.00001 0.00001 0.481642
0.00001 0.00001 0.00001 0.00001 0.99996
0.02513 0.00001 0.00001 0.00001 0.97484
0.00001 0.297805 0.00001 0.00001 0.702165
0.00001 0.214356 0.00001 0.00001 0.785614
0.00001 0.227299 0.00001 0.026916 0.745765
0.00001 0.256803 0.00001 0.00001 0.743167
0.000013 0.266382 0.00001 0.000082 0.733513
0.00001 0.384098 0.00001 0.00001 0.615872
0.00001 0.298295 0.00001 0.00001 0.701675
0.00001 0.297352 0.00001 0.003743 0.698885
0.00001 0.350303 0.00001 0.025574 0.624103
0.00001 0.238037 0.00001 0.00001 0.761933
0.00001 0.103482 0.00001 0.00001 0.896488
0.00001 0.00001 0.00001 0.00001 0.99996
0.00001 0.206436 0.00001 0.00001 0.793534
0.00001 0.269729 0.00001 0.00001 0.730241
0.00001 0.334678 0.00001 0.00001 0.665292
0.00001 0.126187 0.00001 0.00001 0.873783
0.00001 0.13893 0.00001 0.00001 0.86104
0.00001 0.00001 0.00001 0.00001 0.99996
0.019106 0.20977 0.00001 0.00001 0.771104
0.000012 0.259166 0.00001 0.048296 0.692517
0.00001 0.326949 0.00001 0.00001 0.673021
0.00001 0.223911 0.00001 0.00001 0.776059
0.00001 0.120779 0.00001 0.00001 0.879191
0.00001 0.30323 0.00001 0.00001 0.69674
0.00001 0.205712 0.00001 0.00001 0.794258
0.015416 0.364548 0.00001 0.00001 0.620016
0.00001 0.340906 0.00001 0.00001 0.659064
0.00001 0.24754 0.00001 0.006366 0.746074
0.00001 0.00001 0.00001 0.00001 0.99996
0.00001 0.142334 0.00001 0.00001 0.857636
0.00001 0.00001 0.00001 0.011948 0.988022
0.00001 0.201335 0.00001 0.00001 0.798635
0.00001 0.388858 0.00001 0.017319 0.593803
0.00001 0.101483 0.00001 0.00001 0.898487
0.00001 0.270012 0.00001 0.00001 0.729958
0.024916 0.285036 0.00001 0.00001 0.690028
0.00001 0.00001 0.00001 0.00001 0.99996
0.00001 0.249047 0.00001 0.00001 0.750923
0.00001 0.240688 0.00001 0.00001 0.759282
0.011472 0.303239 0.00001 0.00001 0.685268
0.00001 0.487883 0.00001 0.00001 0.512087
0.00001 0.261726 0.00001 0.00001 0.738244
0.00001 0.173881 0.00001 0.00001 0.826089
0.00001 0.281299 0.00001 0.00001 0.718671
0.00001 0.261928 0.00001 0.00566 0.732392
0.00001 0.227403 0.00001 0.00001 0.772567
0.00001 0.313127 0.00001 0.00001 0.686843
0.006255 0.291596 0.00001 0.00001 0.702128
0.00001 0.206572 0.00001 0.00001 0.793398
0.00001 0.260918 0.00001 0.00001 0.739052
0.00001 0.338578 0.00001 0.00001 0.661392
0.004496 0.299053 0.00001 0.00001 0.696431
0.00001 0.243293 0.00001 0.00001 0.756677
0.00001 0.36508 0.00001 0.00001 0.63489
0.010266 0.294204 0.00001 0.00001 0.69551
0.00001 0.249112 0.00001 0.00001 0.750858
0.00001 0.343226 0.00001 0.079612 0.577142
0.00001 0.217709 0.00001 0.00001 0.782261
0.00001 0.00001 0.00001 0.00001 0.99996
0.00001 0.386125 0.00001 0.00001 0.613845
0.00001 0.201417 0.00001 0.00001 0.798553
0.00422 0.280109 0.00001 0.00001 0.715652
0.00001 0.167758 0.00001 0.00001 0.832212
0.00001 0.167613 0.00001 0.00001 0.832357
0.003438 0.288655 0.00001 0.00001 0.707887
0.000169 0.387128 0.000011 0.00001 0.612682
0.00001 0.225626 0.00001 0.00001 0.774344
0.00001 0.221538 0.00001 0.013686 0.764757
0.00001 0.423675 0.00177 0.00001 0.574534
0.00001 0.00001 0.00001 0.00001 0.99996
0.00001 0.389552 0.00001 0.00001 0.610418
0.00001 0.00001 0.00001 0.00001 0.99996
0.00001 0.170425 0.00001 0.004048 0.825507
0.00001 0.152396 0.00001 0.00001 0.847574
0.00001 0.348481 0.00001 0.00001 0.651489
0.00001 0.00001 0.00001 0.00001 0.99996
0.00001 0.288036 0.00001 0.00001 0.711934
0.00001 0.322323 0.00001 0.00001 0.677647
0.00001 0.158681 0.00001 0.00001 0.841289
0.00001 0.284063 0.00001 0.003844 0.712073
0.00001 0.204322 0.00001 0.006838 0.78882
0.00001 0.09943 0.00001 0.00001 0.90054
0.00008 0.186351 0.00001 0.00001 0.813549
0.00001 0.315434 0.00001 0.00001 0.684536
0.00001 0.298845 0.00001 0.003513 0.697622
0.00001 0.00001 0.00001 0.00001 0.99996
0.00001 0.00001 0.00001 0.00001 0.99996
0.00001 0.195664 0.00001 0.00001 0.804306
0.00001 0.331541 0.00001 0.00001 0.668429
0.00001 0.247609 0.00001 0.00001 0.752361
0.00001 0.26885 0.00001 0.00001 0.73112
0.00001 0.102426 0.00001 0.00001 0.897544
0.00001 0.23871 0.00001 0.00001 0.76126
0.00001 0.235907 0.00001 0.00001 0.764063
0.00001 0.39424 0.00001 0.00001 0.60573
0.004089 0.354906 0.00001 0.00001 0.640985
0.00001 0.340585 0.00001 0.00001 0.659385
0.00001 0.140877 0.00001 0.00001 0.859093
0.00001 0.216489 0.00001 0.00001 0.783481
0.00001 0.218115 0.00001 0.00001 0.781855
0.00001 0.27266 0.00001 0.00001 0.72731
0.00001 0.025981 0.00452 0.00001 0.969479
0.00001 0.00001 0.00001 0.00001 0.99996
0.00001 0.135715 0.00001 0.00001 0.864255
0.002569 0.00001 0.00001 0.00001 0.997401
0.00001 0.218435 0.00001 0.00001 0.781535
0.02859 0.226455 0.00001 0.00001 0.744934
0.264668 0.164503 0.076028 0.148936 0.345866
0.299288 0.173958 0.057542 0.113909 0.355304
0.063812 0.063207 0.098921 0.227024 0.547036
0.00001 0.144822 0.00001 0.244723 0.610435
0.00001 0.057539 0.00001 0.233826 0.708615
0.00001 0.154826 0.00001 0.245966 0.599188
0.287822 0.037672 0.219913 0.292669 0.161924
0.143979 0.138299 0.030953 0.360832 0.325937
0.294759 0.155046 0.128407 0.227002 0.194786
0.045226 0.176635 0.0761 0.159502 0.542538
0.00001 0.171672 0.00001 0.200799 0.627509
0.26745 0.00001 0.270187 0.362591 0.099763
0.336693 0.110206 0.007253 0.354032 0.191815
0.164311 0.104603 0.214104 0.40481 0.112172
0.382576 0.060577 0.082912 0.333676 0.140259
0.00001 0.108451 0.044739 0.21162 0.63518
0.188442 0.211398 0.036245 0.00001 0.563905
0.153139 0.103833 0.082606 0.117233 0.543189
0.271984 0.217043 0.00001 0.00001 0.510952
0.132431 0.195459 0.00001 0.088035 0.584065
0.110397 0.189904 0.00001 0.083794 0.615895
0.00001 0.330701 0.00001 0.11347 0.555809
0.129371 0.00001 0.136822 0.097738 0.63606
0.197692 0.110466 0.021606 0.079515 0.590722
0.125331 0.028777 0.00001 0.233113 0.612768
0.00001 0.256773 0.155753 0.114264 0.4732
0.053366 0.174778 0.039931 0.076235 0.655691
0.088434 0.247193 0.001152 0.146114 0.517108
0.00001 0.199501 0.00001 0.187724 0.612755
0.00001 0.203514 0.042266 0.161532 0.592677
0.100843 0.175546 0.052682 0.165747 0.505182
0.00001 0.179457 0.060715 0.110148 0.64967
0.117069 0.173876 0.047663 0.03123 0.630163
0.00001 0.189492 0.085639 0.136653 0.588206
0.00001 0.23421 0.00001 0.217005 0.548765
0.195646 0.185348 0.058846 0.00001 0.560151
0.081414 0.28357 0.00001 0.123165 0.511841
0.00001 0.12377 0.00001 0.200878 0.675331
0.160329 0.19491 0.00001 0.058185 0.586566
0.00001 0.120253 0.011465 0.195139 0.673133
0.126864 0.0715 0.00001 0.331679 0.469947
0.00001 0.138037 0.004801 0.264801 0.592351
0.00001 0.216439 0.00001 0.179236 0.604305
0.00001 0.281243 0.069463 0.014255 0.635028
0.909463 0.00001 0.090507 0.00001 0.00001
0.35536 0.00001 0.115449 0.529172 0.00001
0.99996 0.00001 0.00001 0.00001 0.00001
0.99996 0.00001 0.00001 0.00001 0.00001
0.48536 0.00001 0.025355 0.489265 0.00001
0.58817 0.00001 0.088237 0.323573 0.00001
0.950703 0.00001 0.049267 0.00001 0.00001
0.641713 0.00001 0.089427 0.26884 0.00001
0.545156 0.00001 0.109322 0.345502 0.00001
0.00001 0.00001 0.00001 0.99996 0.00001
0.99996 0.00001 0.00001 0.00001 0.00001
0.99996 0.00001 0.00001 0.00001 0.00001
0.99996 0.00001 0.00001 0.00001 0.00001
0.99996 0.00001 0.00001 0.00001 0.00001
0.760926 0.00001 0.00001 0.239044 0.00001
0.99996 0.00001 0.00001 0.00001 0.00001
0.476734 0.00001 0.070764 0.452483 0.00001
0.561931 0.00001 0.040062 0.397987 0.00001
0.604548 0.022119 0.128041 0.245283 0.00001
0.451995 0.00001 0.105417 0.442568 0.00001
0.472629 0.00001 0.004136 0.523215 0.00001
0.720971 0.00001 0.036094 0.242915 0.00001
0.415812 0.00001 0.147291 0.436878 0.00001
0.375649 0.00001 0.166208 0.458123 0.00001
0.478797 0.00001 0.039198 0.481985 0.00001
0.579456 0.00001 0.053517 0.367007 0.00001
0.480604 0.00001 0.088641 0.430735 0.00001
0.801819 0.00001 0.198151 0.00001 0.00001
0.577756 0.00001 0.054382 0.367842 0.00001
0.446485 0.00001 0.11326 0.440235 0.00001
0.643931 0.00001 0.062838 0.293211 0.00001
0.00001 0.00001 0.00001 0.99996 0.00001
0.00001 0.00001 0.00001 0.99996 0.00001
0.00001 0.00001 0.00001 0.99996 0.00001
0.00001 0.00001 0.00001 0.99996 0.00001
0.455145 0.00001 0.120597 0.424238 0.00001
0.4357 0.000012 0.00001 0.564269 0.00001
0.629662 0.00001 0.00001 0.370308 0.00001
0.471424 0.00001 0.00001 0.528546 0.00001
0.969002 0.00001 0.030968 0.00001 0.00001
0.37313 0.00001 0.146958 0.479892 0.00001
0.403286 0.00001 0.093958 0.502736 0.00001
0.46893 0.00001 0.00001 0.490615 0.040435
0.630809 0.00001 0.00001 0.336281 0.03289
0.474676 0.00001 0.236217 0.289087 0.00001
0.362 0.00001 0.00001 0.63797 0.00001
0.200102 0.00001 0.11711 0.682768 0.00001
0.669917 0.00001 0.00001 0.299143 0.03092
0.551008 0.00001 0.161524 0.287449 0.00001
0.408436 0.00001 0.189166 0.402378 0.00001
0.43691 0.00001 0.046476 0.516594 0.00001
0.931838 0.00001 0.068132 0.00001 0.00001
0.99996 0.00001 0.00001 0.00001 0.00001
0.99996 0.00001 0.00001 0.00001 0.00001
0.673994 0.00001 0.031402 0.294584 0.00001
0.550002 0.00001 0.054285 0.395693 0.00001
0.725098 0.00001 0.038454 0.236428 0.00001
0.376656 0.00001 0.092167 0.531156 0.00001
0.539263 0.00001 0.053051 0.405157 0.002519
0.336387 0.00001 0.17458 0.489014 0.00001
0.407782 0.00001 0.00001 0.575227 0.016971
0.63333 0.00001 0.00001 0.340946 0.025705
0.647883 0.009869 0.043018 0.299219 0.00001
0.99996 0.00001 0.00001 0.00001 0.00001
0.99996 0.00001 0.00001 0.00001 0.00001
0.99996 0.00001 0.00001 0.00001 0.00001
0.50215 0.00001 0.163472 0.334358 0.00001
0.00001 0.00001 0.00001 0.99996 0.00001
0.486946 0.00001 0.076227 0.436806 0.00001
0.380477 0.00001 0.094603 0.5249 0.00001
0.00001 0.00001 0.00001 0.99996 0.00001
0.284572 0.00001 0.00001 0.715398 0.00001
0.99996 0.00001 0.00001 0.00001 0.00001
0.99996 0.00001 0.00001 0.00001 0.00001
0.629445 0.00001 0.00001 0.370525 0.00001
0.659431 0.00001 0.02592 0.313034 0.001604
0.99996 0.00001 0.00001 0.00001 0.00001
0.617705 0.00001 0.084114 0.298161 0.00001
0.493974 0.00001 0.063746 0.44226 0.00001
0.641398 0.00001 0.00001 0.358572 0.00001
0.432067 0.00001 0.00001 0.567903 0.00001
0.455559 0.00001 0.00001 0.544411 0.00001
0.371166 0.00001 0.048955 0.579859 0.00001
0.636672 0.00001 0.17796 0.185348 0.00001
0.573948 0.00001 0.110595 0.315438 0.00001
0.454467 0.00001 0.078784 0.466729 0.00001
0.682273 0.00001 0.083094 0.234613 0.00001
0.867154 0.00001 0.132816 0.00001 0.00001
0.46434 0.00001 0.081136 0.454504 0.00001
0.636636 0.00001 0.000255 0.363089 0.00001
0.00001 0.00001 0.00001 0.99996 0.00001
0.299127 0.00001 0.096009 0.604844 0.00001
0.377685 0.00001 0.225343 0.396952 0.00001
0.447761 0.00001 0.251666 0.300553 0.00001
0.315615 0.00001 0.21427 0.470095 0.00001
0.556449 0.00001 0.206399 0.237132 0.00001
0.622122 0.00001 0.082613 0.295245 0.00001
0.417702 0.00001 0.109889 0.472389 0.00001
0.26448 0.000011 0.254324 0.481175 0.00001
0.262217 0.00001 0.229961 0.507802 0.00001
0.296685 0.00001 0.245699 0.457596 0.00001
0.602301 0.00001 0.00001 0.397669 0.00001
0.425823 0.00001 0.00001 0.574147 0.00001
0.570639 0.00001 0.104041 0.3253 0.00001
0.505863 0.00001 0.141967 0.35215 0.00001
0.485007 0.00001 0.00001 0.514963 0.00001
0.404415 0.001776 0.037512 0.556287 0.00001
0.170942 0.00001 0.650368 0.178671 0.00001
0.169962 0.00001 0.387887 0.442131 0.00001
0.300773 0.00001 0.412055 0.287152 0.00001
0.398458 0.00001 0.601512 0.00001 0.00001
0.00001 0.00001 0.557125 0.442845 0.00001
0.401214 0.00001 0.360126 0.238639 0.00001
0.245766 0.00001 0.413596 0.340618 0.00001
0.125379 0.00001 0.588227 0.286374 0.00001
0.253809 0.00001 0.746161 0.00001 0.00001
0.00001 0.00001 0.00001 0.99996 0.00001
0.128046 0.00001 0.338967 0.532967 0.00001
0.26203 0.00001 0.572945 0.165005 0.00001
0.254019 0.00001 0.589071 0.15689 0.00001
0.438536 0.00001 0.248223 0.313221 0.00001
0.140742 0.00001 0.488179 0.371059 0.00001
0.392255 0.00001 0.506688 0.101037 0.00001
0.246603 0.00001 0.577883 0.175494 0.00001
0.042386 0.00001 0.559103 0.398492 0.00001
0.259206 0.00001 0.585538 0.155236 0.00001
0.56836 0.00001 0.43161 0.00001 0.00001
0.502943 0.00001 0.258648 0.238389 0.00001
0.123606 0.00001 0.616981 0.259392 0.00001
0.340164 0.00001 0.659806 0.00001 0.00001
0.193375 0.00001 0.613031 0.193574 0.00001
0.00001 0.00001 0.00001 0.99996 0.00001
0.221178 0.00001 0.505523 0.27328 0.00001
0.00001 0.00001 0.408941 0.591029 0.00001
0.210559 0.00001 0.422218 0.367203 0.00001
0.00001 0.00001 0.99996 0.00001 0.00001
0.094289 0.00001 0.905681 0.00001 0.00001
0.00001 0.00001 0.99996 0.00001 0.00001
0.00001 0.00001 0.99996 0.00001 0.00001
0.00001 0.00001 0.99996 0.00001 0.00001
0.00001 0.00001 0.971952 0.028018 0.00001
0.083827 0.00001 0.916143 0.00001 0.00001
0.128416 0.00001 0.871554 0.00001 0.00001
0.00001 0.00001 0.99996 0.00001 0.00001
0.00001 0.00001 0.99996 0.00001 0.00001
0.00001 0.00001 0.937018 0.062952 0.00001
0.00001 0.00001 0.99996 0.00001 0.00001
0.00001 0.00001 0.99996 0.00001 0.00001
0.000018 0.00001 0.999952 0.00001 0.00001
0.00001 0.00001 0.99996 0.00001 0.00001
0.00001 0.00001 0.99996 0.00001 0.00001
0.132366 0.00001 0.867604 0.00001 0.00001
0.00001 0.00001 0.826575 0.173395 0.00001
0.00001 0.00001 0.99996 0.00001 0.00001
0.00001 0.00001 0.99996 0.00001 0.00001
0.00001 0.00001 0.99996 0.00001 0.00001
0.00001 0.00001 0.99996 0.00001 0.00001
0.106549 0.00001 0.831495 0.061936 0.00001
0.00001 0.00001 0.99996 0.00001 0.00001
0.00001 0.00001 0.99996 0.00001 0.00001
0.158987 0.00001 0.753403 0.08759 0.00001
0.18914 0.00001 0.644128 0.166712 0.00001
0.00001 0.00001 0.69979 0.30018 0.00001
0.130649 0.00001 0.869321 0.00001 0.00001
0.089269 0.00001 0.697639 0.213072 0.00001
0.068994 0.00001 0.665248 0.265738 0.00001
0.00001 0.00001 0.778596 0.221374 0.00001
0.134641 0.00001 0.668147 0.197192 0.00001
0.022433 0.00001 0.865237 0.112309 0.00001
0.112811 0.00001 0.753641 0.133528 0.00001
0.00001 0.00001 0.713055 0.286915 0.00001
0.23486 0.00001 0.76511 0.00001 0.00001
0.051032 0.00001 0.853491 0.095457 0.00001
0.134397 0.00001 0.761581 0.104001 0.00001
0.045257 0.00001 0.72888 0.225843 0.00001
0.0008 0.00001 0.711606 0.287574 0.00001
0.00001 0.00001 0.729982 0.269988 0.00001
0.066588 0.00001 0.715246 0.218145 0.00001
0.080804 0.00001 0.783042 0.136133 0.00001
0.090528 0.00001 0.680922 0.22853 0.00001
0.221288 0.00001 0.778682 0.00001 0.00001
0.082568 0.00001 0.762426 0.154986 0.00001
0.244559 0.00001 0.755411 0.00001 0.00001
0.00001 0.00001 0.762661 0.237309 0.00001
0.025087 0.00001 0.731639 0.243254 0.00001
0.1255 0.00001 0.714935 0.159545 0.00001
0.13755 0.00001 0.684647 0.177783 0.00001
0.155413 0.00001 0.805057 0.03951 0.00001
0.080904 0.00001 0.818772 0.100304 0.00001
0.170745 0.00001 0.829225 0.00001 0.00001
0.244943 0.00001 0.755027 0.00001 0.00001
0.244006 0.00001 0.755964 0.00001 0.00001
0.100315 0.00001 0.759597 0.140068 0.00001
0.1451 0.00001 0.85487 0.00001 0.00001
0.235644 0.00001 0.764326 0.00001 0.00001
0.00001 0.00001 0.99996 0.00001 0.00001
0.023615 0.00001 0.812653 0.163712 0.00001
0.00001 0.00001 0.99996 0.00001 0.00001
0.00001 0.00001 0.804444 0.195526 0.00001
0.00001 0.00001 0.792268 0.207702 0.00001
0.064327 0.00001 0.872967 0.062686 0.00001
0.213721 0.00001 0.786249 0.00001 0.00001
0.117945 0.00001 0.715733 0.166302 0.00001
0.00001 0.00001 0.794622 0.205348 0.00001
0.151513 0.00001 0.848457 0.00001 0.00001
0.091116 0.00001 0.78301 0.125853 0.00001
0.060188 0.00001 0.880714 0.059078 0.00001
0.189303 0.00001 0.810667 0.00001 0.00001
0.00001 0.00001 0.725356 0.274614 0.00001
0.00001 0.00001 0.75242 0.24755 0.00001
0.00001 0.00001 0.815814 0.184156 0.00001
0.05841 0.00001 0.77734 0.16423 0.00001
0.088971 0.00001 0.855136 0.055873 0.00001
0.012618 0.00001 0.804291 0.183071 0.00001
0.189048 0.00001 0.717071 0.093861 0.00001
0.00001 0.00001 0.99996 0.00001 0.00001
0.00001 0.00001 0.620602 0.379368 0.00001
0.16116 0.00001 0.83881 0.00001 0.00001
0.00001 0.00001 0.7656 0.23437 0.00001
0.00001 0.00001 0.712853 0.287117 0.00001
0.186698 0.00001 0.813272 0.00001 0.00001
0.222307 0.00001 0.777663 0.00001 0.00001
0.00001 0.00001 0.677425 0.322545 0.00001
0.246699 0.00001 0.753271 0.00001 0.00001
