0.00001 0.99997 0.00001 0.00001
0.000551 0.999429 0.00001 0.00001
0.00001 0.99997 0.00001 0.00001
0.000018 0.999962 0.00001 0.00001
0.00001 0.99997 0.00001 0.00001
0.00001 0.99997 0.00001 0.00001
0.00001 0.99997 0.00001 0.00001
0.00001 0.99997 0.00001 0.00001
0.00001 0.99997 0.00001 0.00001
0.00001 0.99997 0.00001 0.00001
0.00001 0.99997 0.00001 0.00001
0.00001 0.99997 0.00001 0.00001
0.00001 0.99997 0.00001 0.00001
0.00001 0.970158 0.00001 0.029822
0.00001 0.99997 0.00001 0.00001
0.00001 0.99997 0.00001 0.00001
0.00001 0.99997 0.00001 0.00001
0.00001 0.99997 0.00001 0.00001
0.00001 0.99997 0.00001 0.00001
0.00001 0.99997 0.00001 0.00001
0.00001 0.99997 0.00001 0.00001
0.00001 0.99997 0.00001 0.00001
0.00001 0.99997 0.00001 0.00001
0.014869 0.968346 0.00001 0.016775
0.00001 0.99997 0.00001 0.00001
0.00001 0.99997 0.00001 0.00001
0.00001 0.971505 0.00001 0.028475
0.000063 0.999917 0.00001 0.00001
0.00001 0.998314 0.00001 0.001666
0.00001 0.99997 0.00001 0.00001
0.00001 0.99997 0.00001 0.00001
0.00001 0.99675 0.00323 0.00001
0.00001 0.97627 0.00001 0.02371
0.00001 0.99997 0.00001 0.00001
0.00001 0.99997 0.00001 0.00001
0.00001 0.99997 0.00001 0.00001
0.003816 0.996164 0.00001 0.00001
0.00001 0.99997 0.00001 0.00001
0.00001 0.99997 0.00001 0.00001
0.00001 0.997359 0.002621 0.00001
0.00001 0.99997 0.00001 0.00001
0.00001 0.99997 0.00001 0.00001
0.019911 0.980069 0.00001 0.00001
0.00001 0.950243 0.00001 0.049737
0.009997 0.989983 0.00001 0.00001
0.00001 0.99997 0.00001 0.00001
0.00001 0.99997 0.00001 0.00001
0.00001 0.999965 0.000015 0.00001
0.00001 0.99997 0.00001 0.00001
0.00001 0.983386 0.00001 0.016594
0.000012 0.999968 0.00001 0.00001
0.00001 0.992977 0.00001 0.007003
0.00001 0.99997 0.00001 0.00001
0.00001 0.99997 0.00001 0.00001
0.020325 0.979655 0.00001 0.00001
0.00001 0.99997 0.00001 0.00001
0.019475 0.980505 0.00001 0.00001
0.00001 0.996589 0.00001 0.003391
0.00001 0.99997 0.00001 0.00001
0.00001 0.97341 0.00001 0.02657
0.00001 0.99997 0.00001 0.00001
0.00001 0.99997 0.00001 0.00001
0.00001 0.99997 0.00001 0.00001
0.00001 0.988164 0.00001 0.011816
0.00001 0.99997 0.00001 0.00001
0.00001 0.99997 0.00001 0.00001
0.00001 0.99997 0.00001 0.00001
0.00001 0.99997 0.00001 0.00001
0.00001 0.993862 0.006118 0.00001
0.00001 0.99997 0.00001 0.00001
0.00001 0.99997 0.00001 0.00001
0.009847 0.990133 0.00001 0.00001
0.00001 0.99997 0.00001 0.00001
0.00001 0.99997 0.00001 0.00001
0.00001 0.99997 0.00001 0.00001
0.00001 0.99428 0.00001 0.0057
0.00001 0.99997 0.00001 0.00001
0.00001 0.99997 0.00001 0.00001
0.011627 0.988353 0.00001 0.00001
0.00001 0.99997 0.00001 0.00001
0.00001 0.922114 0.00001 0.077866
0.00001 0.99997 0.00001 0.00001
0.00001 0.99997 0.00001 0.00001
0.00001 0.99997 0.00001 0.00001
0.00001 0.99997 0.00001 0.00001
0.008191 0.991789 0.00001 0.00001
0.00001 0.99997 0.00001 0.00001
0.00001 0.99997 0.00001 0.00001
0.00001 0.99569 0.00001 0.00429
0.00001 0.998871 0.00001 0.001109
0.00001 0.99997 0.00001 0.00001
0.022414 0.977566 0.00001 0.00001
0.00001 0.996022 0.003958 0.00001
0.00001 0.99997 0.00001 0.00001
0.00001 0.99997 0.00001 0.00001
0.00001 0.99997 0.00001 0.00001
0.00001 0.996765 0.003215 0.00001
0.00001 0.99997 0.00001 0.00001
0.00001 0.99997 0.00001 0.00001
0.00001 0.99997 0.00001 0.00001
0.00001 0.99997 0.00001 0.00001
0.00001 0.99997 0.00001 0.00001
0.009218 0.990762 0.00001 0.00001
0.005116 0.994864 0.00001 0.00001
0.00001 0.994076 0.00001 0.005904
0.00001 0.99997 0.00001 0.00001
0.00001 0.997996 0.00001 0.001984
0.00001 0.99997 0.00001 0.00001
0.00001 0.997633 0.00001 0.002347
0.00001 0.99997 0.00001 0.00001
0.00001 0.99997 0.00001 0.00001
0.00001 0.99997 0.00001 0.00001
0.00001 0.99997 0.00001 0.00001
0.00001 0.99997 0.00001 0.00001
0.00001 0.99997 0.00001 0.00001
0.00001 0.99997 0.00001 0.00001
0.00001 0.99997 0.00001 0.00001
0.00001 0.99997 0.00001 0.00001
0.00001 0.99997 0.00001 0.00001
0.00001 0.995101 0.00001 0.004879
0.00001 0.99997 0.00001 0.00001
0.00001 0.99997 0.00001 0.00001
0.00001 0.99997 0.00001 0.00001
0.00001 0.99997 0.00001 0.00001
0.00001 0.99997 0.00001 0.00001
0.00001 0.989254 0.010726 0.00001
0.00001 0.995599 0.00001 0.004381
0.00001 0.99997 0.00001 0.00001
0.00001 0.9961 0.00001 0.00388
0.00001 0.99997 0.00001 0.00001
0.00001 0.9688 0.00001 0.03118
0.133041 0.506126 0.00001 0.360823
0.022726 0.527961 0.089129 0.360184
0.057844 0.609795 0.122695 0.209666
0.128766 0.754219 0.00001 0.117005
0.088711 0.76489 0.00001 0.146388
0.00001 0.75705 0.043755 0.199185
0.101943 0.198053 0.217692 0.482312
0.081322 0.465094 0.062161 0.391423
0.066863 0.349046 0.149445 0.434647
0.00001 0.719882 0.11583 0.164279
0.035723 0.799445 0.010226 0.154605
0.99997 0.00001 0.00001 0.00001
0.033634 0.303897 0.07114 0.59133
0.096309 0.218318 0.24468 0.440693
0.174773 0.196763 0.036908 0.591556
0.013147 0.743343 0.077636 0.165873
0.00001 0.773869 0.064914 0.161207
0.037341 0.645564 0.088653 0.228442
0.052312 0.724891 0.00001 0.222788
0.00001 0.778746 0.00001 0.221234
0.018086 0.804714 0.00001 0.17719
0.006588 0.886577 0.00001 0.106825
0.060628 0.63369 0.131182 0.174501
0.044377 0.698811 0.015832 0.240979
0.058771 0.641177 0.00001 0.300042
0.00001 0.731945 0.204487 0.063557
0.039369 0.828113 0.030842 0.101676
0.00001 0.76508 0.04609 0.18882
0.019921 0.813892 0.00001 0.166177
0.00001 0.797207 0.097346 0.105436
0.059006 0.678917 0.029459 0.232618
0.00001 0.828553 0.08161 0.089827
0.00001 0.802677 0.062083 0.13523
0.072719 0.78061 0.122249 0.024422
0.021728 0.786032 0.057305 0.134935
0.00001 0.742435 0.02917 0.228385
0.029623 0.795065 0.00001 0.175302
0.00001 0.800283 0.055189 0.144518
0.00001 0.7801 0.00001 0.21988
0.078909 0.790888 0.01731 0.112894
0.031115 0.542416 0.00001 0.426458
0.00001 0.730887 0.075428 0.193676
0.00001 0.824426 0.072486 0.103078
0.082498 0.917482 0.00001 0.00001
0.141765 0.00001 0.062559 0.795665
0.00001 0.00328 0.214747 0.781963
0.00001 0.00001 0.127786 0.872194
0.070645 0.00001 0.00001 0.929335
0.168523 0.00001 0.044117 0.78735
0.103915 0.00001 0.094681 0.801395
0.010678 0.00001 0.112067 0.877245
0.043146 0.00001 0.116553 0.840292
0.12851 0.00001 0.111773 0.759707
0.00001 0.00001 0.267938 0.732042
0.00001 0.00001 0.00001 0.99997
0.018226 0.00001 0.087979 0.893786
0.032056 0.00001 0.114798 0.853136
0.00001 0.00001 0.097159 0.902821
0.00001 0.00001 0.00001 0.99997
0.00001 0.00001 0.037034 0.962946
0.16202 0.00001 0.055357 0.782612
0.076042 0.00001 0.096627 0.827321
0.091943 0.01749 0.145999 0.744569
0.144882 0.00001 0.110496 0.744612
0.027142 0.00001 0.101526 0.871322
0.061397 0.00001 0.086449 0.852144
0.00001 0.00001 0.23953 0.76045
0.024168 0.00001 0.254334 0.721488
0.05985 0.00001 0.121024 0.819116
0.20655 0.00001 0.009236 0.784204
0.180392 0.00001 0.039353 0.780245
0.00001 0.00001 0.251084 0.748896
0.048407 0.00001 0.093372 0.85821
0.130097 0.00001 0.131402 0.738491
0.073867 0.00001 0.074158 0.851965
0.00201 0.003334 0.156923 0.837733
0.138064 0.00001 0.049911 0.812015
0.137913 0.00001 0.128117 0.73396
0.14022 0.00001 0.010785 0.848986
0.087333 0.00001 0.153881 0.758777
0.018709 0.00001 0.056491 0.924791
0.078365 0.00001 0.008025 0.913599
0.133537 0.00001 0.011052 0.855401
0.00001 0.00001 0.128703 0.871277
0.030384 0.00001 0.23735 0.732256
0.00001 0.00001 0.227362 0.772618
0.05221 0.04028 0.00001 0.9075
0.087909 0.030034 0.00001 0.882047
0.126568 0.00001 0.232299 0.641122
0.057697 0.00001 0.091393 0.8509
0.184875 0.00001 0.125653 0.689461
0.154385 0.021017 0.00001 0.824588
0.027422 0.00001 0.232732 0.739836
0.111483 0.00001 0.220708 0.667799
0.00001 0.00001 0.174773 0.825207
0.00001 0.00001 0.167375 0.832605
0.012319 0.00001 0.072529 0.915142
0.00001 0.00001 0.090216 0.909764
0.00001 0.00001 0.110326 0.889654
0.036194 0.00001 0.130133 0.833664
0.049411 0.00001 0.074098 0.876481
0.00001 0.00001 0.175657 0.824323
0.145661 0.00001 0.085716 0.768613
0.00001 0.00001 0.267561 0.732419
0.170154 0.011925 0.00001 0.817911
0.137848 0.020461 0.00001 0.841681
0.05393 0.004313 0.070545 0.871212
0.106774 0.00001 0.00001 0.893206
0.050271 0.00001 0.00001 0.949709
0.00001 0.00001 0.00001 0.99997
0.060586 0.00001 0.213363 0.726041
0.128504 0.00001 0.076264 0.795222
0.060022 0.00001 0.139908 0.80006
0.128033 0.00001 0.11876 0.753197
0.129373 0.00001 0.135294 0.735323
0.148641 0.00001 0.00001 0.851339
0.00001 0.00001 0.090618 0.909362
0.086208 0.00001 0.090812 0.82297
0.007289 0.00001 0.056519 0.936182
0.052441 0.00001 0.072912 0.874637
0.055973 0.00001 0.06667 0.877347
0.061769 0.00001 0.100066 0.838155
0.018653 0.00001 0.162829 0.818508
0.00001 0.00001 0.077183 0.922797
0.018888 0.00001 0.011132 0.96997
0.099734 0.00001 0.00001 0.900246
0.00001 0.00001 0.185786 0.814194
0.027253 0.00001 0.218922 0.753815
0.00001 0.00001 0.175179 0.824801
0.020063 0.00001 0.164636 0.815291
0.126243 0.00001 0.084779 0.788968
0.040901 0.00001 0.177529 0.78156
0.082366 0.00001 0.132776 0.784847
0.08842 0.00001 0.007278 0.904292
0.00001 0.00001 0.198776 0.801204
0.026204 0.00001 0.2099 0.763886
0.14211 0.00001 0.223164 0.634716
0.142066 0.00001 0.236642 0.621282
0.008837 0.00001 0.320423 0.67073
0.046376 0.00001 0.246933 0.706681
0.028496 0.00001 0.136998 0.834496
0.063297 0.00001 0.188017 0.748677
0.015911 0.00001 0.335242 0.648837
0.00001 0.00001 0.321228 0.678752
0.132615 0.00001 0.240982 0.626394
0.158435 0.00001 0.00001 0.841545
0.00001 0.00001 0.003874 0.996106
0.09067 0.00001 0.126341 0.782979
0.006196 0.00001 0.209871 0.783923
0.006983 0.00001 0.020959 0.972048
0.08732 0.006946 0.096561 0.809173
0.063734 0.00001 0.669949 0.266307
0.088228 0.00001 0.427372 0.48439
0.050766 0.00001 0.446163 0.503061
0.00001 0.00001 0.709186 0.290794
0.112613 0.00001 0.585225 0.302152
0.030724 0.00001 0.42123 0.548036
0.00001 0.00001 0.515615 0.484365
0.081215 0.00001 0.590442 0.328333
0.029242 0.00001 0.748807 0.221942
0.167925 0.00001 0.229448 0.602618
0.157086 0.00001 0.323459 0.519445
0.00001 0.00001 0.644003 0.355977
0.049704 0.00001 0.632868 0.317418
0.00001 0.00001 0.336847 0.663133
0.011712 0.00001 0.5749 0.413378
0.005632 0.00001 0.552531 0.441827
0.00001 0.00001 0.637809 0.362171
0.105942 0.00001 0.569234 0.324814
0.009797 0.00001 0.647936 0.342257
0.000014 0.00001 0.493088 0.506887
0.035263 0.00001 0.308675 0.656052
0.00001 0.00001 0.691463 0.308517
0.035562 0.00001 0.690962 0.273466
0.00001 0.00001 0.706208 0.293772
0.99997 0.00001 0.00001 0.00001
0.133497 0.00001 0.495403 0.37109
0.081781 0.00001 0.454791 0.463419
0.11103 0.00001 0.457234 0.431726
0.00001 0.00001 0.99997 0.00001
0.00001 0.00001 0.958351 0.041629
0.00001 0.00001 0.99997 0.00001
0.046401 0.00001 0.953579 0.00001
0.00001 0.00001 0.99997 0.00001
0.050008 0.00001 0.949972 0.00001
0.053902 0.00001 0.930096 0.015992
0.00001 0.00001 0.941252 0.058728
0.00001 0.00001 0.99997 0.00001
0.00001 0.00001 0.99997 0.00001
0.064338 0.00001 0.935642 0.00001
0.00001 0.00001 0.99997 0.00001
0.00001 0.00001 0.99997 0.00001
0.00001 0.00001 0.99997 0.00001
0.00001 0.00001 0.99997 0.00001
0.00001 0.00001 0.99997 0.00001
0.00001 0.00001 0.951926 0.048054
0.045774 0.00001 0.921072 0.033144
0.00001 0.00001 0.99997 0.00001
0.00001 0.00001 0.99997 0.00001
0.00001 0.00001 0.99997 0.00001
0.00001 0.00001 0.99997 0.00001
0.00001 0.00001 0.883621 0.116359
0.00001 0.00001 0.99997 0.00001
0.00001 0.00001 0.99997 0.00001
0.00001 0.00001 0.801628 0.198352
0.00001 0.00001 0.736248 0.263732
0.090018 0.00001 0.809779 0.100193
0.00001 0.00001 0.952547 0.047433
0.000013 0.00001 0.760176 0.239801
0.00001 0.00001 0.731438 0.268542
0.031308 0.00001 0.841294 0.127388
0.00001 0.00001 0.74359 0.25639
0.00001 0.00001 0.944353 0.055627
0.003425 0.00001 0.816567 0.179998
0.00001 0.00001 0.824661 0.175319
0.09488 0.00001 0.75812 0.14699
0.089773 0.00001 0.854332 0.055885
0.00001 0.00001 0.82958 0.1704
0.068684 0.00001 0.755251 0.176055
0.00001 0.00001 0.772009 0.227971
0.00001 0.00001 0.844309 0.155671
0.00001 0.00001 0.818759 0.181221
0.023174 0.00001 0.834225 0.142591
0.043048 0.00001 0.732084 0.224858
0.00001 0.00001 0.827733 0.172247
0.00001 0.00001 0.846847 0.153133
0.01315 0.00001 0.815983 0.170857
0.089975 0.00001 0.883072 0.026943
0.040968 0.00001 0.779616 0.179405
0.028092 0.00001 0.787307 0.18459
0.00001 0.00001 0.777091 0.222889
0.052504 0.00001 0.82472 0.122766
0.036117 0.00001 0.867591 0.096282
0.1028 0.00001 0.831887 0.065303
0.039668 0.00001 0.793099 0.167223
0.00001 0.00001 0.825793 0.174187
0.00001 0.00001 0.869779 0.130201
0.082212 0.00001 0.91122 0.006558
0.057305 0.00001 0.79604 0.146645
0.99997 0.00001 0.00001 0.00001
0.063675 0.00001 0.832861 0.103454
0.99997 0.00001 0.00001 0.00001
0.00001 0.00001 0.978652 0.021328
0.00001 0.00001 0.895325 0.104655
0.017435 0.00001 0.931252 0.051303
0.000018 0.00001 0.834558 0.165414
0.00001 0.00001 0.822646 0.177334
0.079328 0.00001 0.8952 0.025463
0.099512 0.00001 0.830896 0.069582
0.100803 0.00001 0.793782 0.105405
0.051691 0.00001 0.918888 0.02941
0.062132 0.00001 0.820118 0.11774
0.00001 0.00001 0.826209 0.173771
0.00001 0.00001 0.863779 0.136201
0.018793 0.00001 0.889617 0.09158
0.073488 0.00001 0.800359 0.126143
0.071919 0.00001 0.86873 0.059341
0.00001 0.00001 0.861617 0.138363
0.00001 0.00001 0.771602 0.228378
0.00001 0.00001 0.99997 0.00001
0.040392 0.00001 0.741717 0.217881
0.083497 0.00001 0.851981 0.064513
0.00001 0.00001 0.880129 0.119851
0.00001 0.00001 0.822373 0.177607
0.152734 0.00001 0.766856 0.0804
0.00001 0.00001 0.822151 0.177829
0.06332 0.00001 0.75012 0.18655
0.00001 0.00001 0.804665 0.195315
