0.00001 0.00001 0.99997 0.00001
0.00001 0.00001 0.99997 0.00001
0.00001 0.00001 0.99997 0.00001
0.00001 0.00001 0.99997 0.00001
0.00001 0.00001 0.99997 0.00001
0.00001 0.00001 0.99997 0.00001
0.00001 0.322399 0.677581 0.00001
0.00001 0.00001 0.99997 0.00001
0.00001 0.00001 0.99997 0.00001
0.00001 0.00001 0.99997 0.00001
0.00001 0.00001 0.99997 0.00001
0.00001 0.00001 0.99997 0.00001
0.00001 0.277576 0.722404 0.00001
0.00001 0.474495 0.498436 0.027059
0.00001 0.00001 0.99997 0.00001
0.00001 0.00001 0.99997 0.00001
0.00001 0.00001 0.99997 0.00001
0.00001 0.00001 0.99997 0.00001
0.00001 0.00001 0.99997 0.00001
0.00001 0.44242 0.55756 0.00001
0.00001 0.00001 0.99997 0.00001
0.00001 0.493555 0.506425 0.00001
0.00001 0.99997 0.00001 0.00001
0.00001 0.976052 0.00001 0.023928
0.00001 0.725321 0.274659 0.00001
0.00001 0.813526 0.186454 0.00001
0.00001 0.756007 0.218273 0.02571
0.00001 0.747595 0.252385 0.00001
0.00001 0.749647 0.250333 0.00001
0.00001 0.620721 0.379259 0.00001
0.00001 0.720356 0.279624 0.00001
0.001393 0.721174 0.277423 0.00001
0.00001 0.634837 0.342842 0.022311
0.00001 0.770803 0.229177 0.00001
0.00001 0.910791 0.089189 0.00001
0.00001 0.99997 0.00001 0.00001
0.00001 0.795324 0.204656 0.00001
0.00001 0.739812 0.260168 0.00001
0.00001 0.687907 0.312073 0.00001
0.00001 0.889904 0.110076 0.00001
0.00001 0.878996 0.120984 0.00001
0.00001 0.99997 0.00001 0.00001
0.00001 0.785737 0.197413 0.01684
0.00001 0.699093 0.252471 0.048426
0.00001 0.685648 0.314332 0.00001
0.00001 0.793673 0.206307 0.00001
0.00001 0.887976 0.112004 0.00001
0.00001 0.714763 0.285217 0.00001
0.00001 0.812154 0.187826 0.00001
0.00001 0.641701 0.343357 0.014931
0.00001 0.66782 0.33216 0.00001
0.00001 0.762004 0.233102 0.004884
0.00001 0.99997 0.00001 0.00001
0.00001 0.863438 0.136542 0.00001
0.00001 0.991358 0.00001 0.008622
0.00001 0.801429 0.198551 0.00001
0.00001 0.608394 0.375404 0.016192
0.00001 0.89277 0.10721 0.00001
0.00001 0.748999 0.250981 0.00001
0.00001 0.708914 0.266775 0.024301
0.00001 0.99997 0.00001 0.00001
0.00001 0.762787 0.237193 0.00001
0.00001 0.773967 0.226013 0.00001
0.00001 0.695342 0.294131 0.010517
0.00001 0.526043 0.473937 0.00001
0.00001 0.743169 0.256811 0.00001
0.00001 0.836104 0.163876 0.00001
0.00001 0.718986 0.280994 0.00001
0.003973 0.7445 0.251518 0.00001
0.00001 0.777006 0.222974 0.00001
0.00001 0.687825 0.312155 0.00001
0.00001 0.709331 0.284701 0.005958
0.00001 0.808382 0.191598 0.00001
0.000014 0.750192 0.249784 0.00001
0.00001 0.678205 0.321775 0.00001
0.00001 0.704634 0.291298 0.004057
0.00001 0.766365 0.233615 0.00001
0.000017 0.658221 0.341752 0.00001
0.00001 0.708747 0.283208 0.008035
0.00001 0.765083 0.234897 0.00001
0.00001 0.587738 0.335048 0.077205
0.00001 0.790089 0.209891 0.00001
0.00001 0.986043 0.013937 0.00001
0.00001 0.617973 0.382007 0.00001
0.00001 0.806184 0.193796 0.00001
0.00001 0.727464 0.269216 0.00331
0.00001 0.853229 0.146751 0.00001
0.00001 0.835867 0.164113 0.00001
0.00001 0.722737 0.274741 0.002512
0.00001 0.629132 0.370848 0.00001
0.00001 0.783903 0.216077 0.00001
0.00001 0.775286 0.212047 0.012657
0.001572 0.591015 0.407403 0.00001
0.00001 0.99997 0.00001 0.00001
0.00001 0.620308 0.379672 0.00001
0.00001 0.99997 0.00001 0.00001
0.000547 0.834761 0.164682 0.00001
0.00001 0.851449 0.148531 0.00001
0.00001 0.660443 0.339537 0.00001
0.00001 0.99997 0.00001 0.00001
0.00001 0.717108 0.282872 0.00001
0.00001 0.680191 0.319789 0.00001
0.00001 0.8541 0.14588 0.00001
0.00001 0.725377 0.274603 0.00001
0.00001 0.813654 0.184185 0.002151
0.00001 0.898151 0.101829 0.00001
0.00001 0.822565 0.177415 0.00001
0.00001 0.699212 0.300768 0.00001
0.00001 0.707654 0.291581 0.000755
0.00001 0.99997 0.00001 0.00001
0.00001 0.99997 0.00001 0.00001
0.00001 0.810363 0.189617 0.00001
0.00001 0.677098 0.322882 0.00001
0.00001 0.768431 0.231549 0.00001
0.00001 0.744942 0.255038 0.00001
0.00001 0.926591 0.073389 0.00001
0.00001 0.780064 0.219916 0.00001
0.00001 0.777995 0.221985 0.00001
0.00001 0.622474 0.377506 0.00001
0.00001 0.651515 0.344678 0.003797
0.00001 0.664451 0.335529 0.00001
0.00001 0.876598 0.123382 0.00001
0.00001 0.782226 0.217754 0.00001
0.00001 0.788303 0.211677 0.00001
0.00001 0.735298 0.264682 0.00001
0.004631 0.955338 0.04002 0.00001
0.00001 0.99997 0.00001 0.00001
0.00001 0.858133 0.141847 0.00001
0.00001 0.99997 0.00001 0.00001
0.00001 0.784789 0.215191 0.00001
0.00001 0.75716 0.214524 0.028306
0.098959 0.356407 0.15372 0.390914
0.089281 0.363677 0.164814 0.382228
0.137933 0.555402 0.05649 0.250175
0.079411 0.625291 0.133432 0.161866
0.045378 0.713632 0.055096 0.185894
0.044692 0.611782 0.146412 0.197114
0.273701 0.161183 0.039278 0.525838
0.084875 0.339515 0.1271 0.448509
0.170826 0.193297 0.156709 0.479169
0.10137 0.546042 0.174275 0.178313
0.009033 0.630222 0.170225 0.19052
0.324664 0.101533 0.00001 0.573793
0.055831 0.183598 0.119882 0.640689
0.286594 0.117657 0.102554 0.493194
0.129388 0.141371 0.059824 0.669417
0.078243 0.646649 0.098057 0.177051
0.054206 0.565955 0.208686 0.171152
0.115299 0.550497 0.097155 0.237048
0.00001 0.515313 0.21097 0.273707
0.00001 0.585182 0.194335 0.220472
0.00001 0.621295 0.184979 0.193716
0.00001 0.571629 0.315855 0.112506
0.159539 0.636307 0.00001 0.204144
0.037631 0.600453 0.100477 0.261439
0.00001 0.611961 0.030858 0.357171
0.20726 0.478236 0.254071 0.060434
0.050145 0.662445 0.168501 0.118909
0.03216 0.522152 0.243397 0.202291
0.00001 0.622039 0.193014 0.184937
0.093886 0.592105 0.206282 0.107726
0.068527 0.512618 0.168786 0.250069
0.072868 0.65535 0.174152 0.097631
0.064565 0.638271 0.16594 0.131224
0.166906 0.594292 0.187887 0.050915
0.069223 0.556035 0.231292 0.143449
0.039705 0.566647 0.176882 0.216765
0.00001 0.527153 0.269112 0.203725
0.049868 0.691726 0.109558 0.148847
0.00001 0.587778 0.193086 0.219126
0.060798 0.681389 0.113066 0.144747
0.00001 0.485549 0.058207 0.456234
0.069929 0.596844 0.135698 0.197528
0.0662 0.61256 0.212972 0.108268
0.082726 0.65632 0.260944 0.00001
0.130511 0.00001 0.00001 0.869469
0.181256 0.004675 0.00001 0.814059
0.093765 0.00001 0.00001 0.906215
0.00001 0.00001 0.00001 0.99997
0.109089 0.00001 0.00001 0.890891
0.136337 0.00001 0.00001 0.863643
0.094239 0.00001 0.00001 0.905741
0.131149 0.00001 0.00001 0.868831
0.172802 0.00001 0.00001 0.827178
0.243992 0.00001 0.00001 0.755988
0.00001 0.00001 0.00001 0.99997
0.05412 0.000014 0.00001 0.945856
0.114115 0.00001 0.00001 0.885865
0.079576 0.00001 0.00001 0.920404
0.00001 0.00001 0.00001 0.99997
0.0402 0.00001 0.00001 0.95978
0.125052 0.00001 0.00001 0.874928
0.10795 0.00001 0.00001 0.89203
0.189981 0.00001 0.023399 0.78661
0.17877 0.00001 0.00001 0.82121
0.08017 0.00001 0.00001 0.91981
0.087402 0.00001 0.00001 0.912578
0.205309 0.00001 0.00001 0.794671
0.242271 0.00001 0.00001 0.757709
0.125598 0.00001 0.00001 0.874382
0.128434 0.00001 0.00001 0.871546
0.156697 0.00001 0.00001 0.843283
0.226809 0.00001 0.00001 0.773171
0.111678 0.00001 0.00001 0.888302
0.182149 0.00001 0.00001 0.817831
0.087179 0.00001 0.00001 0.912801
0.119243 0.00512 0.00001 0.875627
0.109249 0.00001 0.00001 0.890731
0.186965 0.00001 0.00001 0.813015
0.058166 0.00001 0.00001 0.941814
0.190595 0.00001 0.00001 0.809385
0.023962 0.00001 0.00001 0.976018
0.015431 0.000011 0.00001 0.984548
0.058454 0.00001 0.00001 0.941526
0.102568 0.00001 0.00001 0.897412
0.23044 0.00001 0.00001 0.76954
0.192712 0.00001 0.00001 0.807268
0.00001 0.040999 0.00001 0.958981
0.00001 0.03149 0.00001 0.96849
0.29829 0.00001 0.00001 0.70169
0.081437 0.00001 0.00001 0.918543
0.220307 0.014231 0.00001 0.765451
0.028789 0.00001 0.028434 0.942767
0.22826 0.00001 0.00001 0.77172
0.25901 0.00001 0.00001 0.74097
0.13109 0.00001 0.00001 0.86889
0.139051 0.00001 0.00001 0.860929
0.042661 0.00001 0.00001 0.957319
0.077403 0.00001 0.00001 0.922577
0.094172 0.00001 0.00001 0.905808
0.126736 0.00001 0.00001 0.873244
0.078784 0.00001 0.00001 0.921196
0.165087 0.00001 0.00001 0.834893
0.130348 0.002658 0.00001 0.866984
0.242903 0.00001 0.00001 0.757077
0.034234 0.023424 0.00001 0.942333
0.00001 0.024425 0.00001 0.975555
0.07963 0.00001 0.00997 0.91039
0.00001 0.00001 0.003442 0.996538
0.00001 0.00001 0.00001 0.99997
0.00001 0.00001 0.00001 0.99997
0.233929 0.00001 0.00001 0.766051
0.117667 0.00001 0.006087 0.876236
0.141769 0.00001 0.00001 0.858211
0.170006 0.00001 0.00001 0.829974
0.16815 0.003555 0.00001 0.828284
0.025531 0.00001 0.00001 0.974449
0.07564 0.00001 0.00001 0.92434
0.121606 0.00001 0.00001 0.878374
0.019114 0.00001 0.00001 0.980866
0.076199 0.00219 0.00001 0.921601
0.071707 0.00001 0.00001 0.928273
0.119091 0.00001 0.00001 0.880889
0.141264 0.00001 0.00001 0.858716
0.043823 0.00001 0.00001 0.956157
0.00001 0.00001 0.00001 0.99997
0.025685 0.00001 0.00001 0.974295
0.136117 0.00001 0.00001 0.863863
0.212163 0.00001 0.00001 0.787817
0.153203 0.00001 0.00001 0.846777
0.14894 0.00001 0.00001 0.85104
0.134846 0.00001 0.00001 0.865134
0.17541 0.00001 0.00001 0.82457
0.160756 0.00001 0.00001 0.839224
0.058623 0.00001 0.00001 0.941357
0.175779 0.00001 0.00001 0.824201
0.181188 0.00001 0.00001 0.818792
0.301467 0.00001 0.00001 0.698513
0.314609 0.00001 0.00001 0.685371
0.298282 0.00001 0.00001 0.701698
0.251338 0.00001 0.00001 0.748642
0.132107 0.00001 0.00001 0.867873
0.197646 0.00001 0.00001 0.802334
0.325554 0.00001 0.00001 0.674426
0.303844 0.00001 0.00001 0.696136
0.318505 0.00001 0.00001 0.681475
0.00001 0.00001 0.00001 0.99997
0.00001 0.00001 0.00001 0.99997
0.153786 0.00001 0.00001 0.846194
0.199155 0.00001 0.00001 0.800825
0.00001 0.00001 0.00001 0.99997
0.120542 0.00001 0.010489 0.868959
0.716741 0.00001 0.00001 0.283239
0.46685 0.00001 0.00001 0.53313
0.468673 0.00001 0.00001 0.531307
0.702546 0.00001 0.00001 0.297434
0.665804 0.00001 0.00001 0.334176
0.428697 0.00001 0.00001 0.571283
0.499467 0.00001 0.00001 0.500513
0.636315 0.00001 0.00001 0.363665
0.767628 0.00001 0.00001 0.232352
0.300723 0.00001 0.00001 0.699257
0.420598 0.00001 0.00001 0.579382
0.64139 0.00001 0.00001 0.35859
0.652362 0.00001 0.00001 0.347618
0.317832 0.00001 0.00001 0.682148
0.566085 0.00001 0.00001 0.433895
0.548342 0.00001 0.00001 0.451638
0.635946 0.00001 0.00001 0.364034
0.63986 0.00001 0.00001 0.36012
0.645756 0.00001 0.00001 0.354224
0.475963 0.00001 0.00001 0.524017
0.312497 0.00001 0.00001 0.687483
0.693251 0.00001 0.00001 0.306729
0.710465 0.00001 0.00001 0.289515
0.708864 0.00001 0.00001 0.291116
0.390692 0.00001 0.00001 0.609288
0.583344 0.00001 0.00001 0.416636
0.478971 0.00001 0.00001 0.521009
0.519569 0.00001 0.00001 0.480411
0.99997 0.00001 0.00001 0.00001
0.96933 0.00001 0.00001 0.03065
0.99997 0.00001 0.00001 0.00001
0.99997 0.00001 0.00001 0.00001
0.99997 0.00001 0.00001 0.00001
0.99997 0.00001 0.00001 0.00001
0.971901 0.00001 0.00001 0.028079
0.942817 0.00001 0.00001 0.057163
0.99997 0.00001 0.00001 0.00001
0.99997 0.00001 0.00001 0.00001
0.99997 0.00001 0.00001 0.00001
0.99997 0.00001 0.00001 0.00001
0.99997 0.00001 0.00001 0.00001
0.99997 0.00001 0.00001 0.00001
0.99997 0.00001 0.00001 0.00001
0.99997 0.00001 0.00001 0.00001
0.93935 0.00001 0.00001 0.06063
0.948481 0.00001 0.00001 0.051499
0.99997 0.00001 0.00001 0.00001
0.99997 0.00001 0.00001 0.00001
0.99997 0.00001 0.00001 0.00001
0.99997 0.00001 0.00001 0.00001
0.892089 0.00001 0.00001 0.107891
0.99997 0.00001 0.00001 0.00001
0.99997 0.00001 0.00001 0.00001
0.804477 0.00001 0.00001 0.195503
0.719053 0.000015 0.00001 0.280921
0.850803 0.00001 0.00001 0.149177
0.944085 0.00001 0.00001 0.055895
0.768246 0.00001 0.00001 0.231734
0.730313 0.00001 0.00001 0.269667
0.856638 0.00001 0.00001 0.143342
0.744461 0.00001 0.00001 0.255519
0.951965 0.00001 0.00001 0.048015
0.817957 0.00001 0.00001 0.182023
0.814513 0.00001 0.00001 0.185467
0.835825 0.00001 0.00001 0.164155
0.919866 0.00001 0.00001 0.080114
0.829769 0.00001 0.00001 0.170211
0.795355 0.00001 0.00001 0.204625
0.778589 0.00001 0.00001 0.221391
0.832608 0.00001 0.00001 0.167372
0.800803 0.00001 0.00001 0.199177
0.858764 0.00001 0.00001 0.141216
0.742338 0.00001 0.00001 0.257642
0.825611 0.00001 0.00001 0.174369
0.842581 0.00001 0.00001 0.157399
0.805089 0.00001 0.00001 0.194891
0.943887 0.00001 0.00001 0.056093
0.818126 0.00001 0.00001 0.181854
0.799049 0.00001 0.00001 0.200931
0.775967 0.00001 0.00001 0.224013
0.862315 0.00001 0.00001 0.137665
0.901776 0.00001 0.00001 0.098204
0.932384 0.00001 0.00001 0.067596
0.81058 0.00001 0.00001 0.1894
0.826358 0.00001 0.00001 0.173622
0.846495 0.00001 0.00001 0.153485
0.96796 0.00001 0.00001 0.03202
0.831663 0.00001 0.00001 0.168317
0.99997 0.00001 0.00001 0.00001
0.889556 0.00001 0.00001 0.110424
0.99997 0.00001 0.00001 0.00001
0.991652 0.00001 0.00001 0.008328
0.894789 0.00001 0.00001 0.105191
0.950645 0.00001 0.00001 0.049335
0.838188 0.00001 0.00001 0.161792
0.805541 0.00001 0.00001 0.194439
0.961605 0.00001 0.00001 0.038375
0.904828 0.00001 0.00001 0.095152
0.866906 0.00001 0.00001 0.133074
0.963738 0.00001 0.00001 0.036242
0.868473 0.00001 0.00001 0.131507
0.828972 0.00001 0.00001 0.171008
0.873542 0.00001 0.00001 0.126438
0.897253 0.00001 0.00001 0.102727
0.867575 0.00001 0.00001 0.132405
0.942158 0.00001 0.00001 0.057822
0.866752 0.00001 0.00001 0.133228
0.778186 0.00001 0.00001 0.221794
0.99997 0.00001 0.00001 0.00001
0.76095 0.00001 0.00001 0.23903
0.924653 0.00001 0.00001 0.075327
0.86579 0.00001 0.00001 0.13419
0.827814 0.00001 0.00001 0.172166
0.868763 0.00001 0.00001 0.131217
0.826707 0.00001 0.00001 0.173273
0.793385 0.00001 0.00001 0.206595
0.80439 0.00001 0.00001 0.19559
