0.819505 0.00001 0.180465 0.00001 0.00001
0.863095 0.00001 0.136875 0.00001 0.00001
0.844527 0.00001 0.155443 0.00001 0.00001
0.776466 0.00001 0.223504 0.00001 0.00001
0.00001 0.00001 0.99996 0.00001 0.00001
0.79037 0.00001 0.2096 0.00001 0.00001
0.823869 0.00001 0.176101 0.00001 0.00001
0.849874 0.00001 0.150096 0.00001 0.00001
0.831743 0.00001 0.168227 0.00001 0.00001
0.781176 0.00001 0.218794 0.00001 0.00001
0.00001 0.00001 0.99996 0.00001 0.00001
0.752169 0.00001 0.247801 0.00001 0.00001
0.863829 0.00001 0.136141 0.00001 0.00001
0.859502 0.009161 0.112858 0.01847 0.00001
0.817997 0.00001 0.181973 0.00001 0.00001
0.849237 0.00001 0.150733 0.00001 0.00001
0.832079 0.00001 0.167891 0.00001 0.00001
0.800476 0.000011 0.199493 0.00001 0.00001
0.84978 0.00001 0.15019 0.00001 0.00001
0.847308 0.00001 0.152662 0.00001 0.00001
0.00001 0.00001 0.99996 0.00001 0.00001
0.830818 0.00001 0.169152 0.00001 0.00001
0.980614 0.00001 0.019356 0.00001 0.00001
0.96846 0.03151 0.00001 0.00001 0.00001
0.949486 0.00001 0.050484 0.00001 0.00001
0.994323 0.00001 0.005647 0.00001 0.00001
0.970934 0.028145 0.000901 0.00001 0.00001
0.955127 0.00001 0.044843 0.00001 0.00001
0.93594 0.002002 0.062038 0.00001 0.00001
0.901636 0.00001 0.098334 0.00001 0.00001
0.984369 0.00001 0.015601 0.00001 0.00001
0.951392 0.00001 0.044471 0.004117 0.00001
0.923687 0.023947 0.052346 0.00001 0.00001
0.972667 0.00001 0.027303 0.00001 0.00001
0.99996 0.00001 0.00001 0.00001 0.00001
0.99996 0.00001 0.00001 0.00001 0.00001
0.937612 0.00001 0.061134 0.00001 0.001234
0.931997 0.00001 0.067973 0.00001 0.00001
0.955369 0.00001 0.044601 0.00001 0.00001
0.979994 0.00001 0.014621 0.005365 0.00001
0.982929 0.00001 0.017041 0.00001 0.00001
0.99996 0.00001 0.00001 0.00001 0.00001
0.913567 0.00001 0.064709 0.021704 0.00001
0.908023 0.050575 0.041381 0.00001 0.00001
0.92038 0.00001 0.0791 0.00001 0.0005
0.986249 0.00001 0.013721 0.00001 0.00001
0.99996 0.00001 0.00001 0.00001 0.00001
0.967872 0.00001 0.032098 0.00001 0.00001
0.954151 0.00001 0.045819 0.00001 0.00001
0.885965 0.00706 0.098744 0.008221 0.00001
0.931958 0.00001 0.068012 0.00001 0.00001
0.945182 0.008063 0.046735 0.00001 0.00001
0.99996 0.00001 0.00001 0.00001 0.00001
0.978937 0.00001 0.021033 0.00001 0.00001
0.973739 0.00001 0.009948 0.00001 0.016294
0.925803 0.00001 0.074167 0.00001 0.00001
0.87519 0.016263 0.108527 0.00001 0.00001
0.997793 0.002177 0.00001 0.00001 0.00001
0.958128 0.00001 0.041842 0.00001 0.00001
0.924636 0.00001 0.050072 0.025272 0.00001
0.99996 0.00001 0.00001 0.00001 0.00001
0.968836 0.00001 0.031134 0.00001 0.00001
0.937383 0.00001 0.062587 0.00001 0.00001
0.906454 0.00001 0.080686 0.01284 0.00001
0.874836 0.00001 0.125134 0.00001 0.00001
0.975262 0.00001 0.024708 0.00001 0.00001
0.99996 0.00001 0.00001 0.00001 0.00001
0.941982 0.00001 0.057988 0.00001 0.00001
0.993638 0.00001 0.00001 0.006332 0.00001
0.99996 0.00001 0.00001 0.00001 0.00001
0.963297 0.00001 0.036673 0.00001 0.00001
0.902637 0.0065 0.090842 0.00001 0.00001
0.948538 0.00001 0.051432 0.00001 0.00001
0.926224 0.00001 0.073746 0.00001 0.00001
0.897323 0.00001 0.102647 0.00001 0.00001
0.931331 0.005593 0.063056 0.00001 0.00001
0.992341 0.00001 0.007629 0.00001 0.00001
0.908035 0.00001 0.091935 0.00001 0.00001
0.945882 0.00001 0.043905 0.010193 0.00001
0.948718 0.00001 0.051252 0.00001 0.00001
0.83138 0.035537 0.092133 0.04094 0.00001
0.99996 0.00001 0.00001 0.00001 0.00001
0.980513 0.00001 0.019457 0.00001 0.00001
0.900014 0.00001 0.099956 0.00001 0.00001
0.999955 0.00001 0.000015 0.00001 0.00001
0.958522 0.00001 0.034956 0.006502 0.00001
0.99996 0.00001 0.00001 0.00001 0.00001
0.971747 0.00001 0.028223 0.00001 0.00001
0.943119 0.00001 0.052324 0.00001 0.004538
0.937829 0.00001 0.060558 0.001592 0.00001
0.962221 0.00001 0.037749 0.00001 0.00001
0.937464 0.01433 0.048186 0.00001 0.00001
0.929204 0.00001 0.065661 0.005115 0.00001
0.99704 0.00001 0.00293 0.00001 0.00001
0.922112 0.00001 0.077858 0.00001 0.00001
0.99996 0.00001 0.00001 0.00001 0.00001
0.978097 0.00001 0.01852 0.003363 0.00001
0.971793 0.00001 0.028177 0.00001 0.00001
0.941243 0.00001 0.058727 0.00001 0.00001
0.998088 0.00001 0.001882 0.00001 0.00001
0.940268 0.000014 0.059698 0.00001 0.00001
0.94186 0.00001 0.05811 0.00001 0.00001
0.960077 0.00001 0.039893 0.00001 0.00001
0.977724 0.00001 0.021481 0.000775 0.00001
0.974735 0.005497 0.019748 0.00001 0.00001
0.984662 0.00001 0.015308 0.00001 0.00001
0.913065 0.001164 0.085751 0.00001 0.00001
0.96427 0.00001 0.0357 0.00001 0.00001
0.910644 0.001342 0.087994 0.00001 0.00001
0.981272 0.00001 0.018698 0.00001 0.00001
0.99996 0.00001 0.00001 0.00001 0.00001
0.948539 0.00001 0.051431 0.00001 0.00001
0.9584 0.00001 0.04157 0.00001 0.00001
0.96344 0.00001 0.03653 0.00001 0.00001
0.953392 0.00001 0.046578 0.00001 0.00001
0.970894 0.00001 0.029076 0.00001 0.00001
0.99996 0.00001 0.00001 0.00001 0.00001
0.968154 0.00001 0.031816 0.00001 0.00001
0.952438 0.00001 0.047532 0.00001 0.00001
0.953117 0.004906 0.041958 0.00001 0.00001
0.94767 0.00001 0.0523 0.00001 0.00001
0.996816 0.00001 0.003154 0.00001 0.00001
0.957437 0.00001 0.042533 0.00001 0.00001
0.947084 0.00001 0.052886 0.00001 0.00001
0.994307 0.00001 0.005663 0.00001 0.00001
0.963711 0.00001 0.022926 0.00001 0.013343
0.998471 0.00001 0.00001 0.00001 0.001499
0.966169 0.00001 0.033801 0.00001 0.00001
0.996736 0.003234 0.00001 0.00001 0.00001
0.979274 0.00001 0.020696 0.00001 0.00001
0.90592 0.00001 0.063021 0.031039 0.00001
0.460651 0.325154 0.049158 0.026716 0.138321
0.486133 0.3278 0.041174 0.144883 0.00001
0.610671 0.197772 0.00001 0.062775 0.128771
0.712499 0.12472 0.044786 0.011923 0.106072
0.767149 0.162493 0.00001 0.070338 0.00001
0.745293 0.170207 0.011545 0.072945 0.00001
0.195581 0.435326 0.004422 0.174031 0.19064
0.415449 0.34835 0.051488 0.044261 0.140451
0.314545 0.368601 0.035974 0.103002 0.177878
0.677369 0.142547 0.04226 0.084002 0.053822
0.749312 0.129885 0.050556 0.070237 0.00001
0.059635 0.462738 0.039803 0.215942 0.221883
0.245417 0.524115 0.058005 0.052258 0.120205
0.169758 0.373049 0.050768 0.055865 0.35056
0.176345 0.549718 0.024367 0.09202 0.157551
0.74264 0.13919 0.00001 0.118151 0.00001
0.729763 0.153484 0.043339 0.063667 0.009746
0.615484 0.191915 0.030735 0.00001 0.161857
0.652907 0.225689 0.072905 0.00001 0.04849
0.729722 0.176414 0.048837 0.00001 0.045017
0.758185 0.153457 0.046657 0.00001 0.041691
0.79234 0.095495 0.094686 0.017469 0.00001
0.634661 0.158873 0.00001 0.051321 0.155135
0.683719 0.214342 0.015513 0.052577 0.033848
0.6114 0.266285 0.031199 0.00001 0.091105
0.689736 0.033004 0.042198 0.074951 0.160112
0.829567 0.101164 0.000016 0.069243 0.00001
0.703229 0.17791 0.061242 0.05761 0.00001
0.780924 0.159179 0.032868 0.027018 0.00001
0.735041 0.092657 0.062003 0.063573 0.046726
0.680604 0.190827 0.000365 0.00001 0.128194
0.794339 0.089879 0.033315 0.082457 0.00001
0.769358 0.03464 0.035403 0.00001 0.160589
0.735428 0.043164 0.04513 0.103372 0.072905
0.701753 0.12154 0.084931 0.066601 0.025175
0.73065 0.155862 0.012246 0.00001 0.101233
0.742073 0.187981 0.052831 0.00001 0.017104
0.777028 0.120663 0.023081 0.039923 0.039306
0.744304 0.200422 0.03526 0.020004 0.00001
0.770447 0.120731 0.022074 0.00001 0.086739
0.54241 0.409285 0.00001 0.003162 0.045134
0.699186 0.180929 0.031164 0.088711 0.00001
0.766888 0.066997 0.058503 0.107602 0.00001
0.85826 0.00001 0.058652 0.00001 0.083068
0.000014 0.729388 0.00001 0.141189 0.129399
0.000018 0.708738 0.00001 0.291224 0.00001
0.00001 0.759016 0.00001 0.240954 0.00001
0.00001 0.837857 0.00001 0.13161 0.030513
0.00001 0.769355 0.00001 0.230615 0.00001
0.00001 0.724629 0.00001 0.168811 0.106541
0.00001 0.755846 0.00001 0.142116 0.102018
0.00001 0.672723 0.00001 0.00001 0.327247
0.00001 0.690122 0.00001 0.166744 0.143115
0.00001 0.613374 0.00001 0.155761 0.230845
0.00001 0.907378 0.00001 0.00001 0.092592
0.00001 0.789542 0.00001 0.210428 0.00001
0.00001 0.739032 0.00001 0.129966 0.130982
0.00001 0.738576 0.00001 0.040019 0.221384
0.00001 0.851262 0.00001 0.111511 0.037208
0.00001 0.789209 0.00001 0.210761 0.00001
0.00001 0.72341 0.00001 0.145344 0.131227
0.00001 0.72183 0.00001 0.115374 0.162776
0.00001 0.635271 0.021526 0.096148 0.247045
0.00001 0.665599 0.00001 0.116938 0.217443
0.00001 0.780615 0.00001 0.198595 0.02077
0.00001 0.742863 0.00001 0.039779 0.217339
0.00001 0.65679 0.00001 0.23398 0.10921
0.00001 0.610428 0.00001 0.012296 0.377256
0.00001 0.756606 0.00001 0.243364 0.00001
0.00001 0.693669 0.00001 0.00001 0.306301
0.00001 0.685035 0.00001 0.098186 0.216759
0.00001 0.640405 0.00001 0.215339 0.144236
0.00001 0.720141 0.00001 0.089618 0.190221
0.00001 0.631168 0.00001 0.00001 0.368802
0.00001 0.788828 0.00001 0.211142 0.00001
0.0016 0.71426 0.00001 0.101736 0.182394
0.00001 0.665829 0.00001 0.00001 0.334141
0.00001 0.665422 0.00001 0.162873 0.171685
0.00001 0.791733 0.00001 0.170855 0.037392
0.00001 0.660494 0.00001 0.037716 0.301771
0.00001 0.797417 0.00001 0.114576 0.087986
0.00001 0.79916 0.00001 0.074176 0.126644
0.00001 0.771693 0.00001 0.040699 0.187588
0.00001 0.775728 0.00001 0.224242 0.00001
0.00001 0.615814 0.00001 0.150605 0.233561
0.00001 0.644685 0.00001 0.066016 0.289279
0.037827 0.826415 0.00001 0.135739 0.00001
0.00001 0.820765 0.026444 0.152771 0.00001
0.00001 0.564936 0.00001 0.201991 0.233053
0.00001 0.76958 0.00001 0.23039 0.00001
0.012505 0.619049 0.00001 0.103027 0.26541
0.029306 0.77042 0.00001 0.04285 0.157414
0.00001 0.610605 0.00001 0.04039 0.348985
0.00001 0.595181 0.00001 0.143239 0.26156
0.00001 0.712836 0.00001 0.160435 0.126709
0.00001 0.720011 0.00001 0.279959 0.00001
0.00001 0.767175 0.00001 0.00225 0.230555
0.00001 0.756427 0.00001 0.036554 0.206999
0.00001 0.691528 0.00001 0.00001 0.308442
0.00001 0.690187 0.00001 0.050312 0.259481
0.00001 0.762747 0.00001 0.13942 0.097812
0.00001 0.690695 0.00001 0.125072 0.184213
0.00001 0.671499 0.011403 0.00001 0.317078
0.00001 0.668921 0.00001 0.331049 0.00001
0.021835 0.776674 0.00001 0.063101 0.138381
0.024429 0.772533 0.00001 0.00001 0.203018
0.00001 0.738685 0.016173 0.115996 0.129136
0.00001 0.827517 0.00001 0.065222 0.107241
0.00001 0.866987 0.00001 0.132983 0.00001
0.00001 0.910093 0.00001 0.00001 0.089877
0.00001 0.635272 0.00001 0.164382 0.200326
0.00001 0.682761 0.011644 0.00001 0.305575
0.00001 0.732412 0.00001 0.267558 0.00001
0.00001 0.692258 0.00001 0.19439 0.113332
0.00001 0.703025 0.00001 0.249305 0.04765
0.00001 0.793518 0.00001 0.064799 0.141663
0.00001 0.7427 0.00001 0.054831 0.202449
0.00001 0.738502 0.00001 0.150926 0.110552
0.00001 0.796755 0.00001 0.08616 0.117065
0.000317 0.756529 0.00001 0.116042 0.127102
0.00001 0.720646 0.00001 0.00001 0.279324
0.00001 0.738859 0.00001 0.261111 0.00001
0.00001 0.703848 0.00001 0.075697 0.220435
0.00001 0.820661 0.00001 0.179309 0.00001
0.00001 0.855354 0.00001 0.144616 0.00001
0.00001 0.747067 0.00001 0.00001 0.252903
0.00001 0.730801 0.00001 0.239191 0.029987
0.00001 0.632106 0.00001 0.031798 0.336075
0.00001 0.730836 0.00001 0.220222 0.048922
0.00001 0.714781 0.00001 0.187535 0.097664
0.00001 0.715186 0.00001 0.144904 0.139891
0.00001 0.67148 0.00001 0.174677 0.153822
0.00001 0.66242 0.00001 0.00001 0.33755
0.00001 0.791157 0.00001 0.137976 0.070847
0.00001 0.723058 0.00001 0.276912 0.00001
0.00001 0.652336 0.00001 0.093631 0.254014
0.00001 0.519957 0.00001 0.00001 0.480013
0.00001 0.555999 0.00001 0.111741 0.33224
0.00001 0.564089 0.00001 0.102332 0.33356
0.00001 0.607946 0.00001 0.165573 0.226461
0.00001 0.694786 0.00001 0.00001 0.305184
0.00001 0.654792 0.00001 0.119704 0.225485
0.00001 0.56418 0.00001 0.270445 0.165354
0.00001 0.577469 0.00001 0.252437 0.170074
0.00001 0.556359 0.00001 0.218906 0.224716
0.00001 0.861817 0.00001 0.00001 0.138153
0.00001 0.855808 0.00001 0.144162 0.00001
0.00001 0.74171 0.00001 0.25826 0.00001
0.00001 0.664004 0.00001 0.131607 0.204369
0.00001 0.800416 0.00001 0.199554 0.00001
0.00739 0.721285 0.00001 0.105163 0.166152
0.00001 0.176464 0.00001 0.204323 0.619192
0.00001 0.396089 0.00001 0.169807 0.434084
0.00001 0.396918 0.00001 0.21117 0.391893
0.00001 0.210331 0.00001 0.353443 0.436206
0.00001 0.260855 0.00001 0.38566 0.353465
0.00001 0.428982 0.00001 0.154337 0.416661
0.00001 0.38483 0.00001 0.242852 0.372297
0.00001 0.285287 0.00001 0.398018 0.316675
0.00001 0.126014 0.00001 0.199786 0.674181
0.00001 0.544151 0.00001 0.144654 0.311175
0.00001 0.434944 0.00001 0.00001 0.565026
0.00001 0.257467 0.00001 0.240486 0.502026
0.00001 0.224391 0.00001 0.236535 0.539054
0.00001 0.548041 0.00001 0.215665 0.236274
0.00001 0.335994 0.00001 0.308106 0.355881
0.00001 0.333146 0.00001 0.207119 0.459715
0.000017 0.273436 0.00001 0.331541 0.394996
0.00001 0.236489 0.00001 0.221371 0.54212
0.00001 0.265522 0.00001 0.294202 0.440256
0.00001 0.439281 0.00001 0.341784 0.218916
0.00001 0.550535 0.00001 0.189871 0.259573
0.00001 0.210466 0.00001 0.309592 0.479923
0.00001 0.177686 0.00001 0.224503 0.597792
0.00001 0.167618 0.00001 0.198584 0.633779
0.00001 0.357937 0.00001 0.00001 0.642033
0.00001 0.310341 0.00001 0.198693 0.490946
0.00001 0.387452 0.00001 0.213944 0.398584
0.00001 0.3542 0.00001 0.1803 0.465481
0.00001 0.00001 0.00001 0.99996 0.00001
0.00001 0.020688 0.00001 0.592531 0.386761
0.00001 0.00001 0.00001 0.597495 0.402475
0.00001 0.00001 0.00001 0.99996 0.00001
0.00001 0.00001 0.00001 0.63491 0.36506
0.00001 0.00001 0.00001 0.99996 0.00001
0.00001 0.00001 0.00001 0.28797 0.712
0.00001 0.000012 0.00001 0.352574 0.647395
0.00001 0.00001 0.00001 0.508265 0.491705
0.00001 0.00001 0.00001 0.99996 0.00001
0.00001 0.00001 0.00001 0.596034 0.403936
0.00001 0.00001 0.00001 0.652547 0.347423
0.00001 0.00001 0.00001 0.99996 0.00001
0.00001 0.00001 0.00001 0.690695 0.309275
0.00001 0.00001 0.00001 0.99996 0.00001
0.00001 0.00001 0.00001 0.55291 0.44706
0.00001 0.00001 0.00001 0.99996 0.00001
0.00001 0.015423 0.00001 0.454922 0.529635
0.00001 0.00001 0.00001 0.99996 0.00001
0.00001 0.00001 0.00001 0.662212 0.337758
0.00001 0.00001 0.00001 0.549083 0.450887
0.00001 0.00001 0.00001 0.99996 0.00001
0.00001 0.057916 0.00001 0.477918 0.464147
0.00001 0.00001 0.00001 0.99996 0.00001
0.00001 0.00001 0.00001 0.99996 0.00001
0.00001 0.13253 0.00001 0.355726 0.511725
0.00001 0.213264 0.00001 0.429174 0.357542
0.00001 0.00001 0.00001 0.00001 0.99996
0.00001 0.00001 0.00001 0.394585 0.605385
0.00001 0.181052 0.00001 0.473888 0.34504
0.00001 0.184613 0.00001 0.304132 0.511235
0.00001 0.048476 0.00001 0.355896 0.595609
0.00001 0.185186 0.00001 0.376974 0.43782
0.00001 0.012656 0.00001 0.4846 0.502724
0.00001 0.13423 0.00001 0.485335 0.380415
0.00001 0.0598 0.00001 0.230086 0.710094
0.00001 0.067086 0.00001 0.226188 0.706706
0.00001 0.024455 0.00001 0.458937 0.516589
0.00001 0.107613 0.00001 0.383254 0.509113
0.00001 0.101486 0.00001 0.301283 0.59721
0.00001 0.155482 0.00001 0.381494 0.463004
0.00001 0.079097 0.00001 0.295873 0.62501
0.00001 0.094384 0.00001 0.28962 0.615976
0.00001 0.053104 0.00001 0.337837 0.609039
0.00001 0.151335 0.00001 0.268416 0.580229
0.00001 0.117268 0.00001 0.437881 0.444831
0.00001 0.043486 0.00001 0.255539 0.700955
0.00001 0.087392 0.00001 0.330519 0.582069
0.00001 0.00001 0.00001 0.277764 0.722206
0.00001 0.100912 0.00001 0.317756 0.581312
0.00001 0.129017 0.00001 0.338887 0.532076
0.00001 0.00001 0.00001 0.00001 0.99996
0.00001 0.06846 0.00001 0.376792 0.554727
0.00001 0.00001 0.00001 0.00001 0.99996
0.00001 0.00001 0.00001 0.00001 0.99996
0.00001 0.097336 0.00001 0.310049 0.592595
0.00001 0.070047 0.00001 0.271831 0.658102
0.00001 0.062136 0.00001 0.297976 0.639868
0.00001 0.00001 0.00001 0.32238 0.67759
0.00001 0.00001 0.00001 0.00001 0.99996
0.00001 0.00001 0.00001 0.00001 0.99996
0.00001 0.038126 0.00001 0.327717 0.634137
0.00001 0.00001 0.00001 0.00001 0.99996
0.00001 0.00001 0.00001 0.313468 0.686502
0.00001 0.036213 0.00001 0.343425 0.620343
0.00001 0.005765 0.00001 0.459083 0.535132
0.00001 0.00001 0.00001 0.00001 0.99996
0.00001 0.00001 0.00001 0.00001 0.99996
0.00001 0.00001 0.00001 0.321546 0.678424
0.00001 0.00001 0.00001 0.234678 0.765292
0.00001 0.00001 0.00001 0.00001 0.99996
0.00001 0.00001 0.00001 0.225111 0.774859
0.00001 0.00001 0.00001 0.193347 0.806623
0.00001 0.00001 0.00001 0.00001 0.99996
0.00001 0.039118 0.00001 0.309768 0.651094
0.00001 0.041597 0.00001 0.378393 0.57999
0.00001 0.055463 0.00001 0.328691 0.615826
0.00001 0.00001 0.00001 0.194782 0.805188
0.00001 0.065545 0.00001 0.381368 0.553067
0.00001 0.149394 0.00001 0.36808 0.482506
0.00001 0.00001 0.00001 0.434043 0.565927
0.00001 0.125419 0.00001 0.235262 0.639299
0.00001 0.00001 0.00001 0.211196 0.788774
0.00001 0.097483 0.00001 0.524391 0.378106
0.00001 0.113634 0.00001 0.403829 0.482517
0.00001 0.057094 0.00001 0.386146 0.55674
0.00001 0.106836 0.00001 0.315033 0.578111
0.00001 0.11904 0.00001 0.29647 0.58447
0.00001 0.104215 0.00001 0.311483 0.584281
