0.99997 0.00001 0.00001 0.00001
0.675031 0.00001 0.00001 0.324949
0.752472 0.00001 0.00001 0.247508
0.99997 0.00001 0.00001 0.00001
0.99997 0.00001 0.00001 0.00001
0.99997 0.00001 0.00001 0.00001
0.594852 0.00001 0.00001 0.405128
0.640862 0.00001 0.00001 0.359118
0.708343 0.00001 0.00001 0.291637
0.99997 0.00001 0.00001 0.00001
0.99997 0.00001 0.00001 0.00001
0.99997 0.00001 0.00001 0.00001
0.674404 0.00001 0.00001 0.325576
0.439807 0.00001 0.026843 0.53334
0.99997 0.00001 0.00001 0.00001
0.99997 0.00001 0.00001 0.00001
0.99997 0.00001 0.00001 0.00001
0.663472 0.00001 0.00001 0.336508
0.99997 0.00001 0.00001 0.00001
0.481402 0.00001 0.00001 0.518578
0.99997 0.00001 0.00001 0.00001
0.466776 0.00001 0.00001 0.533204
0.00001 0.00001 0.00001 0.99997
0.00001 0.00001 0.024604 0.975376
0.221908 0.00001 0.00001 0.778072
0.148754 0.00001 0.00001 0.851226
0.18232 0.00001 0.025799 0.791871
0.218034 0.00001 0.00001 0.781946
0.212195 0.00001 0.00001 0.787785
0.351124 0.00001 0.00001 0.648856
0.24116 0.000019 0.00001 0.758811
0.232881 0.001433 0.00001 0.765677
0.288372 0.00001 0.022437 0.689181
0.187223 0.00001 0.00001 0.812757
0.068904 0.00001 0.00001 0.931076
0.00001 0.00001 0.00001 0.99997
0.169702 0.00001 0.00001 0.830278
0.233389 0.00001 0.00001 0.766591
0.268957 0.00001 0.00001 0.731023
0.075196 0.00001 0.00001 0.924784
0.082554 0.00001 0.00001 0.917426
0.00001 0.00001 0.00001 0.99997
0.195477 0.00001 0.017638 0.786875
0.2021 0.00001 0.048439 0.749451
0.293912 0.00001 0.00001 0.706068
0.178315 0.00001 0.00001 0.821665
0.091306 0.00001 0.00001 0.908674
0.234961 0.00001 0.00001 0.765019
0.171742 0.00001 0.00001 0.828238
0.311171 0.00001 0.014864 0.673955
0.297656 0.00001 0.00001 0.702324
0.20997 0.00001 0.005131 0.784889
0.00001 0.00001 0.00001 0.99997
0.126972 0.00001 0.00001 0.873008
0.00001 0.00001 0.009033 0.990947
0.18724 0.00001 0.00001 0.81274
0.336481 0.00001 0.016045 0.647464
0.077953 0.00001 0.00001 0.922027
0.220216 0.00001 0.00001 0.779764
0.241912 0.00001 0.024621 0.733457
0.00001 0.00001 0.00001 0.99997
0.203451 0.00001 0.00001 0.796529
0.207003 0.00001 0.00001 0.792977
0.263316 0.00001 0.010662 0.726012
0.423275 0.00001 0.00001 0.576705
0.222997 0.00001 0.00001 0.776983
0.130788 0.00001 0.00001 0.869192
0.215915 0.00001 0.00001 0.784065
0.214242 0.0042 0.00001 0.781548
0.180457 0.00001 0.00001 0.819523
0.272338 0.00001 0.00001 0.727642
0.241142 0.00001 0.006057 0.752791
0.165043 0.00001 0.00001 0.834937
0.234317 0.00001 0.00001 0.765663
0.290354 0.00001 0.00001 0.709626
0.242415 0.00001 0.004044 0.753531
0.189485 0.00001 0.00001 0.810495
0.29764 0.00001 0.00001 0.70234
0.249697 0.00001 0.008182 0.74211
0.207572 0.00001 0.00001 0.792408
0.303466 0.00001 0.077158 0.619366
0.165151 0.00001 0.00001 0.834829
0.01497 0.00001 0.00001 0.98501
0.332838 0.00001 0.00001 0.667142
0.153164 0.00001 0.00001 0.846816
0.24267 0.00001 0.003552 0.753769
0.121819 0.00001 0.00001 0.878161
0.137756 0.00001 0.00001 0.862224
0.242004 0.00001 0.002645 0.755341
0.323489 0.00001 0.00001 0.676491
0.17666 0.00001 0.00001 0.82332
0.185314 0.00001 0.012756 0.80192
0.358627 0.001505 0.00001 0.639858
0.00001 0.00001 0.00001 0.99997
0.336102 0.00001 0.00001 0.663878
0.00001 0.00001 0.00001 0.99997
0.129171 0.000443 0.00001 0.870376
0.116754 0.00001 0.00001 0.883226
0.310128 0.00001 0.00001 0.689852
0.00001 0.00001 0.00001 0.99997
0.25197 0.00001 0.00001 0.74801
0.27699 0.00001 0.00001 0.72299
0.114297 0.00001 0.00001 0.885683
0.231503 0.00001 0.00001 0.768477
0.163046 0.00001 0.002443 0.834501
0.102227 0.00001 0.00001 0.897753
0.1614 0.00001 0.00001 0.83858
0.271268 0.00001 0.00001 0.728712
0.259778 0.00001 0.000841 0.739371
0.00001 0.00001 0.00001 0.99997
0.00001 0.00001 0.00001 0.99997
0.158894 0.00001 0.00001 0.841086
0.270334 0.00001 0.00001 0.729646
0.215607 0.00001 0.00001 0.784373
0.221796 0.00001 0.00001 0.778184
0.04717 0.00001 0.00001 0.95281
0.196062 0.00001 0.00001 0.803918
0.161332 0.00001 0.00001 0.838648
0.319698 0.00001 0.00001 0.680282
0.292758 0.00001 0.003684 0.703548
0.296113 0.00001 0.00001 0.703867
0.107638 0.00001 0.00001 0.892342
0.173203 0.00001 0.00001 0.826777
0.187544 0.00001 0.00001 0.812436
0.243952 0.00001 0.00001 0.756028
0.011939 0.004657 0.00001 0.983394
0.00001 0.00001 0.00001 0.99997
0.118101 0.00001 0.00001 0.881879
0.00001 0.00001 0.00001 0.99997
0.178763 0.00001 0.00001 0.821217
0.178542 0.00001 0.028563 0.792884
0.135179 0.099012 0.390857 0.374952
0.137119 0.088977 0.382515 0.391389
0.044279 0.137569 0.250569 0.567584
0.129161 0.079515 0.161949 0.629376
0.022629 0.047025 0.18421 0.746136
0.128534 0.044728 0.197073 0.629665
0.050803 0.273872 0.525602 0.149722
0.107496 0.084837 0.448537 0.35913
0.138194 0.171086 0.478849 0.211871
0.146138 0.101756 0.17791 0.574195
0.160981 0.008111 0.19153 0.639378
0.00001 0.325323 0.573079 0.101588
0.099982 0.056256 0.640188 0.203574
0.09576 0.286379 0.493323 0.124537
0.044692 0.129448 0.66926 0.1566
0.091485 0.078477 0.176899 0.653139
0.179958 0.054302 0.171073 0.594668
0.094763 0.114919 0.23761 0.552708
0.191404 0.00001 0.27376 0.534826
0.187357 0.00001 0.220543 0.592091
0.158919 0.00001 0.193742 0.647329
0.27124 0.00001 0.112517 0.616233
0.00001 0.160939 0.202618 0.636433
0.0764 0.037795 0.261395 0.624411
0.007478 0.00001 0.357286 0.635226
0.232475 0.206907 0.060868 0.499751
0.145673 0.050817 0.118361 0.685149
0.214745 0.032108 0.202359 0.550788
0.177851 0.00001 0.185015 0.637125
0.201092 0.092705 0.109098 0.597104
0.12181 0.069986 0.248421 0.559784
0.134739 0.073179 0.097272 0.694809
0.145557 0.064261 0.131706 0.658477
0.161494 0.166675 0.051263 0.620568
0.200631 0.068926 0.143791 0.586652
0.13692 0.040847 0.215601 0.606632
0.244678 0.00001 0.203709 0.551603
0.084037 0.049429 0.149402 0.717132
0.163426 0.00001 0.219164 0.6174
0.083406 0.060927 0.144823 0.710843
0.048908 0.00001 0.456269 0.494813
0.123724 0.071218 0.196303 0.608756
0.195447 0.066109 0.108512 0.629932
0.232238 0.082814 0.00001 0.684938
0.00001 0.130632 0.869348 0.00001
0.00001 0.180852 0.814697 0.00444
0.00001 0.093708 0.906272 0.00001
0.00001 0.00001 0.99997 0.00001
0.00001 0.109101 0.890879 0.00001
0.00001 0.136457 0.863523 0.00001
0.00001 0.094537 0.905443 0.00001
0.00001 0.131145 0.868835 0.00001
0.00001 0.172596 0.827384 0.00001
0.00001 0.243568 0.756412 0.00001
0.00001 0.00001 0.99997 0.00001
0.00001 0.054284 0.945696 0.00001
0.00001 0.113803 0.886177 0.00001
0.00001 0.079721 0.920259 0.00001
0.00001 0.00001 0.99997 0.00001
0.00001 0.040185 0.959795 0.00001
0.00001 0.125191 0.874789 0.00001
0.00001 0.107974 0.892006 0.00001
0.024906 0.192035 0.783049 0.00001
0.00001 0.178504 0.821476 0.00001
0.00001 0.080162 0.919818 0.00001
0.00001 0.087752 0.912228 0.00001
0.00001 0.205655 0.794325 0.00001
0.00001 0.242022 0.757958 0.00001
0.00001 0.126027 0.873953 0.00001
0.00001 0.128494 0.871486 0.00001
0.00001 0.156726 0.843254 0.00001
0.00001 0.226616 0.773364 0.00001
0.00001 0.111974 0.888006 0.00001
0.00001 0.182271 0.817709 0.00001
0.00001 0.087557 0.912423 0.00001
0.00001 0.118525 0.876632 0.004832
0.00001 0.109051 0.890929 0.00001
0.00001 0.186638 0.813342 0.00001
0.00001 0.058036 0.941944 0.00001
0.00001 0.190335 0.809645 0.00001
0.00001 0.023855 0.976125 0.00001
0.00001 0.015085 0.984895 0.00001
0.00001 0.05817 0.94181 0.00001
0.00001 0.102549 0.897431 0.00001
0.00001 0.230318 0.769662 0.00001
0.00001 0.192448 0.807532 0.00001
0.00001 0.00001 0.959385 0.040595
0.00001 0.00001 0.968287 0.031693
0.00001 0.297875 0.702105 0.00001
0.00001 0.081291 0.918689 0.00001
0.00001 0.221386 0.763677 0.014927
0.00001 0.035464 0.933822 0.030704
0.00001 0.228044 0.771936 0.00001
0.00001 0.258808 0.741172 0.00001
0.00001 0.131049 0.868931 0.00001
0.00001 0.139067 0.860913 0.00001
0.00001 0.043155 0.956825 0.00001
0.00001 0.077156 0.922824 0.00001
0.00001 0.094312 0.905668 0.00001
0.00001 0.125702 0.874278 0.00001
0.00001 0.07904 0.92094 0.00001
0.00001 0.164674 0.835306 0.00001
0.00001 0.13047 0.866793 0.002727
0.00001 0.242407 0.757573 0.00001
0.00001 0.034064 0.942466 0.02346
0.00001 0.00001 0.9753 0.02468
0.010776 0.080303 0.908911 0.00001
0.003763 0.00001 0.996217 0.00001
0.00001 0.00001 0.99997 0.00001
0.00001 0.00001 0.99997 0.00001
0.00001 0.233817 0.766163 0.00001
0.006452 0.118483 0.875055 0.00001
0.00001 0.141792 0.858188 0.00001
0.00001 0.169777 0.830203 0.00001
0.00001 0.168488 0.827475 0.004026
0.00001 0.025839 0.974141 0.00001
0.00001 0.075534 0.924446 0.00001
0.00001 0.121103 0.878877 0.00001
0.00001 0.018868 0.981112 0.00001
0.00001 0.075503 0.922723 0.001765
0.00001 0.071847 0.928133 0.00001
0.00001 0.119177 0.880803 0.00001
0.00001 0.140958 0.859022 0.00001
0.00001 0.043989 0.955991 0.00001
0.00001 0.00001 0.99997 0.00001
0.00001 0.025372 0.974608 0.00001
0.00001 0.135912 0.864068 0.00001
0.00001 0.212104 0.787876 0.00001
0.00001 0.152882 0.847098 0.00001
0.00001 0.149014 0.850966 0.00001
0.00001 0.134929 0.865051 0.00001
0.00001 0.174854 0.825126 0.00001
0.00001 0.160841 0.839139 0.00001
0.00001 0.058415 0.941565 0.00001
0.00001 0.175615 0.824365 0.00001
0.00001 0.181701 0.818279 0.00001
0.00001 0.301528 0.698452 0.00001
0.00001 0.314924 0.685056 0.00001
0.00001 0.297989 0.701991 0.00001
0.00001 0.251052 0.748928 0.00001
0.00001 0.131944 0.868036 0.00001
0.00001 0.197545 0.802435 0.00001
0.00001 0.325547 0.674433 0.00001
0.00001 0.303783 0.696197 0.00001
0.00001 0.318263 0.681717 0.00001
0.00001 0.00001 0.99997 0.00001
0.00001 0.00001 0.99997 0.00001
0.00001 0.153711 0.846269 0.00001
0.00001 0.198909 0.801071 0.00001
0.00001 0.00001 0.99997 0.00001
0.01151 0.121892 0.866588 0.00001
0.00001 0.716223 0.283757 0.00001
0.00001 0.466151 0.533829 0.00001
0.00001 0.468337 0.531643 0.00001
0.00001 0.702242 0.297738 0.00001
0.00001 0.665755 0.334225 0.00001
0.00001 0.428395 0.571585 0.00001
0.00001 0.498981 0.500999 0.00001
0.00001 0.636072 0.363908 0.00001
0.00001 0.767213 0.232767 0.00001
0.00001 0.300078 0.699902 0.00001
0.00001 0.420192 0.579788 0.00001
0.00001 0.641034 0.358946 0.00001
0.00001 0.651797 0.348183 0.00001
0.00001 0.317383 0.682597 0.00001
0.00001 0.565707 0.434273 0.00001
0.00001 0.548025 0.451955 0.00001
0.00001 0.635694 0.364286 0.00001
0.00001 0.639311 0.360669 0.00001
0.00001 0.645451 0.354529 0.00001
0.00001 0.475346 0.524634 0.00001
0.00001 0.312266 0.687714 0.00001
0.00001 0.692685 0.307295 0.00001
0.00001 0.71001 0.28997 0.00001
0.00001 0.708174 0.291806 0.00001
0.00001 0.390773 0.609207 0.00001
0.00001 0.583 0.41698 0.00001
0.00001 0.478584 0.521396 0.00001
0.00001 0.519286 0.480694 0.00001
0.00001 0.99997 0.00001 0.00001
0.00001 0.968681 0.031299 0.00001
0.00001 0.99997 0.00001 0.00001
0.00001 0.99997 0.00001 0.00001
0.00001 0.99997 0.00001 0.00001
0.00001 0.99997 0.00001 0.00001
0.00001 0.971777 0.028203 0.00001
0.00001 0.942193 0.057787 0.00001
0.00001 0.99997 0.00001 0.00001
0.00001 0.99997 0.00001 0.00001
0.00001 0.99997 0.00001 0.00001
0.00001 0.99997 0.00001 0.00001
0.00001 0.99997 0.00001 0.00001
0.00001 0.99997 0.00001 0.00001
0.00001 0.99997 0.00001 0.00001
0.00001 0.99997 0.00001 0.00001
0.00001 0.938377 0.061603 0.00001
0.00001 0.94814 0.05184 0.00001
0.00001 0.99997 0.00001 0.00001
0.00001 0.99997 0.00001 0.00001
0.00001 0.99997 0.00001 0.00001
0.00001 0.99997 0.00001 0.00001
0.00001 0.891651 0.108329 0.00001
0.00001 0.99997 0.00001 0.00001
0.00001 0.99997 0.00001 0.00001
0.00001 0.803907 0.196073 0.00001
0.00001 0.718167 0.281813 0.00001
0.00001 0.849998 0.149982 0.00001
0.00001 0.943335 0.056645 0.00001
0.00001 0.767845 0.232135 0.00001
0.00001 0.729801 0.270179 0.00001
0.00001 0.855944 0.144036 0.00001
0.00001 0.743826 0.256154 0.00001
0.00001 0.951079 0.048901 0.00001
0.00001 0.817224 0.182756 0.00001
0.00001 0.814077 0.185903 0.00001
0.00001 0.835478 0.164502 0.00001
0.00001 0.919056 0.080924 0.00001
0.00001 0.82909 0.17089 0.00001
0.00001 0.794929 0.205051 0.00001
0.00001 0.77768 0.2223 0.00001
0.00001 0.832071 0.167909 0.00001
0.00001 0.800487 0.199493 0.00001
0.00001 0.857655 0.142325 0.00001
0.00001 0.741766 0.258214 0.00001
0.00001 0.82472 0.17526 0.00001
0.00001 0.842199 0.157781 0.00001
0.00001 0.803505 0.196475 0.00001
0.00001 0.942751 0.057229 0.00001
0.00001 0.817279 0.182701 0.00001
0.00001 0.798394 0.201586 0.00001
0.00001 0.775322 0.224658 0.00001
0.00001 0.861716 0.138264 0.00001
0.00001 0.901138 0.098842 0.00001
0.00001 0.931516 0.068464 0.00001
0.00001 0.810059 0.189921 0.00001
0.00001 0.82598 0.174 0.00001
0.00001 0.845549 0.154431 0.00001
0.00001 0.966998 0.032982 0.00001
0.00001 0.831176 0.168804 0.00001
0.00001 0.99997 0.00001 0.00001
0.00001 0.888912 0.111068 0.00001
0.00001 0.99997 0.00001 0.00001
0.00001 0.991297 0.008683 0.00001
0.00001 0.894174 0.105806 0.00001
0.00001 0.949994 0.049986 0.00001
0.00001 0.837448 0.162532 0.00001
0.00001 0.804724 0.195256 0.00001
0.00001 0.960999 0.038981 0.00001
0.00001 0.904191 0.095789 0.00001
0.00001 0.866417 0.133563 0.00001
0.00001 0.962649 0.037331 0.00001
0.00001 0.868048 0.131932 0.00001
0.00001 0.828284 0.171696 0.00001
0.00001 0.872918 0.127062 0.00001
0.00001 0.896776 0.103204 0.00001
0.00001 0.866897 0.133083 0.00001
0.00001 0.941533 0.058447 0.00001
0.00001 0.865764 0.134216 0.00001
0.00001 0.778058 0.221922 0.00001
0.00001 0.99997 0.00001 0.00001
0.00001 0.760544 0.239436 0.00001
0.00001 0.924146 0.075834 0.00001
0.00001 0.865144 0.134836 0.00001
0.00001 0.827156 0.172824 0.00001
0.00001 0.868318 0.131662 0.00001
0.00001 0.826223 0.173757 0.00001
0.00001 0.792789 0.207191 0.00001
0.00001 0.803631 0.196349 0.00001
