0.99997 0.00001 0.00001 0.00001
0.741592 0.00001 0.258388 0.00001
0.99997 0.00001 0.00001 0.00001
0.99997 0.00001 0.00001 0.00001
0.99997 0.00001 0.00001 0.00001
0.99997 0.00001 0.00001 0.00001
0.657814 0.00001 0.342166 0.00001
0.99997 0.00001 0.00001 0.00001
0.99997 0.00001 0.00001 0.00001
0.99997 0.00001 0.00001 0.00001
0.99997 0.00001 0.00001 0.00001
0.99997 0.00001 0.00001 0.00001
0.706938 0.00001 0.293042 0.00001
0.485303 0.00001 0.487752 0.026935
0.99997 0.00001 0.00001 0.00001
0.99997 0.00001 0.00001 0.00001
0.99997 0.00001 0.00001 0.00001
0.99997 0.00001 0.00001 0.00001
0.99997 0.00001 0.00001 0.00001
0.539522 0.00001 0.460458 0.00001
0.99997 0.00001 0.00001 0.00001
0.5005 0.00001 0.49948 0.00001
0.00001 0.00001 0.99997 0.00001
0.00001 0.00001 0.975737 0.024243
0.255602 0.00001 0.744378 0.00001
0.165571 0.00001 0.834409 0.00001
0.20886 0.00001 0.765303 0.025827
0.234588 0.00001 0.765392 0.00001
0.239699 0.00001 0.760281 0.00001
0.37454 0.00001 0.62544 0.00001
0.265088 0.000012 0.734889 0.00001
0.267438 0.001442 0.73111 0.00001
0.329805 0.00001 0.647852 0.022333
0.215519 0.00001 0.784461 0.00001
0.088339 0.00001 0.911641 0.00001
0.00001 0.00001 0.99997 0.00001
0.196894 0.00001 0.803086 0.00001
0.246068 0.00001 0.753912 0.00001
0.298833 0.00001 0.701147 0.00001
0.101386 0.00001 0.898594 0.00001
0.108805 0.00001 0.891175 0.00001
0.00001 0.00001 0.99997 0.00001
0.185281 0.00001 0.797827 0.016881
0.234993 0.00001 0.716577 0.048419
0.304953 0.00001 0.695027 0.00001
0.192638 0.00001 0.807342 0.00001
0.10031 0.00001 0.89967 0.00001
0.265461 0.00001 0.734519 0.00001
0.180722 0.00001 0.819258 0.00001
0.334973 0.00001 0.650123 0.014895
0.328063 0.00001 0.671917 0.00001
0.230132 0.00001 0.764902 0.004956
0.00001 0.00001 0.99997 0.00001
0.123952 0.00001 0.876028 0.00001
0.00001 0.00001 0.991196 0.008784
0.186982 0.00001 0.812998 0.00001
0.359184 0.00001 0.624535 0.016271
0.090193 0.00001 0.909787 0.00001
0.24156 0.00001 0.75842 0.00001
0.257925 0.00001 0.717711 0.024354
0.00001 0.00001 0.99997 0.00001
0.221781 0.00001 0.778199 0.00001
0.218806 0.00001 0.781174 0.00001
0.274985 0.00001 0.714585 0.01042
0.458121 0.00001 0.541859 0.00001
0.250306 0.00001 0.749674 0.00001
0.148269 0.00001 0.851711 0.00001
0.262722 0.00001 0.737258 0.00001
0.237329 0.003991 0.758669 0.00001
0.212824 0.00001 0.787156 0.00001
0.29395 0.00001 0.70603 0.00001
0.270518 0.00001 0.7235 0.005971
0.176835 0.00001 0.823145 0.00001
0.243486 0.00001 0.756494 0.00001
0.29692 0.00001 0.70306 0.00001
0.269586 0.00001 0.726435 0.003969
0.212806 0.00001 0.787174 0.00001
0.327697 0.00001 0.672283 0.00001
0.276142 0.00001 0.715691 0.008157
0.225518 0.00001 0.774462 0.00001
0.331902 0.00001 0.590918 0.07717
0.197604 0.00001 0.802376 0.00001
0.00811 0.00001 0.99187 0.00001
0.367146 0.00001 0.632834 0.00001
0.183245 0.00001 0.816735 0.00001
0.260251 0.00001 0.736366 0.003373
0.131438 0.00001 0.868542 0.00001
0.149687 0.00001 0.850293 0.00001
0.266608 0.00001 0.73081 0.002572
0.365796 0.00001 0.634184 0.00001
0.203457 0.00001 0.796523 0.00001
0.195298 0.00001 0.792117 0.012576
0.397724 0.001476 0.60079 0.00001
0.00001 0.00001 0.99997 0.00001
0.366155 0.00001 0.633825 0.00001
0.00001 0.00001 0.99997 0.00001
0.150061 0.000379 0.84955 0.00001
0.138006 0.00001 0.861974 0.00001
0.328809 0.00001 0.671171 0.00001
0.00001 0.00001 0.99997 0.00001
0.270533 0.00001 0.729447 0.00001
0.30278 0.00001 0.6972 0.00001
0.129466 0.00001 0.870514 0.00001
0.264935 0.00001 0.735045 0.00001
0.180733 0.00001 0.817 0.002257
0.100244 0.00001 0.899736 0.00001
0.173892 0.00001 0.826088 0.00001
0.293852 0.00001 0.706128 0.00001
0.281976 0.00001 0.717208 0.000807
0.00001 0.00001 0.99997 0.00001
0.00001 0.00001 0.99997 0.00001
0.179692 0.00001 0.820288 0.00001
0.310893 0.00001 0.689087 0.00001
0.214446 0.00001 0.785534 0.00001
0.248551 0.00001 0.751429 0.00001
0.047826 0.000012 0.952152 0.00001
0.208185 0.000013 0.791791 0.00001
0.202499 0.00001 0.797481 0.00001
0.361445 0.00001 0.638535 0.00001
0.331912 0.00001 0.664297 0.003782
0.321059 0.00001 0.678921 0.00001
0.107348 0.00001 0.892632 0.00001
0.203619 0.00001 0.796361 0.00001
0.201932 0.00001 0.798048 0.00001
0.261266 0.00001 0.738714 0.00001
0.046606 0.005176 0.948208 0.00001
0.00001 0.00001 0.99997 0.00001
0.134829 0.00001 0.865151 0.00001
0.00001 0.00001 0.99997 0.00001
0.202017 0.00001 0.797963 0.00001
0.202378 0.00001 0.769253 0.028359
0.145914 0.09902 0.364211 0.390855
0.152284 0.089322 0.37623 0.382164
0.044589 0.137986 0.567293 0.250132
0.117726 0.079554 0.641011 0.16171
0.033198 0.046137 0.735512 0.185153
0.135934 0.044863 0.622243 0.196959
0.043999 0.273917 0.156496 0.525588
0.114978 0.085089 0.351679 0.448254
0.146908 0.171055 0.20314 0.478898
0.168273 0.101323 0.552024 0.178379
0.164335 0.008724 0.636071 0.190871
0.00001 0.324968 0.101467 0.573555
0.112465 0.056006 0.191032 0.640496
0.095766 0.28696 0.124529 0.492745
0.059569 0.129308 0.141605 0.669517
0.093842 0.078558 0.650795 0.176804
0.194336 0.054305 0.580324 0.171035
0.082192 0.115941 0.56547 0.236397
0.202062 0.00001 0.524218 0.27371
0.186864 0.00001 0.592632 0.220494
0.166293 0.00001 0.639965 0.193732
0.304083 0.00001 0.583398 0.112509
0.00001 0.160394 0.636237 0.203359
0.090033 0.037307 0.610815 0.261845
0.006932 0.00001 0.635739 0.357319
0.25174 0.20711 0.480529 0.060621
0.161779 0.050367 0.669121 0.118732
0.235269 0.032066 0.530271 0.202394
0.186911 0.00001 0.62811 0.184969
0.198925 0.093857 0.599431 0.107787
0.161415 0.068609 0.519974 0.250002
0.166337 0.072664 0.663115 0.097884
0.159652 0.064781 0.644494 0.131073
0.177309 0.167102 0.604843 0.050745
0.217697 0.069199 0.569626 0.143478
0.168338 0.039718 0.575165 0.216778
0.263435 0.00001 0.532843 0.203711
0.103293 0.049591 0.697925 0.149192
0.189244 0.00001 0.591613 0.219133
0.108064 0.060928 0.686348 0.14466
0.047912 0.00001 0.495804 0.456275
0.123912 0.07018 0.608669 0.197239
0.204032 0.066314 0.621481 0.108172
0.249667 0.082756 0.667568 0.00001
0.00001 0.13054 0.00001 0.86944
0.00001 0.181388 0.004711 0.813891
0.00001 0.093745 0.00001 0.906235
0.00001 0.00001 0.00001 0.99997
0.00001 0.109179 0.00001 0.890801
0.00001 0.136452 0.00001 0.863528
0.00001 0.094234 0.00001 0.905746
0.00001 0.131146 0.00001 0.868834
0.00001 0.172793 0.00001 0.827187
0.00001 0.243933 0.00001 0.756047
0.00001 0.00001 0.00001 0.99997
0.00001 0.054137 0.00001 0.945843
0.00001 0.114023 0.00001 0.885957
0.00001 0.079585 0.00001 0.920395
0.00001 0.00001 0.00001 0.99997
0.00001 0.040138 0.00001 0.959842
0.00001 0.125043 0.00001 0.874937
0.00001 0.10797 0.00001 0.89201
0.023683 0.190473 0.00001 0.785833
0.00001 0.178715 0.00001 0.821265
0.00001 0.080217 0.00001 0.919763
0.00001 0.087404 0.00001 0.912576
0.00001 0.205358 0.00001 0.794622
0.00001 0.242292 0.00001 0.757688
0.00001 0.125831 0.00001 0.874149
0.00001 0.128457 0.00001 0.871523
0.00001 0.156772 0.00001 0.843208
0.00001 0.226777 0.00001 0.773203
0.00001 0.111548 0.00001 0.888432
0.00001 0.182195 0.00001 0.817785
0.00001 0.08726 0.00001 0.91272
0.00001 0.118955 0.004965 0.87607
0.00001 0.109274 0.00001 0.890706
0.00001 0.187097 0.00001 0.812883
0.00001 0.058056 0.00001 0.941924
0.00001 0.190659 0.00001 0.809321
0.00001 0.024002 0.00001 0.975978
0.00001 0.015503 0.00001 0.984477
0.00001 0.058486 0.00001 0.941494
0.00001 0.102638 0.00001 0.897342
0.00001 0.230533 0.00001 0.769447
0.00001 0.19276 0.00001 0.80722
0.00001 0.00001 0.040893 0.959087
0.00001 0.00001 0.031491 0.968489
0.00001 0.298279 0.00001 0.701701
0.00001 0.081473 0.00001 0.918507
0.00001 0.220311 0.014176 0.765503
0.028629 0.029127 0.00001 0.942234
0.00001 0.228371 0.00001 0.771609
0.00001 0.259085 0.00001 0.740895
0.00001 0.131026 0.00001 0.868954
0.00001 0.139026 0.00001 0.860954
0.00001 0.042642 0.00001 0.957338
0.00001 0.077501 0.00001 0.922479
0.00001 0.094196 0.00001 0.905784
0.00001 0.126768 0.00001 0.873212
0.00001 0.07883 0.00001 0.92115
0.00001 0.165028 0.00001 0.834952
0.00001 0.130465 0.002705 0.86682
0.00001 0.242813 0.00001 0.757167
0.00001 0.034295 0.023469 0.942226
0.00001 0.00001 0.02428 0.9757
0.010255 0.079977 0.00001 0.909757
0.003789 0.00001 0.00001 0.996191
0.00001 0.00001 0.00001 0.99997
0.00001 0.00001 0.00001 0.99997
0.00001 0.234025 0.00001 0.765955
0.00596 0.117502 0.00001 0.876527
0.00001 0.141859 0.00001 0.858121
0.00001 0.169949 0.00001 0.830031
0.00001 0.168261 0.00366 0.828069
0.00001 0.025505 0.00001 0.974475
0.00001 0.075606 0.00001 0.924374
0.00001 0.121503 0.00001 0.878477
0.00001 0.019155 0.00001 0.980825
0.00001 0.075934 0.001981 0.922075
0.00001 0.071733 0.00001 0.928247
0.00001 0.119251 0.00001 0.880729
0.00001 0.14126 0.00001 0.85872
0.00001 0.043856 0.00001 0.956124
0.00001 0.00001 0.00001 0.99997
0.00001 0.025652 0.00001 0.974328
0.00001 0.136084 0.00001 0.863896
0.00001 0.212194 0.00001 0.787786
0.00001 0.153185 0.00001 0.846795
0.00001 0.14892 0.00001 0.85106
0.00001 0.134875 0.00001 0.865105
0.00001 0.175516 0.00001 0.824464
0.00001 0.160796 0.00001 0.839184
0.00001 0.058468 0.00001 0.941512
0.00001 0.175778 0.00001 0.824202
0.00001 0.181194 0.00001 0.818786
0.00001 0.30148 0.00001 0.6985
0.00001 0.314695 0.00001 0.685285
0.00001 0.298256 0.00001 0.701724
0.00001 0.25129 0.00001 0.74869
0.00001 0.132029 0.00001 0.867951
0.00001 0.197774 0.00001 0.802206
0.00001 0.325558 0.00001 0.674422
0.00001 0.303887 0.00001 0.696093
0.00001 0.318508 0.00001 0.681472
0.00001 0.00001 0.00001 0.99997
0.00001 0.00001 0.00001 0.99997
0.00001 0.153746 0.00001 0.846234
0.00001 0.199191 0.00001 0.800789
0.00001 0.00001 0.00001 0.99997
0.011097 0.12117 0.00001 0.867723
0.00001 0.716672 0.00001 0.283308
0.00001 0.46683 0.00001 0.53315
0.00001 0.468657 0.00001 0.531323
0.00001 0.702504 0.00001 0.297476
0.00001 0.665863 0.00001 0.334117
0.00001 0.428705 0.00001 0.571275
0.00001 0.499362 0.00001 0.500618
0.00001 0.636284 0.00001 0.363696
0.00001 0.76768 0.00001 0.2323
0.00001 0.300658 0.00001 0.699322
0.00001 0.420527 0.00001 0.579453
0.00001 0.641321 0.00001 0.358659
0.00001 0.652347 0.00001 0.347633
0.00001 0.317879 0.00001 0.682101
0.00001 0.566003 0.00001 0.433977
0.00001 0.548346 0.00001 0.451634
0.00001 0.635961 0.00001 0.364019
0.00001 0.639835 0.00001 0.360145
0.00001 0.645719 0.00001 0.354261
0.00001 0.476015 0.00001 0.523965
0.00001 0.312492 0.00001 0.687488
0.00001 0.693222 0.00001 0.306758
0.00001 0.710421 0.00001 0.289559
0.00001 0.708764 0.00001 0.291216
0.00001 0.39072 0.00001 0.60926
0.00001 0.583307 0.00001 0.416673
0.00001 0.479013 0.00001 0.520967
0.00001 0.519585 0.00001 0.480395
0.00001 0.99997 0.00001 0.00001
0.00001 0.969415 0.00001 0.030565
0.00001 0.99997 0.00001 0.00001
0.00001 0.99997 0.00001 0.00001
0.00001 0.99997 0.00001 0.00001
0.00001 0.99997 0.00001 0.00001
0.00001 0.97191 0.00001 0.02807
0.00001 0.942722 0.00001 0.057258
0.00001 0.99997 0.00001 0.00001
0.00001 0.99997 0.00001 0.00001
0.00001 0.99997 0.00001 0.00001
0.00001 0.99997 0.00001 0.00001
0.00001 0.99997 0.00001 0.00001
0.00001 0.99997 0.00001 0.00001
0.00001 0.99997 0.00001 0.00001
0.00001 0.99997 0.00001 0.00001
0.00001 0.939244 0.00001 0.060736
0.00001 0.948453 0.00001 0.051527
0.00001 0.99997 0.00001 0.00001
0.00001 0.99997 0.00001 0.00001
0.00001 0.99997 0.00001 0.00001
0.00001 0.99997 0.00001 0.00001
0.00001 0.892084 0.00001 0.107896
0.00001 0.99997 0.00001 0.00001
0.00001 0.99997 0.00001 0.00001
0.00001 0.804418 0.00001 0.195562
0.00001 0.718999 0.00001 0.280981
0.00001 0.850608 0.00001 0.149372
0.00001 0.943949 0.00001 0.056031
0.00001 0.768285 0.00001 0.231695
0.00001 0.730261 0.00001 0.269719
0.00001 0.856533 0.00001 0.143447
0.00001 0.744402 0.00001 0.255578
0.00001 0.951982 0.00001 0.047998
0.00001 0.817725 0.00001 0.182255
0.00001 0.814439 0.00001 0.185541
0.00001 0.835746 0.00001 0.164234
0.00001 0.919865 0.00001 0.080115
0.00001 0.829833 0.00001 0.170147
0.00001 0.795366 0.00001 0.204614
0.00001 0.778513 0.00001 0.221467
0.00001 0.832601 0.00001 0.167379
0.00001 0.800758 0.00001 0.199222
0.00001 0.858683 0.00001 0.141297
0.00001 0.742292 0.00001 0.257688
0.00001 0.825583 0.00001 0.174397
0.00001 0.842605 0.00001 0.157375
0.00001 0.805075 0.00001 0.194905
0.00001 0.943788 0.00001 0.056192
0.00001 0.818062 0.00001 0.181918
0.00001 0.799039 0.00001 0.200941
0.00001 0.77591 0.00001 0.22407
0.00001 0.862278 0.00001 0.137702
0.00001 0.901816 0.00001 0.098164
0.00001 0.932322 0.00001 0.067658
0.00001 0.810537 0.00001 0.189443
0.00001 0.826219 0.00001 0.173761
0.00001 0.846398 0.00001 0.153582
0.00001 0.967824 0.00001 0.032156
0.00001 0.831567 0.00001 0.168413
0.00001 0.99997 0.00001 0.00001
0.00001 0.889488 0.00001 0.110492
0.00001 0.99997 0.00001 0.00001
0.00001 0.9915 0.00001 0.00848
0.00001 0.894767 0.00001 0.105213
0.00001 0.950495 0.00001 0.049485
0.00001 0.838085 0.00001 0.161895
0.00001 0.805436 0.00001 0.194544
0.00001 0.961643 0.00001 0.038337
0.00001 0.904783 0.00001 0.095197
0.00001 0.866882 0.00001 0.133098
0.00001 0.963584 0.00001 0.036396
0.00001 0.868446 0.00001 0.131534
0.00001 0.828879 0.00001 0.171101
0.00001 0.87355 0.00001 0.12643
0.00001 0.897291 0.00001 0.102689
0.00001 0.867529 0.00001 0.132451
0.00001 0.942153 0.00001 0.057827
0.00001 0.866697 0.00001 0.133283
0.00001 0.778161 0.00001 0.221819
0.00001 0.99997 0.00001 0.00001
0.00001 0.760933 0.00001 0.239047
0.00001 0.924491 0.00001 0.075489
0.00001 0.865751 0.00001 0.134229
0.00001 0.82774 0.00001 0.17224
0.00001 0.868683 0.00001 0.131297
0.00001 0.826603 0.00001 0.173377
0.00001 0.793323 0.00001 0.206657
0.00001 0.804344 0.00001 0.195636
