0.00001 0.99997 0.00001 0.00001
0.00001 0.99997 0.00001 0.00001
0.00001 0.99997 0.00001 0.00001
0.00001 0.99997 0.00001 0.00001
0.00001 0.99997 0.00001 0.00001
0.000012 0.999968 0.00001 0.00001
0.00001 0.99997 0.00001 0.00001
0.00001 0.99997 0.00001 0.00001
0.00001 0.99997 0.00001 0.00001
0.00001 0.99997 0.00001 0.00001
0.00001 0.99997 0.00001 0.00001
0.00001 0.99997 0.00001 0.00001
0.00001 0.99997 0.00001 0.00001
0.030091 0.969889 0.00001 0.00001
0.00001 0.99997 0.00001 0.00001
0.00001 0.99997 0.00001 0.00001
0.00001 0.99997 0.00001 0.00001
0.00001 0.99997 0.00001 0.00001
0.00001 0.99997 0.00001 0.00001
0.00001 0.99997 0.00001 0.00001
0.00001 0.99997 0.00001 0.00001
0.00001 0.99997 0.00001 0.00001
0.00001 0.99997 0.00001 0.00001
0.00001 0.965923 0.034057 0.00001
0.00001 0.99997 0.00001 0.00001
0.00001 0.99997 0.00001 0.00001
0.029856 0.970124 0.00001 0.00001
0.00001 0.99997 0.00001 0.00001
0.00001 0.99885 0.00113 0.00001
0.00001 0.99997 0.00001 0.00001
0.00001 0.99997 0.00001 0.00001
0.00001 0.995977 0.004003 0.00001
0.022617 0.977363 0.00001 0.00001
0.00001 0.99997 0.00001 0.00001
0.00001 0.99997 0.00001 0.00001
0.00001 0.99997 0.00001 0.00001
0.00001 0.99997 0.00001 0.00001
0.00001 0.99997 0.00001 0.00001
0.000019 0.999961 0.00001 0.00001
0.00001 0.996928 0.00001 0.003052
0.00001 0.99997 0.00001 0.00001
0.00001 0.99997 0.00001 0.00001
0.020168 0.979812 0.00001 0.00001
0.049381 0.950599 0.00001 0.00001
0.00001 0.99997 0.00001 0.00001
0.00001 0.99997 0.00001 0.00001
0.00001 0.99997 0.00001 0.00001
0.00001 0.99997 0.00001 0.00001
0.00001 0.99997 0.00001 0.00001
0.00001 0.982061 0.017919 0.00001
0.00001 0.99997 0.00001 0.00001
0.008487 0.991493 0.00001 0.00001
0.00001 0.99997 0.00001 0.00001
0.00001 0.99997 0.00001 0.00001
0.017192 0.982788 0.00001 0.00001
0.00001 0.99997 0.00001 0.00001
0.00001 0.981026 0.018954 0.00001
0.003588 0.996392 0.00001 0.00001
0.00001 0.99997 0.00001 0.00001
0.026773 0.973207 0.00001 0.00001
0.00001 0.99997 0.00001 0.00001
0.00001 0.99997 0.00001 0.00001
0.00001 0.99997 0.00001 0.00001
0.00001 0.98633 0.01365 0.00001
0.00001 0.99997 0.00001 0.00001
0.00001 0.99997 0.00001 0.00001
0.00001 0.99997 0.00001 0.00001
0.00001 0.99997 0.00001 0.00001
0.006647 0.993333 0.00001 0.00001
0.00001 0.99997 0.00001 0.00001
0.00001 0.99997 0.00001 0.00001
0.008975 0.991005 0.00001 0.00001
0.00001 0.99997 0.00001 0.00001
0.00001 0.99997 0.00001 0.00001
0.00001 0.99997 0.00001 0.00001
0.010658 0.989322 0.00001 0.00001
0.00001 0.99997 0.00001 0.00001
0.00001 0.99997 0.00001 0.00001
0.013269 0.986711 0.00001 0.00001
0.00001 0.99997 0.00001 0.00001
0.00001 0.919645 0.080335 0.00001
0.00001 0.99997 0.00001 0.00001
0.00001 0.99997 0.00001 0.00001
0.00001 0.99997 0.00001 0.00001
0.00001 0.999966 0.000014 0.00001
0.007891 0.992089 0.00001 0.00001
0.00001 0.99997 0.00001 0.00001
0.00001 0.99997 0.00001 0.00001
0.00001 0.99263 0.00735 0.00001
0.00549 0.99449 0.00001 0.00001
0.00001 0.99997 0.00001 0.00001
0.00001 0.984437 0.015543 0.00001
0.00001 0.995889 0.00001 0.004091
0.00001 0.99997 0.00001 0.00001
0.00001 0.99997 0.00001 0.00001
0.00001 0.99997 0.00001 0.00001
0.002749 0.997231 0.00001 0.00001
0.00001 0.99997 0.00001 0.00001
0.00001 0.99997 0.00001 0.00001
0.00001 0.99997 0.00001 0.00001
0.00001 0.99997 0.00001 0.00001
0.00001 0.99997 0.00001 0.00001
0.00001 0.99997 0.00001 0.00001
0.002753 0.997227 0.00001 0.00001
0.00001 0.9937 0.00628 0.00001
0.00001 0.99997 0.00001 0.00001
0.002889 0.997091 0.00001 0.00001
0.000348 0.999632 0.00001 0.00001
0.003703 0.996277 0.00001 0.00001
0.00001 0.99997 0.00001 0.00001
0.00001 0.99997 0.00001 0.00001
0.00001 0.99997 0.00001 0.00001
0.00001 0.99997 0.00001 0.00001
0.00001 0.99997 0.00001 0.00001
0.00001 0.99997 0.00001 0.00001
0.00001 0.99997 0.00001 0.00001
0.00001 0.99997 0.00001 0.00001
0.00001 0.99997 0.00001 0.00001
0.00001 0.99997 0.00001 0.00001
0.004916 0.995064 0.00001 0.00001
0.00001 0.99997 0.00001 0.00001
0.00001 0.99997 0.00001 0.00001
0.00001 0.99997 0.00001 0.00001
0.00001 0.99997 0.00001 0.00001
0.00001 0.99997 0.00001 0.00001
0.00001 0.989621 0.00001 0.010359
0.006651 0.993329 0.00001 0.00001
0.00001 0.99997 0.00001 0.00001
0.00628 0.9937 0.00001 0.00001
0.00001 0.99997 0.00001 0.00001
0.034197 0.965783 0.00001 0.00001
0.00001 0.498991 0.500989 0.00001
0.00001 0.521024 0.437824 0.041142
0.00001 0.606869 0.266899 0.126221
0.00001 0.753431 0.2042 0.042358
0.04789 0.764611 0.166481 0.021019
0.00001 0.751271 0.248709 0.00001
0.191184 0.197133 0.382804 0.228879
0.00001 0.457658 0.506113 0.036219
0.00001 0.339217 0.548701 0.112072
0.195053 0.723173 0.00001 0.081765
0.00001 0.796496 0.203484 0.00001
0.00001 0.082829 0.711306 0.205855
0.00001 0.291488 0.708492 0.00001
0.17991 0.217237 0.357331 0.245523
0.166354 0.194967 0.549449 0.08923
0.00001 0.74002 0.224925 0.035045
0.048058 0.772251 0.139011 0.04068
0.046588 0.64424 0.211024 0.098148
0.138452 0.725221 0.136317 0.00001
0.136925 0.779693 0.083372 0.00001
0.040454 0.803817 0.155719 0.00001
0.11149 0.88849 0.00001 0.00001
0.089155 0.633714 0.140942 0.136189
0.198083 0.702527 0.056713 0.042676
0.00001 0.636894 0.363086 0.00001
0.10799 0.731712 0.00001 0.160288
0.00001 0.827894 0.127879 0.044217
0.00001 0.762368 0.237612 0.00001
0.00001 0.809422 0.190558 0.00001
0.097334 0.798374 0.01778 0.086511
0.00001 0.673966 0.315001 0.011023
0.006367 0.827374 0.095528 0.070732
0.19575 0.80423 0.00001 0.00001
0.00001 0.775123 0.13454 0.090327
0.00001 0.784525 0.153289 0.062176
0.089652 0.741975 0.13433 0.034042
0.163875 0.798216 0.037899 0.00001
0.106352 0.799749 0.067856 0.026043
0.116191 0.780288 0.103511 0.00001
0.00001 0.786421 0.213559 0.00001
0.063726 0.537311 0.398953 0.00001
0.085686 0.730268 0.129139 0.054907
0.00001 0.820376 0.156734 0.02288
0.00001 0.916142 0.00001 0.083838
0.360851 0.00001 0.557263 0.081876
0.229393 0.00001 0.635733 0.134863
0.480551 0.00001 0.456459 0.06298
0.478226 0.00001 0.521754 0.00001
0.251579 0.00001 0.677628 0.070783
0.338813 0.00001 0.559663 0.101514
0.391014 0.00001 0.554544 0.054432
0.468376 0.00001 0.428963 0.102651
0.455815 0.00001 0.402437 0.141738
0.381184 0.00001 0.406584 0.212222
0.99997 0.00001 0.00001 0.00001
0.99997 0.00001 0.00001 0.00001
0.99997 0.00001 0.00001 0.00001
0.99997 0.00001 0.00001 0.00001
0.99997 0.00001 0.00001 0.00001
0.99997 0.00001 0.00001 0.00001
0.00001 0.00001 0.99997 0.00001
0.311651 0.00001 0.626295 0.062044
0.510698 0.015517 0.334804 0.138981
0.170191 0.00001 0.684265 0.145534
0.331999 0.00001 0.629602 0.038389
0.503133 0.00001 0.439204 0.057653
0.320085 0.00001 0.513333 0.166572
0.402211 0.00001 0.387448 0.210331
0.219589 0.00001 0.710278 0.070123
0.22738 0.00001 0.688507 0.084103
0.347751 0.00001 0.528926 0.123314
0.333519 0.00001 0.478791 0.187679
0.395791 0.00001 0.521795 0.082404
0.437689 0.00001 0.414515 0.147786
0.00001 0.00001 0.99997 0.00001
0.531212 0.00037 0.39465 0.073768
0.279681 0.00001 0.657817 0.062491
0.00001 0.00001 0.941739 0.058241
0.404473 0.00001 0.562756 0.032761
0.338099 0.00001 0.51903 0.142861
0.407931 0.00001 0.592049 0.00001
0.51603 0.00001 0.48395 0.00001
0.527114 0.00001 0.439756 0.03312
0.497179 0.00001 0.406521 0.096289
0.220779 0.00001 0.589219 0.189991
0.356121 0.00001 0.498396 0.145473
0.00001 0.002966 0.997014 0.00001
0.00001 0.00001 0.99997 0.00001
0.361952 0.00001 0.377164 0.260874
0.276596 0.00001 0.684146 0.039248
0.226013 0.00001 0.610518 0.163459
0.488516 0.029774 0.479252 0.002459
0.400174 0.00001 0.412753 0.187063
0.242542 0.00001 0.531601 0.225847
0.47517 0.00001 0.422589 0.102231
0.380413 0.00001 0.510449 0.109128
0.567207 0.00001 0.400968 0.031814
0.558471 0.00001 0.396055 0.045464
0.99997 0.00001 0.00001 0.00001
0.99997 0.00001 0.00001 0.00001
0.558283 0.00001 0.385495 0.056212
0.99997 0.00001 0.00001 0.00001
0.306883 0.00001 0.606579 0.086529
0.314364 0.00001 0.473251 0.212376
0.00001 0.00001 0.99997 0.00001
0.255912 0.012615 0.731463 0.00001
0.49404 0.004859 0.459089 0.042012
0.00001 0.00001 0.99997 0.00001
0.99997 0.00001 0.00001 0.00001
0.99997 0.00001 0.00001 0.00001
0.167576 0.00001 0.651072 0.181342
0.286882 0.00001 0.660241 0.052867
0.00001 0.00001 0.98178 0.0182
0.247753 0.00001 0.632715 0.119522
0.00001 0.00001 0.961336 0.038644
0.386966 0.00001 0.613014 0.00001
0.596932 0.00001 0.341714 0.061344
0.589915 0.00001 0.315063 0.095012
0.382557 0.00001 0.617423 0.00001
0.50637 0.000551 0.44627 0.046809
0.475216 0.00001 0.485023 0.03975
0.00001 0.00001 0.99997 0.00001
0.443044 0.00001 0.458236 0.098711
0.417588 0.00001 0.579603 0.002798
0.405047 0.000014 0.594929 0.00001
0.367735 0.00001 0.632245 0.00001
0.431184 0.00001 0.472462 0.096344
0.434367 0.00001 0.376564 0.189059
0.345498 0.00001 0.537683 0.116808
0.469548 0.00001 0.413775 0.116667
0.492068 0.00001 0.396977 0.110945
0.465201 0.00001 0.389338 0.145451
0.367273 0.00001 0.514848 0.117869
0.42755 0.00001 0.541266 0.031174
0.414979 0.00001 0.434059 0.150953
0.278202 0.00001 0.578785 0.143003
0.350181 0.00001 0.390891 0.258917
0.199986 0.00001 0.535663 0.264342
0.407422 0.00001 0.330686 0.261882
0.00001 0.00001 0.841422 0.158558
0.478458 0.00001 0.422813 0.098719
0.371946 0.00001 0.474386 0.153657
0.206183 0.00001 0.512761 0.281046
0.282054 0.00001 0.457278 0.260658
0.100422 0.00001 0.619764 0.279805
0.320002 0.00001 0.679978 0.00001
0.474135 0.00001 0.525845 0.00001
0.282999 0.00001 0.599218 0.117773
0.45413 0.00001 0.371115 0.174745
0.310422 0.00001 0.689558 0.00001
0.273151 0.00001 0.656592 0.070247
0.239457 0.00001 0.087717 0.672815
0.257337 0.00001 0.322419 0.420234
0.274352 0.00001 0.302163 0.423476
0.256304 0.00001 0.102574 0.641112
0.129305 0.00001 0.274819 0.595867
0.357282 0.00001 0.251254 0.391454
0.355359 0.00001 0.201177 0.443453
0.146598 0.00001 0.260509 0.592884
0.256441 0.00001 0.025289 0.718261
0.236096 0.00001 0.515709 0.248186
0.287582 0.00001 0.341767 0.37064
0.336982 0.00001 0.068428 0.59458
0.105478 0.00001 0.295563 0.598949
0.279535 0.00001 0.451384 0.269071
0.134025 0.00001 0.353552 0.512412
0.222111 0.00001 0.283791 0.494088
0.174758 0.00001 0.249597 0.575635
0.248886 0.00001 0.164354 0.58675
0.129808 0.00001 0.272661 0.597521
0.228749 0.00001 0.353379 0.417862
0.441685 0.00001 0.30041 0.257895
0.06589 0.00001 0.307519 0.626581
0.314774 0.00001 0.005398 0.679817
0.390637 0.00001 0.00001 0.609343
0.00001 0.00001 0.664163 0.335817
0.112113 0.00001 0.367922 0.519955
0.00001 0.00001 0.566131 0.433849
0.103732 0.00001 0.453092 0.443166
0.00001 0.00001 0.004595 0.995385
0.00001 0.00001 0.115639 0.884341
0.00001 0.00001 0.003766 0.996214
0.00001 0.00001 0.042695 0.957285
0.00001 0.00001 0.00637 0.99361
0.123183 0.00001 0.00001 0.876797
0.00001 0.00001 0.093348 0.906632
0.140694 0.00001 0.00001 0.859286
0.00001 0.00001 0.00001 0.99997
0.00001 0.00001 0.00001 0.99997
0.00001 0.00001 0.00001 0.99997
0.00001 0.00001 0.00001 0.99997
0.021781 0.00001 0.00001 0.978199
0.00001 0.00001 0.00001 0.99997
0.00001 0.00001 0.00001 0.99997
0.039637 0.00001 0.00001 0.960343
0.00001 0.00001 0.190474 0.809506
0.00001 0.00001 0.142067 0.857913
0.00001 0.00001 0.00001 0.99997
0.00001 0.00001 0.00001 0.99997
0.00001 0.00001 0.00001 0.99997
0.00001 0.00001 0.00001 0.99997
0.213205 0.00001 0.00001 0.786775
0.00001 0.00001 0.00001 0.99997
0.002599 0.00001 0.00001 0.997381
0.161197 0.00001 0.083662 0.755131
0.055472 0.00001 0.292958 0.651561
0.037436 0.00001 0.174739 0.787815
0.202158 0.00001 0.00001 0.797822
0.186524 0.00001 0.07758 0.735886
0.127874 0.00001 0.201219 0.670897
0.00001 0.00001 0.203866 0.796114
0.283014 0.00001 0.016693 0.700283
0.00001 0.00001 0.122591 0.877389
0.234072 0.00001 0.00001 0.765908
0.264961 0.00001 0.00001 0.735019
0.10475 0.00001 0.124305 0.770935
0.151328 0.00001 0.00001 0.848652
0.00001 0.00001 0.255144 0.744836
0.113225 0.00001 0.162601 0.724164
0.173354 0.00001 0.09685 0.729786
0.153592 0.00001 0.079628 0.76677
0.204079 0.00001 0.058073 0.737838
0.22367 0.00001 0.00001 0.77631
0.124916 0.00001 0.190623 0.684452
0.090618 0.00001 0.149795 0.759576
0.250423 0.00001 0.00001 0.749557
0.261196 0.00001 0.00001 0.738784
0.115845 0.00001 0.00001 0.884135
0.228114 0.00001 0.006918 0.764958
0.179464 0.00001 0.087385 0.733142
0.334616 0.00001 0.00001 0.665364
0.040447 0.00001 0.153017 0.806525
0.187593 0.00001 0.00001 0.812387
0.20566 0.00001 0.00001 0.79432
0.264941 0.00001 0.00001 0.735039
0.246346 0.00001 0.00001 0.753634
0.00001 0.00001 0.230206 0.769774
0.131881 0.00001 0.00001 0.868099
0.224693 0.00001 0.00001 0.775287
0.00001 0.00001 0.00001 0.99997
0.035508 0.00001 0.137632 0.82685
0.00001 0.00001 0.00001 0.99997
0.00001 0.00001 0.110202 0.889778
0.197805 0.00001 0.00001 0.802175
0.135775 0.00001 0.00001 0.864205
0.271406 0.00001 0.00001 0.728574
0.238827 0.00001 0.012826 0.748337
0.107585 0.00001 0.003181 0.889224
0.127178 0.00001 0.036162 0.83665
0.214205 0.00001 0.00001 0.785775
0.155205 0.00001 0.00001 0.844775
0.01981 0.00001 0.170195 0.809986
0.228868 0.00001 0.00001 0.771112
0.229483 0.00001 0.00001 0.770497
0.046656 0.00001 0.133306 0.820028
0.195433 0.00001 0.00001 0.804547
0.012464 0.00001 0.136382 0.851145
0.029704 0.00001 0.165392 0.804894
0.257789 0.00001 0.00001 0.742191
0.095711 0.00001 0.00001 0.904269
0.00564 0.00001 0.293784 0.700567
0.136281 0.00001 0.00001 0.863699
0.055662 0.00001 0.147092 0.797236
0.264544 0.00001 0.00001 0.735436
0.208162 0.00001 0.00001 0.791818
0.295024 0.00001 0.00001 0.704956
0.00001 0.00001 0.246638 0.753342
0.231905 0.00001 0.007648 0.760437
