0.99996 0.00001 0.00001 0.00001 0.00001
0.677121 0.00001 0.00001 0.322849 0.00001
0.75226 0.00001 0.00001 0.24771 0.00001
0.99996 0.00001 0.00001 0.00001 0.00001
0.99996 0.00001 0.00001 0.00001 0.00001
0.999955 0.00001 0.000015 0.00001 0.00001
0.593469 0.00001 0.00001 0.406501 0.00001
0.639702 0.00001 0.00001 0.360268 0.00001
0.705515 0.00001 0.00001 0.294455 0.00001
0.99996 0.00001 0.00001 0.00001 0.00001
0.99996 0.00001 0.00001 0.00001 0.00001
0.99996 0.00001 0.00001 0.00001 0.00001
0.67151 0.00001 0.00001 0.32846 0.00001
0.43699 0.00001 0.02775 0.535241 0.00001
0.99996 0.00001 0.00001 0.00001 0.00001
0.99996 0.00001 0.00001 0.00001 0.00001
0.99996 0.00001 0.00001 0.00001 0.00001
0.661068 0.00001 0.00001 0.338902 0.00001
0.99996 0.00001 0.00001 0.00001 0.00001
0.479862 0.00001 0.00001 0.520108 0.00001
0.99996 0.00001 0.00001 0.00001 0.00001
0.463997 0.00001 0.00001 0.535973 0.00001
0.000019 0.00001 0.00001 0.999951 0.00001
0.00001 0.00001 0.00001 0.973529 0.026441
0.222129 0.00001 0.00001 0.777841 0.00001
0.14831 0.00001 0.00001 0.85166 0.00001
0.180791 0.00001 0.027136 0.792052 0.00001
0.217567 0.00001 0.00001 0.782403 0.00001
0.210276 0.00001 0.000657 0.789047 0.00001
0.349399 0.00001 0.00001 0.650571 0.00001
0.237871 0.00001 0.00001 0.762099 0.00001
0.2306 0.00001 0.00001 0.765292 0.004088
0.284906 0.00001 0.022594 0.692481 0.00001
0.187084 0.00001 0.00001 0.812886 0.00001
0.064536 0.00001 0.00001 0.935434 0.00001
0.00001 0.00001 0.00001 0.99996 0.00001
0.16857 0.00001 0.00001 0.8314 0.00001
0.230399 0.00001 0.00001 0.769571 0.00001
0.266512 0.00001 0.00001 0.733458 0.00001
0.074503 0.00001 0.00001 0.925467 0.00001
0.082042 0.00001 0.00001 0.917928 0.00001
0.00001 0.00001 0.00001 0.99996 0.00001
0.196005 0.00001 0.019396 0.784579 0.00001
0.201666 0.00001 0.00001 0.749998 0.048315
0.290565 0.00001 0.00001 0.709405 0.00001
0.174651 0.00001 0.00001 0.825319 0.00001
0.090914 0.00001 0.00001 0.909056 0.00001
0.231058 0.00001 0.00001 0.768912 0.00001
0.169872 0.00001 0.00001 0.830098 0.00001
0.307121 0.00001 0.015647 0.677212 0.00001
0.292793 0.00001 0.00001 0.707177 0.00001
0.207022 0.00001 0.006472 0.786485 0.00001
0.00001 0.00001 0.00001 0.99996 0.00001
0.12338 0.00001 0.00001 0.87659 0.00001
0.00001 0.00001 0.00001 0.988865 0.011105
0.188012 0.00001 0.00001 0.811958 0.00001
0.335526 0.00001 0.016536 0.647918 0.00001
0.080692 0.00001 0.00001 0.919278 0.00001
0.220861 0.00001 0.00001 0.779109 0.00001
0.241447 0.00001 0.025733 0.732801 0.00001
0.00001 0.00001 0.00001 0.99996 0.00001
0.202227 0.00001 0.00001 0.797743 0.00001
0.206852 0.00001 0.00001 0.793118 0.00001
0.261289 0.00001 0.00001 0.726175 0.012516
0.422011 0.00001 0.00001 0.577959 0.00001
0.220702 0.00001 0.00001 0.779268 0.00001
0.128065 0.00001 0.00001 0.871905 0.00001
0.213469 0.00001 0.00001 0.786501 0.00001
0.211519 0.004703 0.00001 0.783757 0.00001
0.181741 0.00001 0.00001 0.818229 0.00001
0.272439 0.00001 0.00001 0.727531 0.00001
0.240892 0.00001 0.008454 0.750634 0.00001
0.164883 0.00001 0.00001 0.835087 0.00001
0.233358 0.00001 0.00001 0.766612 0.00001
0.290959 0.00001 0.00001 0.709011 0.00001
0.240011 0.00001 0.007756 0.752214 0.00001
0.188974 0.00001 0.00001 0.810996 0.00001
0.300508 0.00001 0.00001 0.699462 0.00001
0.248885 0.00001 0.012443 0.738652 0.00001
0.206139 0.00001 0.00001 0.793831 0.00001
0.306451 0.00001 0.00001 0.614886 0.078643
0.166704 0.00001 0.00001 0.833266 0.00001
0.012493 0.00001 0.00001 0.987477 0.00001
0.329936 0.00001 0.00001 0.670034 0.00001
0.152305 0.00001 0.00001 0.847665 0.00001
0.241598 0.00001 0.005748 0.752634 0.00001
0.120933 0.00001 0.00001 0.879037 0.00001
0.136742 0.00001 0.00001 0.863228 0.00001
0.242664 0.00001 0.00001 0.751801 0.005514
0.316043 0.000013 0.00001 0.683923 0.00001
0.175808 0.00001 0.00001 0.824162 0.00001
0.185518 0.00001 0.00001 0.799528 0.014934
0.358875 0.001875 0.00001 0.63923 0.00001
0.00001 0.00001 0.00001 0.99996 0.00001
0.33327 0.00001 0.00001 0.6667 0.00001
0.00001 0.00001 0.00001 0.99996 0.00001
0.129891 0.00001 0.00001 0.86795 0.002139
0.115377 0.00001 0.00001 0.884593 0.00001
0.307991 0.00001 0.00001 0.691979 0.00001
0.00001 0.00001 0.00001 0.99996 0.00001
0.25174 0.00001 0.00001 0.74823 0.00001
0.275598 0.00001 0.00001 0.724372 0.00001
0.108303 0.00001 0.00001 0.891667 0.00001
0.231229 0.00001 0.00001 0.768026 0.000725
0.163988 0.00001 0.00001 0.831234 0.004758
0.098998 0.00001 0.00001 0.900972 0.00001
0.161168 0.00001 0.001249 0.837563 0.00001
0.267274 0.00001 0.000016 0.73269 0.00001
0.25758 0.00001 0.00001 0.740927 0.001473
0.00001 0.00001 0.00001 0.99996 0.00001
0.00001 0.00001 0.00001 0.99996 0.00001
0.157472 0.00001 0.00001 0.842498 0.00001
0.26814 0.00001 0.00001 0.73183 0.00001
0.213918 0.00001 0.00001 0.786052 0.00001
0.218616 0.00001 0.00001 0.781354 0.00001
0.045371 0.00001 0.00001 0.954599 0.00001
0.194046 0.00001 0.00001 0.805924 0.00001
0.161014 0.00001 0.00001 0.838956 0.00001
0.317758 0.00001 0.00001 0.682212 0.00001
0.290088 0.00001 0.006618 0.703274 0.00001
0.291172 0.00001 0.00001 0.708798 0.00001
0.104272 0.00001 0.00001 0.895698 0.00001
0.173508 0.00001 0.00001 0.826462 0.00001
0.184947 0.00001 0.00001 0.815023 0.00001
0.242134 0.00001 0.00001 0.757836 0.00001
0.012508 0.005471 0.00001 0.982 0.00001
0.00001 0.00001 0.00001 0.99996 0.00001
0.118612 0.00001 0.00001 0.881358 0.00001
0.00001 0.00001 0.003092 0.996878 0.00001
0.174971 0.00001 0.00001 0.824999 0.00001
0.176837 0.00001 0.030773 0.792371 0.00001
0.134379 0.045253 0.134808 0.372651 0.312909
0.136465 0.04729 0.211528 0.391498 0.213219
0.038677 0.105405 0.031099 0.570589 0.25423
0.135597 0.00001 0.00001 0.618431 0.245952
0.020533 0.031431 0.069931 0.747134 0.13097
0.123461 0.00001 0.00001 0.629585 0.246934
0.049347 0.22125 0.280036 0.150704 0.298664
0.11174 0.002618 0.00001 0.347432 0.5382
0.142641 0.097302 0.116498 0.202299 0.44126
0.145546 0.070255 0.102684 0.573979 0.107536
0.156525 0.00001 0.00001 0.641381 0.202074
0.00001 0.228939 0.00001 0.088382 0.682659
0.102383 0.010032 0.191137 0.197035 0.499413
0.107829 0.176993 0.00001 0.103099 0.612069
0.047838 0.0687 0.235911 0.150042 0.497509
0.091812 0.050954 0.03128 0.651284 0.17467
0.179788 0.03705 0.187179 0.595972 0.00001
0.094163 0.080738 0.104212 0.55203 0.168857
0.191522 0.00001 0.150629 0.534791 0.123048
0.185523 0.00001 0.215872 0.598586 0.00001
0.163136 0.00001 0.00001 0.640639 0.196204
0.265973 0.00001 0.110479 0.623528 0.00001
0.00001 0.129103 0.121552 0.635792 0.113543
0.073631 0.016931 0.125862 0.626454 0.157122
0.00001 0.00001 0.00001 0.639469 0.360501
0.230778 0.182885 0.038573 0.500828 0.046936
0.145214 0.038686 0.014041 0.68402 0.11804
0.21165 0.00001 0.00001 0.551686 0.236644
0.178627 0.00001 0.00001 0.631775 0.189577
0.198751 0.083082 0.027706 0.598754 0.091707
0.123944 0.01099 0.00001 0.553589 0.311467
0.131903 0.06302 0.037472 0.69743 0.070175
0.143507 0.047839 0.1477 0.660944 0.00001
0.161609 0.074674 0.00001 0.614627 0.149081
0.19632 0.00001 0.00001 0.586879 0.21678
0.136013 0.042492 0.114431 0.607913 0.099152
0.241376 0.00001 0.144716 0.55619 0.057708
0.082028 0.026634 0.017453 0.717472 0.156413
0.163326 0.00001 0.135374 0.617973 0.083317
0.082147 0.00001 0.00001 0.707809 0.210024
0.049659 0.00001 0.155777 0.492267 0.302288
0.123267 0.002598 0.00001 0.605826 0.268299
0.194654 0.00001 0.00001 0.625916 0.17941
0.230471 0.083011 0.00001 0.686498 0.00001
0.00001 0.060366 0.45044 0.00001 0.489174
0.00001 0.118986 0.332744 0.00001 0.54825
0.00001 0.00001 0.99996 0.00001 0.00001
0.00001 0.00001 0.450768 0.00001 0.549202
0.00001 0.03204 0.384263 0.00001 0.583677
0.00001 0.073718 0.440659 0.00001 0.485603
0.00001 0.048608 0.502226 0.00001 0.449146
0.00001 0.082538 0.507646 0.00001 0.409796
0.00001 0.126195 0.53527 0.00001 0.338515
0.00001 0.18014 0.303172 0.00001 0.516668
0.00001 0.00001 0.99996 0.00001 0.00001
0.00001 0.00001 0.99996 0.00001 0.00001
0.00001 0.00001 0.99996 0.00001 0.00001
0.00001 0.00001 0.99996 0.00001 0.00001
0.00001 0.00001 0.99996 0.00001 0.00001
0.00001 0.00001 0.99996 0.00001 0.00001
0.00001 0.047205 0.301193 0.00001 0.651582
0.00001 0.0505 0.50187 0.00001 0.44761
0.023597 0.143753 0.574313 0.00001 0.258328
0.00001 0.095249 0.262046 0.00001 0.642684
0.00001 0.013944 0.407636 0.00001 0.5784
0.00001 0.00813 0.46224 0.00001 0.52961
0.00001 0.138362 0.410244 0.00001 0.451374
0.00001 0.17714 0.357873 0.00001 0.464966
0.00001 0.026317 0.3404 0.00001 0.633263
0.00001 0.043553 0.36376 0.00001 0.592667
0.00001 0.089151 0.398539 0.00001 0.51229
0.00001 0.189328 0.487415 0.00001 0.323236
0.00001 0.053715 0.524125 0.00001 0.42214
0.00001 0.00001 0.00001 0.00001 0.99996
0.00001 0.011484 0.308294 0.00001 0.680202
0.00001 0.026534 0.339173 0.00001 0.634273
0.00001 0.00001 0.00001 0.00001 0.99996
0.00001 0.00001 0.00001 0.00001 0.99996
0.00001 0.00001 0.414341 0.00001 0.585629
0.00001 0.110867 0.342886 0.00001 0.546227
0.000011 0.00001 0.392222 0.00001 0.607747
0.00001 0.00001 0.601763 0.00001 0.398207
0.00001 0.00001 0.524516 0.00001 0.475454
0.00001 0.052289 0.571451 0.00001 0.37624
0.00001 0.143496 0.152824 0.00001 0.70366
0.00001 0.106373 0.299398 0.00001 0.594209
0.00001 0.00001 0.27921 0.034208 0.686562
0.00001 0.00001 0.467429 0.033444 0.499106
0.00001 0.238871 0.400737 0.00001 0.360373
0.000012 0.000016 0.316614 0.00001 0.683348
0.00001 0.00001 0.00001 0.00001 0.99996
0.00001 0.00001 0.528128 0.031317 0.440535
0.00001 0.151701 0.387565 0.00001 0.460714
0.00001 0.193697 0.326168 0.00001 0.480115
0.00001 0.08163 0.509678 0.00001 0.408672
0.00001 0.00001 0.99996 0.00001 0.00001
0.00001 0.013529 0.678831 0.00001 0.30762
0.00001 0.00001 0.99996 0.00001 0.00001
0.00001 0.00001 0.99996 0.00001 0.00001
0.00001 0.054173 0.482447 0.00001 0.463361
0.00001 0.032593 0.729476 0.00001 0.237911
0.000016 0.115151 0.452533 0.00001 0.43229
0.00001 0.03917 0.413933 0.00001 0.546878
0.00001 0.179157 0.36948 0.00001 0.451343
0.00001 0.00001 0.00001 0.00001 0.99996
0.00001 0.00001 0.409994 0.023114 0.566872
0.012096 0.034913 0.516491 0.00001 0.436489
0.004943 0.00001 0.596421 0.00001 0.398616
0.00001 0.00001 0.99996 0.00001 0.00001
0.00001 0.00001 0.99996 0.00001 0.00001
0.00001 0.152439 0.319279 0.00001 0.528262
0.00001 0.00001 0.00001 0.00001 0.99996
0.00001 0.056243 0.326844 0.00001 0.616893
0.00001 0.092625 0.384345 0.00001 0.52301
0.00001 0.00001 0.00001 0.00001 0.99996
0.00001 0.00001 0.312422 0.00001 0.687548
0.00001 0.00001 0.99996 0.00001 0.00001
0.00001 0.00001 0.99996 0.00001 0.00001
0.000011 0.00001 0.583439 0.00001 0.41653
0.00001 0.021558 0.530412 0.002822 0.445198
0.00001 0.013961 0.583727 0.00001 0.402292
0.00001 0.052967 0.38846 0.00001 0.558552
0.00001 0.096757 0.506182 0.00001 0.39704
0.00001 0.00001 0.408427 0.00001 0.591543
0.00001 0.00001 0.418216 0.00001 0.581754
0.00001 0.00001 0.323125 0.00001 0.676845
0.00001 0.042244 0.292647 0.00001 0.665089
0.00001 0.16581 0.476875 0.00001 0.357295
0.00001 0.104515 0.480062 0.00001 0.415403
0.00001 0.086985 0.4884 0.00001 0.424595
0.00001 0.082633 0.57253 0.00001 0.344818
0.00001 0.128252 0.492272 0.00001 0.379455
0.00001 0.00001 0.00001 0.00001 0.99996
0.00001 0.00001 0.493319 0.00001 0.506651
0.00001 0.137835 0.510074 0.00001 0.35207
0.00001 0.098946 0.277104 0.00001 0.62393
0.00001 0.226629 0.353609 0.00001 0.419741
0.00001 0.234401 0.289543 0.00001 0.476035
0.00001 0.214912 0.209193 0.00001 0.575876
0.00001 0.188525 0.3174 0.00001 0.494056
0.00001 0.080435 0.559226 0.00001 0.360319
0.00001 0.126185 0.373093 0.00001 0.500702
0.00001 0.252203 0.227614 0.00001 0.520163
0.00001 0.241512 0.307645 0.00001 0.450823
0.00001 0.151308 0.00001 0.00001 0.848662
0.000017 0.00001 0.501958 0.00001 0.498005
0.00001 0.00001 0.442348 0.00001 0.557622
0.000016 0.095182 0.453001 0.00001 0.451791
0.00001 0.148935 0.46183 0.00001 0.389215
0.00001 0.00001 0.442066 0.00001 0.557904
0.00001 0.032462 0.310471 0.00001 0.657047
0.00001 0.659303 0.218532 0.00001 0.122145
0.00001 0.399585 0.247827 0.00001 0.352568
0.00001 0.412129 0.310132 0.00001 0.277719
0.00001 0.632275 0.367695 0.00001 0.00001
0.00001 0.583125 0.055385 0.00001 0.36147
0.00001 0.36209 0.370663 0.00001 0.267227
0.00001 0.431762 0.318421 0.00001 0.249798
0.00001 0.579602 0.156104 0.00001 0.264274
0.00001 0.732292 0.243385 0.00001 0.024302
0.00001 0.218291 0.19555 0.00001 0.586139
0.000015 0.329626 0.194762 0.00001 0.475587
0.00001 0.589303 0.329315 0.00001 0.081362
0.00001 0.581033 0.17171 0.00001 0.247237
0.00001 0.242365 0.3342 0.00001 0.423415
0.00001 0.499496 0.184749 0.00001 0.315735
0.00001 0.490393 0.287906 0.00001 0.22168
0.00001 0.57109 0.237828 0.00001 0.191062
0.00001 0.574631 0.181634 0.00001 0.243715
0.00001 0.583889 0.114822 0.00001 0.301269
0.00001 0.416143 0.309795 0.00001 0.274042
0.00001 0.26563 0.478312 0.00001 0.256038
0.00001 0.615869 0.148481 0.00001 0.23563
0.00001 0.653813 0.271168 0.00001 0.074999
0.00001 0.622392 0.213871 0.00001 0.163717
0.00001 0.00001 0.00001 0.00001 0.99996
0.00001 0.501762 0.060229 0.00001 0.437989
0.00001 0.387287 0.00001 0.00001 0.612683
0.00001 0.406476 0.00001 0.00001 0.593494
0.00001 0.975421 0.024549 0.00001 0.00001
0.00001 0.871911 0.00001 0.00001 0.128059
0.00001 0.994699 0.00001 0.00001 0.005271
0.00001 0.99996 0.00001 0.00001 0.00001
0.00001 0.981107 0.00001 0.00001 0.018863
0.00001 0.930044 0.069926 0.00001 0.00001
0.00001 0.903541 0.031848 0.00001 0.06459
0.00001 0.836229 0.163741 0.00001 0.00001
0.00001 0.99996 0.00001 0.00001 0.00001
0.00001 0.99996 0.00001 0.00001 0.00001
0.00001 0.989951 0.010019 0.00001 0.00001
0.00001 0.99996 0.00001 0.00001 0.00001
0.00001 0.932606 0.067364 0.00001 0.00001
0.00001 0.99996 0.00001 0.00001 0.00001
0.00001 0.99996 0.00001 0.00001 0.00001
0.00001 0.99996 0.00001 0.00001 0.00001
0.00001 0.856561 0.143409 0.00001 0.00001
0.00001 0.813455 0.00001 0.00001 0.186515
0.00001 0.99996 0.00001 0.00001 0.00001
0.00001 0.99996 0.00001 0.00001 0.00001
0.00001 0.99996 0.00001 0.00001 0.00001
0.00001 0.989538 0.010432 0.00001 0.00001
0.00001 0.804407 0.195563 0.00001 0.00001
0.00001 0.99996 0.00001 0.00001 0.00001
0.00001 0.99996 0.00001 0.00001 0.00001
0.00001 0.754265 0.141429 0.00001 0.104286
0.00001 0.645243 0.108051 0.00001 0.246686
0.00001 0.683715 0.00001 0.00001 0.316255
0.00001 0.861031 0.138939 0.00001 0.00001
0.00001 0.738705 0.237325 0.00001 0.02395
0.00001 0.661322 0.101375 0.00001 0.237283
0.00001 0.773972 0.00001 0.00001 0.225998
0.00001 0.667369 0.184595 0.00001 0.148016
0.00001 0.874399 0.00308 0.00001 0.122501
0.00001 0.760124 0.239846 0.00001 0.00001
0.00001 0.744386 0.170804 0.00001 0.08479
0.00001 0.761695 0.133553 0.00001 0.104732
0.00001 0.856275 0.075117 0.00001 0.068589
0.00001 0.742846 0.00001 0.00001 0.257124
0.00001 0.720638 0.011531 0.00001 0.267811
0.00001 0.725269 0.159654 0.00001 0.115057
0.00001 0.761049 0.044163 0.00001 0.194768
0.00001 0.723323 0.152502 0.00001 0.124155
0.00001 0.771598 0.228372 0.00001 0.00001
0.00001 0.683403 0.085839 0.00001 0.230738
0.00001 0.752649 0.247321 0.00001 0.00001
0.00001 0.776046 0.223924 0.00001 0.00001
0.00001 0.744631 0.201836 0.00001 0.053514
0.00001 0.828657 0.00001 0.00001 0.171313
0.00001 0.769677 0.171596 0.00001 0.058707
0.00001 0.734409 0.180242 0.00001 0.085329
0.000015 0.685534 0.314432 0.00001 0.00001
0.00001 0.800972 0.115405 0.00001 0.083603
0.00001 0.832102 0.167868 0.00001 0.00001
0.00001 0.784318 0.215652 0.00001 0.00001
0.00001 0.727623 0.272347 0.00001 0.00001
0.00001 0.727418 0.272552 0.00001 0.00001
0.00001 0.764044 0.092588 0.00001 0.143348
0.00001 0.865276 0.134694 0.00001 0.00001
0.00001 0.749799 0.150739 0.00001 0.099442
0.00001 0.99996 0.00001 0.00001 0.00001
0.00001 0.821937 0.00001 0.00001 0.178033
0.00001 0.99996 0.00001 0.00001 0.00001
0.00001 0.828269 0.00001 0.00001 0.171701
0.00001 0.811289 0.10167 0.00001 0.08702
0.000011 0.886017 0.113952 0.00001 0.00001
0.00001 0.762006 0.237964 0.00001 0.00001
0.00001 0.735158 0.21124 0.00001 0.053582
0.00001 0.854198 0.00001 0.00001 0.145772
0.00001 0.825905 0.05782 0.00001 0.116255
0.00001 0.793295 0.206675 0.00001 0.00001
0.00001 0.88565 0.094203 0.00001 0.020127
0.000016 0.797543 0.040038 0.00001 0.162393
0.00001 0.750348 0.008931 0.00001 0.2407
0.00001 0.800085 0.039109 0.00001 0.160785
0.00001 0.805808 0.000011 0.00001 0.194161
0.00001 0.802011 0.197959 0.00001 0.00001
0.00001 0.831666 0.01812 0.00001 0.150194
0.00001 0.790701 0.00001 0.00001 0.209269
0.00001 0.747643 0.252327 0.00001 0.00001
0.00001 0.954125 0.045845 0.00001 0.00001
0.00001 0.677523 0.004422 0.00001 0.318035
0.00001 0.81788 0.18209 0.00001 0.00001
0.00001 0.743711 0.00001 0.00001 0.256259
0.00001 0.772547 0.199104 0.00001 0.028329
0.00001 0.786763 0.213207 0.00001 0.00001
0.00001 0.75062 0.24935 0.00001 0.00001
0.00001 0.725187 0.089309 0.00001 0.185484
0.00001 0.750062 0.249908 0.00001 0.00001
