0.00001 0.00001 0.00001 0.99997
0.00001 0.00001 0.00001 0.99997
0.00001 0.00001 0.00001 0.99997
0.00001 0.00001 0.00001 0.99997
0.00001 0.00001 0.00001 0.99997
0.00001 0.00001 0.00001 0.99997
0.00001 0.00001 0.00001 0.99997
0.00001 0.00001 0.00001 0.99997
0.00001 0.00001 0.00001 0.99997
0.00001 0.00001 0.00001 0.99997
0.00001 0.00001 0.00001 0.99997
0.00001 0.000742 0.00001 0.999238
0.00001 0.00001 0.00001 0.99997
0.00001 0.030932 0.00001 0.969048
0.00001 0.00001 0.00001 0.99997
0.00001 0.00001 0.00001 0.99997
0.00001 0.00001 0.00001 0.99997
0.00001 0.00001 0.00001 0.99997
0.00001 0.00001 0.00001 0.99997
0.00001 0.00001 0.00001 0.99997
0.00001 0.00001 0.00001 0.99997
0.00001 0.00001 0.00001 0.99997
0.00001 0.00001 0.00001 0.99997
0.00001 0.033818 0.00001 0.966162
0.00001 0.00001 0.00001 0.99997
0.00001 0.00001 0.00001 0.99997
0.028758 0.00001 0.00001 0.971222
0.00001 0.00002 0.00001 0.99996
0.001446 0.00001 0.00001 0.998534
0.00001 0.00001 0.00001 0.99997
0.00001 0.00001 0.00001 0.99997
0.00001 0.00001 0.002973 0.997007
0.024373 0.00001 0.00001 0.975607
0.00001 0.00001 0.00001 0.99997
0.00001 0.00001 0.00001 0.99997
0.00001 0.00001 0.00001 0.99997
0.00001 0.00001 0.00001 0.99997
0.00001 0.00001 0.00001 0.99997
0.00001 0.00001 0.00001 0.99997
0.00001 0.01126 0.00001 0.98872
0.00001 0.00001 0.00001 0.99997
0.00001 0.00001 0.00001 0.99997
0.004754 0.015253 0.00001 0.979984
0.049565 0.00001 0.00001 0.950415
0.00001 0.00001 0.00001 0.99997
0.00001 0.00001 0.00001 0.99997
0.00001 0.00001 0.00001 0.99997
0.00001 0.00001 0.00001 0.99997
0.00001 0.00001 0.00001 0.99997
0.0163 0.00001 0.00001 0.98368
0.00001 0.00001 0.00001 0.99997
0.00001 0.010187 0.00001 0.989793
0.00001 0.00001 0.00001 0.99997
0.00001 0.00001 0.00001 0.99997
0.00001 0.019626 0.00001 0.980354
0.00001 0.00001 0.00001 0.99997
0.00001 0.022156 0.00001 0.977824
0.00001 0.004019 0.00001 0.995961
0.00001 0.00001 0.00001 0.99997
0.026756 0.00001 0.00001 0.973224
0.00001 0.00001 0.00001 0.99997
0.00001 0.00001 0.00001 0.99997
0.00001 0.00001 0.00001 0.99997
0.00001 0.014228 0.00001 0.985752
0.00001 0.00001 0.00001 0.99997
0.00001 0.000585 0.00001 0.999395
0.00001 0.00001 0.00001 0.99997
0.00001 0.00001 0.00001 0.99997
0.00001 0.01752 0.00001 0.98246
0.00001 0.00001 0.00001 0.99997
0.00001 0.00001 0.00001 0.99997
0.00001 0.012095 0.00001 0.987885
0.00001 0.00001 0.00001 0.99997
0.00001 0.00001 0.00001 0.99997
0.00001 0.00001 0.00001 0.99997
0.00001 0.014298 0.00001 0.985682
0.00001 0.00001 0.00001 0.99997
0.00001 0.00001 0.00001 0.99997
0.010256 0.00001 0.00001 0.989724
0.00001 0.00001 0.00001 0.99997
0.077864 0.00001 0.00001 0.922116
0.00001 0.00001 0.00001 0.99997
0.00001 0.00001 0.00001 0.99997
0.00001 0.00001 0.00001 0.99997
0.00001 0.002414 0.00001 0.997566
0.004788 0.00001 0.00001 0.995192
0.00001 0.00001 0.00001 0.99997
0.00001 0.00001 0.00001 0.99997
0.004559 0.00001 0.00001 0.995421
0.000987 0.00001 0.00001 0.998993
0.00001 0.00001 0.00001 0.99997
0.00001 0.023011 0.00001 0.976969
0.00001 0.00001 0.003808 0.996172
0.00001 0.00001 0.00001 0.99997
0.00001 0.00001 0.00001 0.99997
0.000013 0.00001 0.00001 0.999967
0.002914 0.00001 0.00001 0.997066
0.00001 0.00001 0.00001 0.99997
0.00001 0.00001 0.00001 0.99997
0.00001 0.00001 0.00001 0.99997
0.00001 0.00001 0.00001 0.99997
0.00001 0.00001 0.00001 0.99997
0.00001 0.00001 0.00001 0.99997
0.00001 0.005768 0.00001 0.994212
0.00568 0.00001 0.00001 0.9943
0.00001 0.00001 0.00001 0.99997
0.00001 0.004909 0.00001 0.995071
0.00001 0.00001 0.00001 0.99997
0.00001 0.004365 0.00001 0.995615
0.00001 0.00001 0.00001 0.99997
0.00001 0.00001 0.00001 0.99997
0.00001 0.00001 0.00001 0.99997
0.00001 0.00001 0.00001 0.99997
0.00001 0.00001 0.00001 0.99997
0.00001 0.00001 0.00001 0.99997
0.00001 0.00001 0.00001 0.99997
0.00001 0.00001 0.00001 0.99997
0.00001 0.00001 0.00001 0.99997
0.00001 0.00001 0.00001 0.99997
0.005445 0.00001 0.00001 0.994535
0.00001 0.00001 0.00001 0.99997
0.00001 0.00001 0.00001 0.99997
0.00001 0.00001 0.00001 0.99997
0.00001 0.00001 0.00001 0.99997
0.00001 0.00001 0.00001 0.99997
0.00001 0.016185 0.00001 0.983795
0.004024 0.00001 0.00001 0.995956
0.00001 0.003799 0.00001 0.996181
0.004416 0.00001 0.00001 0.995564
0.00001 0.00001 0.00001 0.99997
0.031704 0.00001 0.00001 0.968276
0.360989 0.077798 0.056856 0.504356
0.353668 0.05715 0.064816 0.524365
0.226245 0.046784 0.119475 0.607496
0.121301 0.057373 0.06721 0.754117
0.144641 0.063812 0.027491 0.764056
0.196947 0.00001 0.045251 0.757793
0.468895 0.088506 0.248347 0.194253
0.396721 0.079602 0.062451 0.461226
0.43588 0.066912 0.151129 0.346079
0.16801 0.028436 0.085861 0.717694
0.132091 0.071672 0.00001 0.796226
0.00001 0.99997 0.00001 0.00001
0.565517 0.123908 0.016302 0.294273
0.439696 0.091108 0.256056 0.213139
0.622474 0.08862 0.093829 0.195077
0.142036 0.060844 0.056866 0.740254
0.178104 0.00001 0.047923 0.773963
0.246281 0.001968 0.104892 0.646859
0.246861 0.028973 0.00001 0.724156
0.202718 0.01941 0.00001 0.777862
0.194243 0.00001 0.00001 0.805737
0.02463 0.087324 0.00001 0.888036
0.165006 0.060804 0.143273 0.630917
0.2626 0.006677 0.030598 0.700126
0.301496 0.059627 0.00001 0.638867
0.085945 0.00001 0.182744 0.731301
0.125431 0.00001 0.044578 0.829981
0.17169 0.063949 0.00269 0.761671
0.139771 0.048543 0.00001 0.811676
0.123075 0.00001 0.079695 0.797219
0.252216 0.009038 0.058226 0.68052
0.083926 0.023366 0.065288 0.827421
0.151239 0.00001 0.045679 0.803072
0.036137 0.02885 0.155127 0.779886
0.16351 0.00001 0.050155 0.786325
0.201374 0.017583 0.038876 0.742166
0.186405 0.018596 0.00001 0.794989
0.118676 0.062395 0.022387 0.796542
0.219657 0.00001 0.00001 0.780323
0.113561 0.065253 0.03189 0.789297
0.410851 0.048458 0.00001 0.540682
0.188517 0.015244 0.065731 0.730508
0.103218 0.012827 0.060317 0.823639
0.00001 0.00001 0.083564 0.916416
0.811585 0.097084 0.091321 0.00001
0.766286 0.084039 0.149665 0.00001
0.98154 0.00001 0.01844 0.00001
0.926274 0.073706 0.00001 0.00001
0.826721 0.088735 0.084533 0.00001
0.897559 0.00001 0.102421 0.00001
0.839141 0.088962 0.071886 0.00001
0.941875 0.00001 0.058105 0.00001
0.852639 0.00001 0.147341 0.00001
0.792602 0.00001 0.207378 0.00001
0.99997 0.00001 0.00001 0.00001
0.99997 0.00001 0.00001 0.00001
0.926088 0.002956 0.070946 0.00001
0.99997 0.00001 0.00001 0.00001
0.99997 0.00001 0.00001 0.00001
0.99997 0.00001 0.00001 0.00001
0.805811 0.088198 0.105981 0.00001
0.849498 0.076746 0.073746 0.00001
0.841292 0.00001 0.138362 0.020336
0.850097 0.00001 0.149883 0.00001
0.867233 0.078283 0.054474 0.00001
0.85596 0.079108 0.064922 0.00001
0.847093 0.00001 0.152887 0.00001
0.813332 0.00001 0.186648 0.00001
0.819331 0.077566 0.103092 0.00001
0.817643 0.076178 0.106169 0.00001
0.86706 0.00001 0.13292 0.00001
0.777965 0.028809 0.193216 0.00001
0.923864 0.007137 0.06899 0.00001
0.763863 0.084501 0.151627 0.00001
0.829452 0.115374 0.055164 0.00001
0.822795 0.087357 0.089837 0.00001
0.844872 0.069798 0.085321 0.00001
0.759803 0.085828 0.15436 0.00001
0.895824 0.065025 0.039141 0.00001
0.760048 0.086641 0.153302 0.00001
0.919979 0.080001 0.00001 0.00001
0.900924 0.099056 0.00001 0.00001
0.959051 0.023413 0.017527 0.00001
0.947507 0.00001 0.052473 0.00001
0.765565 0.029774 0.204651 0.00001
0.74734 0.08706 0.16559 0.00001
0.853309 0.127777 0.00001 0.018904
0.873443 0.119223 0.00001 0.007324
0.673792 0.054566 0.271632 0.00001
0.846969 0.10333 0.049691 0.00001
0.723057 0.091622 0.185311 0.00001
0.886176 0.10022 0.00001 0.013593
0.824645 0.00001 0.175335 0.00001
0.780411 0.00001 0.219569 0.00001
0.829044 0.069448 0.101498 0.00001
0.878853 0.013119 0.108018 0.00001
0.998168 0.00001 0.001812 0.00001
0.986708 0.00001 0.013272 0.00001
0.999369 0.00001 0.000611 0.00001
0.857277 0.042694 0.100019 0.00001
0.967199 0.00001 0.032781 0.00001
0.796967 0.067133 0.13589 0.00001
0.823053 0.076949 0.099988 0.00001
0.743366 0.044704 0.21192 0.00001
0.00001 0.99997 0.00001 0.00001
0.897921 0.083687 0.00001 0.018382
0.862896 0.093353 0.043741 0.00001
0.902275 0.097705 0.00001 0.00001
0.99997 0.00001 0.00001 0.00001
0.99997 0.00001 0.00001 0.00001
0.730937 0.07158 0.197473 0.00001
0.806926 0.116254 0.07681 0.00001
0.801727 0.079252 0.119011 0.00001
0.780658 0.078229 0.141103 0.00001
0.740569 0.116979 0.142442 0.00001
0.900166 0.091829 0.007994 0.00001
0.989244 0.00001 0.010736 0.00001
0.923603 0.00001 0.076377 0.00001
0.99997 0.00001 0.00001 0.00001
0.975945 0.00001 0.022919 0.001126
0.99997 0.00001 0.00001 0.00001
0.820989 0.082004 0.096997 0.00001
0.80549 0.084738 0.109762 0.00001
0.882301 0.095659 0.02203 0.00001
0.99997 0.00001 0.00001 0.00001
0.885984 0.096692 0.017313 0.00001
0.906597 0.00001 0.093383 0.00001
0.786842 0.025805 0.187343 0.00001
0.908041 0.00001 0.091939 0.00001
0.915713 0.00001 0.084267 0.00001
0.84398 0.048219 0.10779 0.00001
0.804888 0.055097 0.140005 0.00001
0.793178 0.075328 0.131484 0.00001
0.943402 0.022456 0.034132 0.00001
0.855279 0.00001 0.144701 0.00001
0.769312 0.077533 0.153145 0.00001
0.701023 0.028252 0.270716 0.00001
0.658645 0.066313 0.275032 0.00001
0.686757 0.043746 0.269487 0.00001
0.741144 0.039644 0.219203 0.00001
0.910674 0.00001 0.089306 0.00001
0.826335 0.00001 0.173645 0.00001
0.642764 0.061088 0.296138 0.00001
0.666072 0.060629 0.273289 0.00001
0.688094 0.012408 0.299487 0.00001
0.918061 0.081919 0.00001 0.00001
0.99997 0.00001 0.00001 0.00001
0.781231 0.090085 0.128673 0.00001
0.855555 0.00001 0.144425 0.00001
0.921831 0.078149 0.00001 0.00001
0.818646 0.103792 0.077553 0.00001
0.308852 0.013674 0.677464 0.00001
0.562112 0.001757 0.43612 0.00001
0.582287 0.00001 0.417693 0.00001
0.358329 0.00001 0.641651 0.00001
0.339778 0.031499 0.628713 0.00001
0.57941 0.020859 0.399721 0.00001
0.548151 0.00001 0.451829 0.00001
0.34478 0.039299 0.61591 0.00001
0.267888 0.00001 0.732092 0.00001
0.633592 0.088449 0.277949 0.00001
0.57425 0.038738 0.387002 0.00001
0.393024 0.00001 0.606956 0.00001
0.391264 0.00001 0.608716 0.00001
0.712883 0.00001 0.287097 0.00001
0.432022 0.029306 0.538662 0.00001
0.49435 0.00001 0.50563 0.00001
0.410184 0.00001 0.589796 0.00001
0.405791 0.00001 0.594189 0.00001
0.385079 0.00001 0.614901 0.00001
0.517484 0.038023 0.444483 0.00001
0.722963 0.00001 0.277017 0.00001
0.358386 0.00001 0.641594 0.00001
0.33309 0.00001 0.66689 0.00001
0.372329 0.00001 0.627651 0.00001
0.566487 0.069209 0.364294 0.00001
0.415557 0.05284 0.531593 0.00001
0.481583 0.071231 0.447176 0.00001
0.468474 0.063415 0.468101 0.00001
0.00001 0.00001 0.99997 0.00001
0.092736 0.00001 0.907244 0.00001
0.019436 0.00001 0.980544 0.00001
0.00001 0.00001 0.99997 0.00001
0.00001 0.00001 0.99997 0.00001
0.00001 0.00001 0.99997 0.00001
0.084869 0.00001 0.915111 0.00001
0.131243 0.00001 0.868737 0.00001
0.00001 0.00001 0.99997 0.00001
0.00001 0.00001 0.99997 0.00001
0.00001 0.00001 0.99997 0.00001
0.00001 0.00001 0.99997 0.00001
0.00001 0.00001 0.99997 0.00001
0.00001 0.00001 0.99997 0.00001
0.00001 0.018763 0.981217 0.00001
0.00001 0.00001 0.99997 0.00001
0.110368 0.00001 0.889612 0.00001
0.093416 0.00001 0.906564 0.00001
0.00001 0.00001 0.99997 0.00001
0.00001 0.00001 0.99997 0.00001
0.00001 0.00001 0.99997 0.00001
0.00001 0.00001 0.99997 0.00001
0.163677 0.00001 0.836303 0.00001
0.00001 0.00001 0.99997 0.00001
0.00001 0.00001 0.99997 0.00001
0.246945 0.00001 0.753035 0.00001
0.317179 0.00001 0.682801 0.00001
0.154689 0.033672 0.811629 0.00001
0.134376 0.00001 0.865604 0.00001
0.274244 0.00001 0.725736 0.00001
0.310388 0.00001 0.689592 0.00001
0.185897 0.00001 0.814083 0.00001
0.297066 0.00001 0.702914 0.00001
0.126032 0.00001 0.873948 0.00001
0.248412 0.00001 0.751568 0.00001
0.220847 0.00001 0.779133 0.00001
0.220983 0.00001 0.778997 0.00001
0.117807 0.00001 0.882173 0.00001
0.211061 0.00001 0.788919 0.00001
0.22117 0.03215 0.74667 0.00001
0.289414 0.00001 0.710566 0.00001
0.215271 0.00001 0.784709 0.00001
0.22495 0.027918 0.747122 0.00001
0.225218 0.00001 0.774762 0.00001
0.234754 0.069092 0.696144 0.00001
0.225783 0.00001 0.774197 0.00001
0.208059 0.00001 0.791921 0.00001
0.194182 0.051492 0.754315 0.00001
0.117543 0.00001 0.882437 0.00001
0.224897 0.00001 0.775083 0.00001
0.204715 0.036124 0.759151 0.00001
0.289989 0.00001 0.709991 0.00001
0.189295 0.00001 0.810685 0.00001
0.16862 0.00001 0.83136 0.00001
0.160533 0.00001 0.839447 0.00001
0.213905 0.030756 0.75533 0.00001
0.229641 0.00001 0.770339 0.00001
0.17071 0.043234 0.786045 0.00001
0.107518 0.00001 0.892462 0.00001
0.230897 0.00001 0.769083 0.00001
0.00001 0.00001 0.99997 0.00001
0.135637 0.011625 0.852727 0.00001
0.00001 0.00001 0.99997 0.00001
0.074997 0.00001 0.924983 0.00001
0.178577 0.00001 0.821403 0.00001
0.110828 0.00001 0.889152 0.00001
0.220046 0.00001 0.779934 0.00001
0.282795 0.00001 0.717185 0.00001
0.089403 0.00001 0.910577 0.00001
0.10529 0.035701 0.858999 0.00001
0.1833 0.00001 0.81668 0.00001
0.11576 0.00001 0.88422 0.00001
0.146404 0.032569 0.821017 0.00001
0.250552 0.00001 0.749428 0.00001
0.176633 0.00001 0.823347 0.00001
0.157822 0.00001 0.842158 0.00001
0.194423 0.00001 0.805557 0.00001
0.109294 0.00001 0.890686 0.00001
0.172966 0.00001 0.827014 0.00001
0.254003 0.00001 0.745977 0.00001
0.00001 0.00001 0.99997 0.00001
0.240203 0.038994 0.720793 0.00001
0.144622 0.00001 0.855358 0.00001
0.150537 0.017768 0.831685 0.00001
0.219909 0.00001 0.780071 0.00001
0.155061 0.02501 0.819918 0.00001
0.199445 0.017229 0.783316 0.00001
0.252268 0.00001 0.747712 0.00001
0.234963 0.00001 0.765017 0.00001
