0.99997 0.00001 0.00001 0.00001
0.99997 0.00001 0.00001 0.00001
0.99997 0.00001 0.00001 0.00001
0.99997 0.00001 0.00001 0.00001
0.99997 0.00001 0.00001 0.00001
0.99997 0.00001 0.00001 0.00001
0.689641 0.00001 0.00001 0.310339
0.99997 0.00001 0.00001 0.00001
0.99997 0.00001 0.00001 0.00001
0.99997 0.00001 0.00001 0.00001
0.99997 0.00001 0.00001 0.00001
0.99997 0.00001 0.00001 0.00001
0.99997 0.00001 0.00001 0.00001
0.511676 0.027168 0.00001 0.461146
0.99997 0.00001 0.00001 0.00001
0.99997 0.00001 0.00001 0.00001
0.99997 0.00001 0.00001 0.00001
0.99997 0.00001 0.00001 0.00001
0.99997 0.00001 0.00001 0.00001
0.567995 0.00001 0.00001 0.431985
0.99997 0.00001 0.00001 0.00001
0.520896 0.00001 0.00001 0.479084
0.00001 0.00001 0.00001 0.99997
0.00001 0.023543 0.00001 0.976437
0.297092 0.00001 0.00001 0.702888
0.214578 0.00001 0.00001 0.785402
0.228036 0.025707 0.00001 0.746247
0.258123 0.00001 0.00001 0.741857
0.265591 0.00001 0.00001 0.734389
0.384227 0.00001 0.00001 0.615753
0.296609 0.00001 0.00001 0.703371
0.298044 0.00001 0.001471 0.700475
0.352554 0.022287 0.00001 0.625149
0.237031 0.00001 0.00001 0.762949
0.101577 0.00001 0.00001 0.898403
0.00001 0.00001 0.00001 0.99997
0.207187 0.00001 0.00001 0.792793
0.270225 0.00001 0.00001 0.729755
0.347201 0.00001 0.00001 0.652779
0.125565 0.00001 0.00001 0.874415
0.139105 0.00001 0.00001 0.860875
0.00001 0.00001 0.00001 0.99997
0.20958 0.016816 0.00001 0.773594
0.259117 0.048376 0.00001 0.692497
0.328274 0.00001 0.00001 0.671706
0.224723 0.00001 0.00001 0.775257
0.121577 0.00001 0.00001 0.878403
0.30334 0.00001 0.00001 0.69664
0.204099 0.00001 0.00001 0.795881
0.364728 0.014871 0.00001 0.620391
0.341533 0.00001 0.00001 0.658447
0.248043 0.004924 0.00001 0.747023
0.00001 0.00001 0.00001 0.99997
0.143521 0.00001 0.00001 0.856459
0.00001 0.008383 0.00001 0.991597
0.197874 0.00001 0.00001 0.802106
0.386981 0.016145 0.00001 0.596864
0.100858 0.00001 0.00001 0.899122
0.267615 0.00001 0.00001 0.732365
0.284258 0.024445 0.00001 0.691288
0.00001 0.00001 0.00001 0.99997
0.249201 0.00001 0.00001 0.750779
0.240723 0.00001 0.00001 0.759257
0.304933 0.0105 0.00001 0.684558
0.488996 0.00001 0.00001 0.510984
0.26326 0.00001 0.00001 0.73672
0.174266 0.00001 0.00001 0.825714
0.281623 0.00001 0.00001 0.718357
0.261137 0.00001 0.003992 0.73486
0.224464 0.00001 0.00001 0.775516
0.313935 0.00001 0.00001 0.686045
0.290941 0.005856 0.00001 0.703193
0.205511 0.00001 0.00001 0.794469
0.260935 0.00001 0.00001 0.739045
0.337586 0.00001 0.00001 0.662394
0.298875 0.003994 0.00001 0.697121
0.243015 0.00001 0.00001 0.756965
0.363697 0.00001 0.00001 0.636283
0.294342 0.008063 0.00001 0.697586
0.249514 0.00001 0.00001 0.750466
0.340736 0.077199 0.00001 0.582055
0.215348 0.00001 0.00001 0.784632
0.00001 0.00001 0.00001 0.99997
0.387279 0.00001 0.00001 0.612701
0.201486 0.00001 0.00001 0.798494
0.280964 0.003311 0.00001 0.715715
0.166129 0.00001 0.00001 0.833851
0.167528 0.00001 0.00001 0.832452
0.288528 0.002557 0.00001 0.708905
0.388067 0.00001 0.00001 0.611913
0.225543 0.00001 0.00001 0.774437
0.220461 0.012608 0.00001 0.766922
0.422745 0.00001 0.001414 0.575831
0.00001 0.00001 0.00001 0.99997
0.390224 0.00001 0.00001 0.609756
0.00001 0.00001 0.00001 0.99997
0.169316 0.00001 0.000507 0.830167
0.152037 0.00001 0.00001 0.847943
0.35015 0.00001 0.00001 0.64983
0.00001 0.00001 0.00001 0.99997
0.287094 0.00001 0.00001 0.712886
0.322154 0.00001 0.00001 0.677826
0.161881 0.00001 0.00001 0.838099
0.282337 0.00001 0.00001 0.717643
0.199772 0.002189 0.00001 0.798029
0.102364 0.00001 0.00001 0.897616
0.185457 0.00001 0.00001 0.814523
0.316178 0.00001 0.00001 0.683802
0.300685 0.000707 0.00001 0.698599
0.00001 0.00001 0.00001 0.99997
0.00001 0.00001 0.00001 0.99997
0.195036 0.00001 0.00001 0.804944
0.329132 0.00001 0.00001 0.670848
0.248859 0.00001 0.00001 0.751121
0.268893 0.00001 0.00001 0.731087
0.100906 0.00001 0.00001 0.899074
0.23911 0.00001 0.00001 0.76087
0.236863 0.000011 0.00001 0.763117
0.393114 0.00001 0.00001 0.606866
0.354908 0.00377 0.00001 0.641312
0.339469 0.00001 0.00001 0.660511
0.141527 0.00001 0.00001 0.858453
0.21654 0.00001 0.00001 0.78344
0.21932 0.00001 0.00001 0.78066
0.27129 0.00001 0.00001 0.72869
0.021539 0.00001 0.00384 0.974611
0.00001 0.00001 0.00001 0.99997
0.13496 0.00001 0.00001 0.86502
0.00001 0.00001 0.00001 0.99997
0.22121 0.00001 0.00001 0.77877
0.224574 0.028251 0.00001 0.747166
0.167055 0.391216 0.09865 0.343079
0.175133 0.382672 0.088852 0.353343
0.064847 0.249495 0.138506 0.547152
0.139501 0.161543 0.079676 0.61928
0.066143 0.185561 0.045665 0.702632
0.161475 0.196923 0.044903 0.596699
0.037939 0.526014 0.273539 0.162508
0.135912 0.448745 0.08465 0.330693
0.156248 0.479167 0.170781 0.193803
0.174944 0.178095 0.101549 0.545411
0.174352 0.190388 0.009154 0.626107
0.00001 0.573643 0.32475 0.101598
0.11212 0.640217 0.056232 0.191431
0.102197 0.493053 0.286638 0.118112
0.059626 0.669524 0.129246 0.141604
0.104959 0.176708 0.078554 0.639779
0.214223 0.170908 0.054424 0.560445
0.103616 0.237446 0.114886 0.544052
0.222069 0.273713 0.00001 0.504208
0.194461 0.220399 0.00001 0.58513
0.187744 0.193713 0.00001 0.618534
0.329538 0.112505 0.00001 0.557947
0.00001 0.203761 0.1598 0.636429
0.11046 0.260915 0.038096 0.590528
0.028762 0.357168 0.00001 0.614059
0.258382 0.060294 0.207357 0.473967
0.176455 0.118789 0.050245 0.65451
0.248462 0.202073 0.032346 0.51712
0.199977 0.184923 0.00001 0.61509
0.204096 0.107224 0.0943 0.59438
0.177002 0.24998 0.068625 0.504394
0.178123 0.097133 0.073314 0.65143
0.173421 0.131302 0.064471 0.630805
0.193444 0.050511 0.167263 0.588782
0.235988 0.143484 0.069169 0.551359
0.184736 0.216835 0.039605 0.558824
0.281705 0.203698 0.00001 0.514587
0.126549 0.148702 0.049998 0.674751
0.197926 0.219118 0.00001 0.582945
0.121215 0.144955 0.060601 0.673229
0.07322 0.45621 0.00001 0.47056
0.138833 0.197711 0.06971 0.593746
0.217086 0.10835 0.066096 0.608468
0.280855 0.00001 0.082739 0.636395
0.00001 0.869558 0.130422 0.00001
0.00001 0.814206 0.181216 0.004568
0.00001 0.906209 0.093771 0.00001
0.00001 0.99997 0.00001 0.00001
0.00001 0.89099 0.10899 0.00001
0.00001 0.863708 0.136272 0.00001
0.00001 0.90556 0.09442 0.00001
0.00001 0.868964 0.131016 0.00001
0.00001 0.8272 0.17278 0.00001
0.00001 0.756157 0.243823 0.00001
0.00001 0.99997 0.00001 0.00001
0.00001 0.945875 0.054105 0.00001
0.00001 0.886032 0.113948 0.00001
0.00001 0.920448 0.079532 0.00001
0.00001 0.99997 0.00001 0.00001
0.00001 0.959917 0.040063 0.00001
0.00001 0.874888 0.125092 0.00001
0.00001 0.892155 0.107825 0.00001
0.023603 0.786383 0.190004 0.00001
0.00001 0.821418 0.178562 0.00001
0.00001 0.919892 0.080088 0.00001
0.00001 0.912383 0.087597 0.00001
0.00001 0.794173 0.205807 0.00001
0.00001 0.757845 0.242135 0.00001
0.00001 0.874258 0.125722 0.00001
0.00001 0.871463 0.128517 0.00001
0.00001 0.843371 0.156609 0.00001
0.00001 0.773311 0.226669 0.00001
0.00001 0.887693 0.112287 0.00001
0.00001 0.817789 0.182191 0.00001
0.00001 0.912478 0.087502 0.00001
0.00001 0.875601 0.119188 0.005201
0.00001 0.891028 0.108952 0.00001
0.00001 0.813458 0.186522 0.00001
0.00001 0.941716 0.058264 0.00001
0.00001 0.809623 0.190357 0.00001
0.00001 0.976365 0.023615 0.00001
0.00001 0.984767 0.015213 0.00001
0.00001 0.94196 0.05802 0.00001
0.00001 0.897564 0.102416 0.00001
0.00001 0.769709 0.230271 0.00001
0.00001 0.807458 0.192522 0.00001
0.00001 0.958858 0.00001 0.041122
0.00001 0.968573 0.00001 0.031407
0.00001 0.701907 0.298073 0.00001
0.00001 0.918718 0.081262 0.00001
0.00001 0.764807 0.220647 0.014536
0.00001 0.933778 0.035489 0.030724
0.00001 0.772157 0.227823 0.00001
0.00001 0.741022 0.258958 0.00001
0.00001 0.868803 0.131177 0.00001
0.00001 0.8607 0.13928 0.00001
0.00001 0.956835 0.043145 0.00001
0.00001 0.92273 0.07725 0.00001
0.00001 0.905633 0.094347 0.00001
0.00001 0.874235 0.125745 0.00001
0.00001 0.921103 0.078877 0.00001
0.00001 0.834798 0.165182 0.00001
0.00001 0.866075 0.130897 0.003019
0.00001 0.757493 0.242487 0.00001
0.00001 0.942449 0.034132 0.023409
0.00001 0.97548 0.00001 0.0245
0.009403 0.912102 0.078485 0.00001
0.003306 0.996674 0.00001 0.00001
0.00001 0.99997 0.00001 0.00001
0.00001 0.99997 0.00001 0.00001
0.00001 0.766248 0.233732 0.00001
0.006419 0.87553 0.118042 0.00001
0.00001 0.858241 0.141739 0.00001
0.00001 0.829902 0.170078 0.00001
0.00001 0.828239 0.168119 0.003631
0.00001 0.974202 0.025778 0.00001
0.00001 0.924622 0.075358 0.00001
0.00001 0.878677 0.121303 0.00001
0.000014 0.980929 0.019047 0.00001
0.00001 0.921196 0.076416 0.002377
0.00001 0.928272 0.071708 0.00001
0.00001 0.88078 0.1192 0.00001
0.00001 0.858817 0.141163 0.00001
0.00001 0.95596 0.04402 0.00001
0.00001 0.99997 0.00001 0.00001
0.00001 0.974503 0.025477 0.00001
0.00001 0.86394 0.13604 0.00001
0.00001 0.787903 0.212077 0.00001
0.00001 0.847145 0.152835 0.00001
0.00001 0.850882 0.149098 0.00001
0.00001 0.865175 0.134805 0.00001
0.00001 0.825301 0.174679 0.00001
0.00001 0.839049 0.160931 0.00001
0.00001 0.94143 0.05855 0.00001
0.00001 0.824261 0.175719 0.00001
0.00001 0.818389 0.181591 0.00001
0.00001 0.698728 0.301252 0.00001
0.00001 0.685141 0.314839 0.00001
0.000015 0.701735 0.29824 0.00001
0.00001 0.748718 0.251262 0.00001
0.00001 0.868042 0.131938 0.00001
0.00001 0.802607 0.197373 0.00001
0.00001 0.674306 0.325674 0.00001
0.00001 0.696207 0.303773 0.00001
0.00001 0.681651 0.318329 0.00001
0.00001 0.99997 0.00001 0.00001
0.00001 0.99997 0.00001 0.00001
0.00001 0.846271 0.153709 0.00001
0.00001 0.80109 0.19889 0.00001
0.00001 0.99997 0.00001 0.00001
0.01012 0.869684 0.120187 0.00001
0.00001 0.283384 0.716596 0.00001
0.00001 0.53358 0.4664 0.00001
0.00001 0.531543 0.468437 0.00001
0.00001 0.297683 0.702297 0.00001
0.00001 0.334311 0.665669 0.00001
0.00001 0.571366 0.428614 0.00001
0.00001 0.500598 0.499382 0.00001
0.00001 0.363809 0.636171 0.00001
0.00001 0.232587 0.767393 0.00001
0.00001 0.699627 0.300353 0.00001
0.00001 0.579425 0.420555 0.00001
0.00001 0.35889 0.64109 0.00001
0.00001 0.347893 0.652087 0.00001
0.00001 0.682329 0.317651 0.00001
0.00001 0.434004 0.565976 0.00001
0.00001 0.451597 0.548383 0.00001
0.00001 0.364121 0.635859 0.00001
0.00001 0.360393 0.639587 0.00001
0.00001 0.35441 0.64557 0.00001
0.00001 0.524423 0.475557 0.00001
0.00001 0.687717 0.312263 0.00001
0.00001 0.307015 0.692965 0.00001
0.00001 0.289691 0.710289 0.00001
0.00001 0.291329 0.708651 0.00001
0.00001 0.60907 0.39091 0.00001
0.00001 0.416713 0.583267 0.00001
0.00001 0.521072 0.478908 0.00001
0.00001 0.480505 0.519475 0.00001
0.00001 0.00001 0.99997 0.00001
0.00001 0.030782 0.969198 0.00001
0.00001 0.00001 0.99997 0.00001
0.00001 0.00001 0.99997 0.00001
0.00001 0.00001 0.99997 0.00001
0.00001 0.00001 0.99997 0.00001
0.00001 0.027975 0.972005 0.00001
0.00001 0.057366 0.942614 0.00001
0.00001 0.00001 0.99997 0.00001
0.00001 0.00001 0.99997 0.00001
0.00001 0.00001 0.99997 0.00001
0.00001 0.00001 0.99997 0.00001
0.00001 0.00001 0.99997 0.00001
0.00001 0.00001 0.99997 0.00001
0.00001 0.00001 0.99997 0.00001
0.00001 0.00001 0.99997 0.00001
0.00001 0.061661 0.938319 0.00001
0.00001 0.051523 0.948457 0.00001
0.00001 0.00001 0.99997 0.00001
0.00001 0.00001 0.99997 0.00001
0.00001 0.00001 0.99997 0.00001
0.00001 0.00001 0.99997 0.00001
0.00001 0.108084 0.891896 0.00001
0.00001 0.00001 0.99997 0.00001
0.00001 0.00001 0.99997 0.00001
0.00001 0.195745 0.804235 0.00001
0.00001 0.281433 0.718547 0.00001
0.00001 0.149387 0.850593 0.00001
0.00001 0.056056 0.943924 0.00001
0.00001 0.231853 0.768127 0.00001
0.00001 0.269768 0.730212 0.00001
0.00001 0.143759 0.856221 0.00001
0.00001 0.25582 0.74416 0.00001
0.000016 0.048633 0.951341 0.00001
0.00001 0.182439 0.817541 0.00001
0.00001 0.185628 0.814352 0.00001
0.00001 0.164266 0.835714 0.00001
0.00001 0.080463 0.919517 0.00001
0.00001 0.17043 0.82955 0.00001
0.00001 0.204747 0.795233 0.00001
0.00001 0.221655 0.778325 0.00001
0.00001 0.167722 0.832258 0.00001
0.00001 0.199277 0.800703 0.00001
0.00001 0.141842 0.858138 0.00001
0.00001 0.25795 0.74203 0.00001
0.00001 0.174688 0.825292 0.00001
0.00001 0.157775 0.842205 0.00001
0.00001 0.196122 0.803858 0.00001
0.00001 0.056651 0.943329 0.00001
0.00001 0.182154 0.817826 0.00001
0.00001 0.201191 0.798789 0.00001
0.00001 0.224261 0.775719 0.00001
0.00001 0.137866 0.862114 0.00001
0.00001 0.098371 0.901609 0.00001
0.00001 0.06805 0.93193 0.00001
0.00001 0.189588 0.810392 0.00001
0.00001 0.173802 0.826178 0.00001
0.00001 0.154025 0.845955 0.00001
0.00001 0.032336 0.967644 0.00001
0.00001 0.168166 0.831814 0.00001
0.00001 0.00001 0.99997 0.00001
0.00001 0.110557 0.889423 0.00001
0.00001 0.00001 0.99997 0.00001
0.00001 0.008495 0.991485 0.00001
0.00001 0.10536 0.89462 0.00001
0.00001 0.049362 0.950618 0.00001
0.00001 0.162162 0.837818 0.00001
0.00001 0.194917 0.805063 0.00001
0.00001 0.038482 0.961498 0.00001
0.00001 0.0954 0.90458 0.00001
0.00001 0.133174 0.866806 0.00001
0.00001 0.036777 0.963203 0.00001
0.00001 0.131601 0.868379 0.00001
0.00001 0.171417 0.828563 0.00001
0.00001 0.126595 0.873385 0.00001
0.00001 0.102761 0.897219 0.00001
0.00001 0.132904 0.867076 0.00001
0.00001 0.05828 0.9417 0.00001
0.00001 0.133742 0.866238 0.00001
0.00001 0.221945 0.778035 0.00001
0.00001 0.00001 0.99997 0.00001
0.00001 0.239439 0.760541 0.00001
0.00001 0.075485 0.924495 0.00001
0.00001 0.134382 0.865598 0.00001
0.00001 0.172442 0.827538 0.00001
0.00001 0.131305 0.868675 0.00001
0.00001 0.173522 0.826458 0.00001
0.00001 0.206645 0.793335 0.00001
0.00001 0.195883 0.804097 0.00001
