0.00001 0.00001 0.00001 0.99997
0.330896 0.00001 0.00001 0.669084
0.00001 0.00001 0.00001 0.99997
0.00001 0.00001 0.00001 0.99997
0.00001 0.00001 0.00001 0.99997
0.00001 0.00001 0.00001 0.99997
0.415509 0.00001 0.00001 0.584471
0.375097 0.00001 0.00001 0.624883
0.298781 0.00001 0.00001 0.701199
0.00001 0.00001 0.00001 0.99997
0.00001 0.00001 0.00001 0.99997
0.255993 0.00001 0.00001 0.743987
0.31299 0.00001 0.00001 0.68699
0.537154 0.00001 0.026827 0.436009
0.00001 0.00001 0.00001 0.99997
0.00001 0.00001 0.00001 0.99997
0.00001 0.00001 0.00001 0.99997
0.299872 0.00001 0.00001 0.700108
0.00001 0.00001 0.00001 0.99997
0.524956 0.00001 0.00001 0.475024
0.00001 0.00001 0.00001 0.99997
0.540239 0.00001 0.00001 0.459741
0.999064 0.00001 0.00001 0.000916
0.975014 0.00001 0.024966 0.00001
0.794678 0.00001 0.00001 0.205302
0.862278 0.00001 0.00001 0.137702
0.794619 0.00001 0.025882 0.179489
0.790707 0.00001 0.00001 0.209273
0.787912 0.00001 0.00001 0.212068
0.656848 0.00001 0.00001 0.343132
0.761577 0.00001 0.00001 0.238403
0.770853 0.001465 0.00001 0.227672
0.706845 0.00001 0.022489 0.270657
0.820913 0.00001 0.00001 0.179067
0.924629 0.00001 0.00001 0.075351
0.99997 0.00001 0.00001 0.00001
0.835133 0.00001 0.00001 0.164847
0.766708 0.00001 0.00001 0.233272
0.734396 0.00001 0.00001 0.265584
0.91969 0.00001 0.00001 0.08029
0.917741 0.00001 0.00001 0.082239
0.99997 0.00001 0.00001 0.00001
0.803128 0.00001 0.017438 0.179424
0.759778 0.00001 0.048443 0.191768
0.717242 0.00001 0.00001 0.282738
0.826236 0.00001 0.00001 0.173744
0.909833 0.00001 0.00001 0.090147
0.777422 0.00001 0.00001 0.222558
0.827666 0.00001 0.00001 0.172314
0.664265 0.00001 0.014771 0.320954
0.712957 0.00001 0.00001 0.287023
0.796756 0.00001 0.00506 0.198174
0.99997 0.00001 0.00001 0.00001
0.880092 0.00001 0.00001 0.119888
0.990961 0.00001 0.009019 0.00001
0.817424 0.00001 0.00001 0.182556
0.645286 0.00001 0.015838 0.338866
0.924828 0.00001 0.00001 0.075152
0.786261 0.00001 0.00001 0.213719
0.749658 0.00001 0.024427 0.225906
0.99997 0.00001 0.00001 0.00001
0.795686 0.00001 0.00001 0.204294
0.803017 0.00001 0.00001 0.196963
0.740614 0.00001 0.010545 0.24883
0.580667 0.00001 0.00001 0.419313
0.78767 0.00001 0.00001 0.21231
0.863842 0.00001 0.00001 0.136138
0.781675 0.00001 0.00001 0.218305
0.791154 0.004186 0.00001 0.204651
0.832666 0.00001 0.00001 0.167314
0.727949 0.00001 0.00001 0.272031
0.75971 0.00001 0.006075 0.234205
0.834019 0.00001 0.00001 0.165961
0.770258 0.000017 0.00001 0.229715
0.712327 0.00001 0.00001 0.287653
0.765931 0.00001 0.00398 0.230079
0.822106 0.00001 0.00001 0.177874
0.714093 0.00001 0.00001 0.285887
0.748136 0.00001 0.008162 0.243693
0.792709 0.00001 0.00001 0.207271
0.629096 0.00001 0.077208 0.293686
0.831024 0.00001 0.00001 0.168956
0.988458 0.00001 0.00001 0.011522
0.671966 0.00001 0.00001 0.328014
0.843411 0.00001 0.00001 0.156569
0.757333 0.00001 0.00368 0.238977
0.895366 0.00001 0.00001 0.104614
0.888888 0.00001 0.00001 0.111092
0.762666 0.00001 0.002598 0.234727
0.678926 0.00001 0.00001 0.321054
0.832287 0.00001 0.00001 0.167693
0.81676 0.00001 0.012825 0.170405
0.646625 0.001645 0.00001 0.35172
0.99997 0.00001 0.00001 0.00001
0.67081 0.00001 0.00001 0.32917
0.99997 0.00001 0.00001 0.00001
0.875023 0.000412 0.00001 0.124556
0.888087 0.00001 0.00001 0.111893
0.692789 0.00001 0.00001 0.307191
0.99997 0.00001 0.00001 0.00001
0.763396 0.00001 0.00001 0.236584
0.732194 0.00001 0.00001 0.267786
0.91158 0.00001 0.00001 0.0884
0.78483 0.00001 0.00001 0.21515
0.838918 0.00001 0.00249 0.158582
0.906415 0.00001 0.00001 0.093565
0.843713 0.00001 0.00001 0.156267
0.727991 0.00001 0.00001 0.271989
0.740825 0.00001 0.000894 0.258271
0.99997 0.00001 0.00001 0.00001
0.99997 0.00001 0.00001 0.00001
0.844094 0.00001 0.00001 0.155886
0.731841 0.00001 0.00001 0.268139
0.79686 0.00001 0.00001 0.20312
0.792439 0.00001 0.00001 0.207541
0.957601 0.00001 0.00001 0.042379
0.81801 0.00001 0.00001 0.18197
0.844347 0.00001 0.00001 0.155633
0.676104 0.00001 0.00001 0.323876
0.721098 0.00001 0.003536 0.275356
0.720787 0.00001 0.00001 0.279193
0.914706 0.00001 0.00001 0.085274
0.831224 0.00001 0.00001 0.168756
0.825708 0.00001 0.00001 0.174272
0.772805 0.00001 0.00001 0.227175
0.982926 0.004808 0.00001 0.012257
0.99997 0.00001 0.00001 0.00001
0.881142 0.00001 0.00001 0.118838
0.925329 0.00001 0.001511 0.073149
0.821343 0.00001 0.00001 0.178637
0.800235 0.00001 0.028568 0.171188
0.388924 0.099363 0.390553 0.121159
0.3947 0.089305 0.382212 0.133783
0.571404 0.138781 0.249379 0.040436
0.647287 0.079384 0.162056 0.111273
0.754315 0.047252 0.184025 0.014408
0.632694 0.044677 0.197214 0.125415
0.163661 0.273808 0.52576 0.036772
0.359771 0.084996 0.448438 0.106794
0.223025 0.171583 0.478284 0.127108
0.582993 0.101756 0.177954 0.137297
0.657999 0.007641 0.192036 0.142324
0.101525 0.325591 0.572874 0.00001
0.195743 0.055898 0.640612 0.107747
0.128714 0.286724 0.492998 0.091563
0.159178 0.129519 0.669239 0.042064
0.656622 0.0786 0.176844 0.087935
0.595035 0.054374 0.171045 0.179546
0.566171 0.115242 0.237224 0.081363
0.548955 0.00001 0.27373 0.177305
0.60201 0.00001 0.220557 0.177424
0.659045 0.00001 0.193801 0.147144
0.616431 0.00001 0.112529 0.271031
0.636361 0.161472 0.202157 0.00001
0.637735 0.037632 0.261657 0.062976
0.64251 0.00001 0.35734 0.000139
0.508697 0.207269 0.060454 0.223579
0.693018 0.051093 0.11806 0.137829
0.551084 0.03205 0.202437 0.214428
0.638932 0.00001 0.185055 0.176004
0.604515 0.092989 0.108819 0.193677
0.547647 0.069212 0.249356 0.133785
0.696987 0.072479 0.098036 0.132498
0.667288 0.064478 0.131493 0.136741
0.622295 0.16667 0.051291 0.159744
0.603013 0.068933 0.143797 0.184257
0.598531 0.04038 0.216155 0.144935
0.562715 0.00001 0.203763 0.233512
0.715352 0.050108 0.148707 0.085832
0.625914 0.00001 0.219215 0.154861
0.702265 0.060826 0.14499 0.09192
0.503948 0.00001 0.456292 0.03975
0.627216 0.070966 0.196479 0.10534
0.640144 0.066286 0.108323 0.185247
0.700028 0.082789 0.00001 0.217173
0.00001 0.130327 0.869653 0.00001
0.004331 0.180978 0.814681 0.00001
0.00001 0.094136 0.905844 0.00001
0.00001 0.00001 0.99997 0.00001
0.00001 0.109542 0.890438 0.00001
0.00001 0.136884 0.863096 0.00001
0.00001 0.094795 0.905185 0.00001
0.00001 0.131556 0.868424 0.00001
0.00001 0.173282 0.826698 0.00001
0.00001 0.244061 0.755919 0.00001
0.00001 0.00001 0.99997 0.00001
0.00001 0.055001 0.944979 0.00001
0.00001 0.114032 0.885948 0.00001
0.00001 0.080106 0.919874 0.00001
0.00001 0.00001 0.99997 0.00001
0.00001 0.040762 0.959218 0.00001
0.00001 0.125451 0.874529 0.00001
0.00001 0.108193 0.891787 0.00001
0.00001 0.191968 0.783351 0.024672
0.00001 0.178898 0.821082 0.00001
0.00001 0.080523 0.919457 0.00001
0.00001 0.087969 0.912011 0.00001
0.00001 0.205874 0.794106 0.00001
0.00001 0.242588 0.757392 0.00001
0.00001 0.126278 0.873702 0.00001
0.00001 0.128962 0.871018 0.00001
0.00001 0.157087 0.842893 0.00001
0.00001 0.22727 0.77271 0.00001
0.00001 0.112519 0.887461 0.00001
0.00001 0.182529 0.817451 0.00001
0.00001 0.087805 0.912175 0.00001
0.004913 0.118957 0.876119 0.00001
0.00001 0.10932 0.89066 0.00001
0.00001 0.18688 0.8131 0.00001
0.00001 0.058537 0.941443 0.00001
0.00001 0.190686 0.809294 0.00001
0.00001 0.024414 0.975566 0.00001
0.00001 0.015562 0.984418 0.00001
0.00001 0.05872 0.94126 0.00001
0.00001 0.10309 0.89689 0.00001
0.00001 0.230211 0.769769 0.00001
0.00001 0.192999 0.806981 0.00001
0.040498 0.00001 0.959482 0.00001
0.00001 0.00001 0.971748 0.028232
0.00001 0.298052 0.701928 0.00001
0.00001 0.081593 0.918387 0.00001
0.014222 0.220559 0.765209 0.00001
0.030555 0.035592 0.933843 0.00001
0.00001 0.228284 0.771696 0.00001
0.00001 0.259219 0.740761 0.00001
0.00001 0.131256 0.868724 0.00001
0.00001 0.139478 0.860502 0.00001
0.00001 0.043667 0.956313 0.00001
0.00001 0.077637 0.922343 0.00001
0.00001 0.094826 0.905154 0.00001
0.00001 0.126297 0.873683 0.00001
0.00001 0.079101 0.920879 0.00001
0.00001 0.164951 0.835029 0.00001
0.002676 0.130803 0.866511 0.00001
0.00001 0.242938 0.757042 0.00001
0.023454 0.034489 0.942047 0.00001
0.024308 0.00001 0.975672 0.00001
0.00001 0.081087 0.908016 0.010887
0.00001 0.00001 0.997028 0.002952
0.00001 0.00001 0.99997 0.00001
0.00001 0.00001 0.99997 0.00001
0.00001 0.234572 0.765408 0.00001
0.00001 0.116871 0.87797 0.005149
0.00001 0.142111 0.857869 0.00001
0.00001 0.170267 0.829713 0.00001
0.003857 0.168765 0.827368 0.00001
0.00001 0.026259 0.973721 0.00001
0.00001 0.075973 0.924007 0.00001
0.00001 0.121431 0.878549 0.00001
0.00001 0.019631 0.980349 0.00001
0.001699 0.075702 0.92259 0.00001
0.00001 0.072401 0.927579 0.00001
0.00001 0.119959 0.880021 0.00001
0.00001 0.141316 0.858664 0.00001
0.00001 0.044347 0.955633 0.00001
0.00001 0.00001 0.99997 0.00001
0.00001 0.025798 0.974182 0.00001
0.00001 0.136241 0.863739 0.00001
0.00001 0.21257 0.78741 0.00001
0.00001 0.15332 0.84666 0.00001
0.00001 0.149722 0.850258 0.00001
0.00001 0.135173 0.864807 0.00001
0.00001 0.175291 0.824689 0.00001
0.00001 0.161456 0.838524 0.00001
0.00001 0.059031 0.940949 0.00001
0.00001 0.176109 0.823871 0.00001
0.00001 0.181983 0.817997 0.00001
0.00001 0.301725 0.698255 0.00001
0.00001 0.315103 0.684877 0.00001
0.00001 0.298366 0.701614 0.00001
0.00001 0.251511 0.748469 0.00001
0.00001 0.132377 0.867603 0.00001
0.00001 0.198171 0.801809 0.00001
0.00001 0.325988 0.673992 0.00001
0.00001 0.303928 0.696052 0.00001
0.00001 0.318689 0.681291 0.00001
0.00001 0.00001 0.99997 0.00001
0.00001 0.00001 0.99997 0.00001
0.00001 0.154217 0.845763 0.00001
0.00001 0.199371 0.800609 0.00001
0.00001 0.00001 0.99997 0.00001
0.00001 0.122018 0.866791 0.011181
0.00001 0.716795 0.283185 0.00001
0.00001 0.46662 0.53336 0.00001
0.00001 0.468596 0.531384 0.00001
0.00001 0.702772 0.297208 0.00001
0.00001 0.665964 0.334016 0.00001
0.00001 0.428653 0.571327 0.00001
0.00001 0.499376 0.500604 0.00001
0.00001 0.635572 0.364408 0.00001
0.00001 0.767695 0.232285 0.00001
0.00001 0.30045 0.69953 0.00001
0.00001 0.420565 0.579415 0.00001
0.00001 0.641342 0.358638 0.00001
0.00001 0.652382 0.347598 0.00001
0.00001 0.318101 0.681879 0.00001
0.00001 0.566102 0.433878 0.00001
0.00001 0.54843 0.45155 0.00001
0.00001 0.635992 0.363988 0.00001
0.00001 0.639755 0.360225 0.00001
0.00001 0.645674 0.354306 0.00001
0.00001 0.475614 0.524366 0.00001
0.00001 0.3124 0.68758 0.00001
0.00001 0.693213 0.306767 0.00001
0.00001 0.710506 0.289474 0.00001
0.00001 0.708896 0.291084 0.00001
0.00001 0.391314 0.608666 0.00001
0.00001 0.583447 0.416533 0.00001
0.00001 0.479177 0.520803 0.00001
0.00001 0.51975 0.48023 0.00001
0.00001 0.99997 0.00001 0.00001
0.00001 0.969408 0.030572 0.00001
0.00001 0.99997 0.00001 0.00001
0.00001 0.99997 0.00001 0.00001
0.00001 0.99997 0.00001 0.00001
0.00001 0.99997 0.00001 0.00001
0.00001 0.972196 0.027784 0.00001
0.00001 0.942742 0.057238 0.00001
0.00001 0.99997 0.00001 0.00001
0.00001 0.99997 0.00001 0.00001
0.00001 0.99997 0.00001 0.00001
0.00001 0.99997 0.00001 0.00001
0.00001 0.99997 0.00001 0.00001
0.00001 0.99997 0.00001 0.00001
0.00001 0.99997 0.00001 0.00001
0.00001 0.99997 0.00001 0.00001
0.00001 0.93866 0.06132 0.00001
0.00001 0.94863 0.05135 0.00001
0.00001 0.99997 0.00001 0.00001
0.00001 0.99997 0.00001 0.00001
0.00001 0.99997 0.00001 0.00001
0.00001 0.99997 0.00001 0.00001
0.00001 0.892095 0.107885 0.00001
0.00001 0.99997 0.00001 0.00001
0.00001 0.99997 0.00001 0.00001
0.00001 0.804098 0.195882 0.00001
0.00001 0.718617 0.281363 0.00001
0.00001 0.850288 0.149692 0.00001
0.00001 0.943794 0.056186 0.00001
0.00001 0.768154 0.231826 0.00001
0.00001 0.730157 0.269823 0.00001
0.00001 0.856301 0.143679 0.00001
0.00001 0.743737 0.256243 0.00001
0.00001 0.95152 0.04846 0.00001
0.00001 0.817783 0.182197 0.00001
0.00001 0.814504 0.185476 0.00001
0.00001 0.83576 0.16422 0.00001
0.00001 0.919494 0.080486 0.00001
0.00001 0.829848 0.170132 0.00001
0.00001 0.795347 0.204633 0.00001
0.00001 0.778365 0.221615 0.00001
0.00001 0.832623 0.167357 0.00001
0.00001 0.801056 0.198924 0.00001
0.00001 0.858273 0.141707 0.00001
0.00001 0.742369 0.257611 0.00001
0.00001 0.82551 0.17447 0.00001
0.00001 0.842972 0.157008 0.00001
0.00001 0.804283 0.195697 0.00001
0.00001 0.943479 0.056501 0.00001
0.00001 0.817809 0.182171 0.00001
0.00001 0.798707 0.201273 0.00001
0.00001 0.775711 0.224269 0.00001
0.00001 0.862415 0.137565 0.00001
0.00001 0.901814 0.098166 0.00001
0.00001 0.932073 0.067907 0.00001
0.00001 0.81059 0.18939 0.00001
0.00001 0.82633 0.17365 0.00001
0.00001 0.846008 0.153972 0.00001
0.00001 0.967806 0.032174 0.00001
0.00001 0.831909 0.168071 0.00001
0.00001 0.99997 0.00001 0.00001
0.00001 0.889555 0.110425 0.00001
0.00001 0.99997 0.00001 0.00001
0.00001 0.991443 0.008537 0.00001
0.00001 0.894918 0.105062 0.00001
0.00001 0.950603 0.049377 0.00001
0.00001 0.837878 0.162102 0.00001
0.00001 0.804763 0.195217 0.00001
0.00001 0.961838 0.038142 0.00001
0.00001 0.90481 0.09517 0.00001
0.00001 0.867114 0.132866 0.00001
0.00001 0.963517 0.036463 0.00001
0.00001 0.868519 0.131461 0.00001
0.00001 0.828816 0.171164 0.00001
0.00001 0.873196 0.126784 0.00001
0.00001 0.897391 0.102589 0.00001
0.00001 0.867306 0.132674 0.00001
0.00001 0.941503 0.058477 0.00001
0.00001 0.866182 0.133798 0.00001
0.00001 0.778278 0.221702 0.00001
0.00001 0.99997 0.00001 0.00001
0.00001 0.760881 0.239099 0.00001
0.00001 0.92482 0.07516 0.00001
0.00001 0.865197 0.134783 0.00001
0.00001 0.827485 0.172495 0.00001
0.00001 0.868875 0.131105 0.00001
0.00001 0.826687 0.173293 0.00001
0.00001 0.793665 0.206315 0.00001
0.00001 0.804059 0.195921 0.00001
