0.00001 0.00001 0.99996 0.00001 0.00001
0.00001 0.00001 0.99996 0.00001 0.00001
0.00001 0.00001 0.99996 0.00001 0.00001
0.00001 0.00001 0.99996 0.00001 0.00001
0.00001 0.00001 0.99996 0.00001 0.00001
0.00001 0.00001 0.99996 0.00001 0.00001
0.00001 0.00001 0.684961 0.00001 0.315009
0.00001 0.00001 0.99996 0.00001 0.00001
0.00001 0.00001 0.99996 0.00001 0.00001
0.00001 0.00001 0.99996 0.00001 0.00001
0.00001 0.00001 0.99996 0.00001 0.00001
0.00001 0.00001 0.99996 0.00001 0.00001
0.00001 0.00001 0.99996 0.00001 0.00001
0.027091 0.00001 0.508884 0.00001 0.464005
0.00001 0.00001 0.99996 0.00001 0.00001
0.00001 0.00001 0.99996 0.00001 0.00001
0.00001 0.00001 0.99996 0.00001 0.00001
0.00001 0.00001 0.797865 0.00001 0.202105
0.00001 0.00001 0.99996 0.00001 0.00001
0.00001 0.00001 0.560968 0.00001 0.439002
0.00001 0.00001 0.99996 0.00001 0.00001
0.00001 0.00001 0.510239 0.00001 0.489731
0.00001 0.00001 0.000188 0.00001 0.999782
0.00001 0.025779 0.00001 0.00001 0.974191
0.00001 0.00001 0.287096 0.00001 0.712874
0.00001 0.000018 0.214884 0.00001 0.785078
0.026711 0.00001 0.229202 0.00001 0.744067
0.00001 0.00001 0.255548 0.00001 0.744422
0.000017 0.000043 0.266071 0.00001 0.733859
0.00001 0.00001 0.382975 0.00001 0.616995
0.00001 0.00001 0.297173 0.00001 0.702797
0.00001 0.003235 0.289757 0.00001 0.706988
0.00001 0.023809 0.348306 0.00001 0.627865
0.00001 0.00001 0.240975 0.00001 0.758995
0.00001 0.00001 0.100509 0.00001 0.899461
0.00001 0.00001 0.00001 0.00001 0.99996
0.00001 0.00001 0.200081 0.00001 0.799889
0.00001 0.00001 0.26748 0.00001 0.73249
0.00001 0.00001 0.333872 0.00001 0.666098
0.00001 0.00001 0.115824 0.00001 0.884146
0.00001 0.00001 0.137091 0.00001 0.862879
0.00001 0.00001 0.00001 0.00001 0.99996
0.019044 0.000011 0.220238 0.00001 0.760697
0.048696 0.00001 0.254265 0.00001 0.697019
0.00001 0.00001 0.333847 0.00001 0.666123
0.00001 0.00001 0.222874 0.00001 0.777096
0.00001 0.00001 0.122027 0.00001 0.877943
0.00001 0.00001 0.302274 0.00001 0.697696
0.00001 0.00001 0.203977 0.00001 0.795992
0.015355 0.00001 0.36443 0.00001 0.620194
0.00001 0.00001 0.333896 0.00001 0.666074
0.00001 0.006538 0.247621 0.00001 0.74582
0.00001 0.00001 0.00001 0.00001 0.99996
0.00001 0.00001 0.148837 0.00001 0.851133
0.00001 0.011305 0.00001 0.00001 0.988665
0.00001 0.00001 0.204678 0.00001 0.795292
0.016821 0.00001 0.384126 0.00001 0.599033
0.000931 0.00001 0.107328 0.00001 0.891721
0.00001 0.00001 0.268956 0.00001 0.731014
0.025634 0.00001 0.283164 0.00001 0.691182
0.00001 0.00001 0.00001 0.00001 0.99996
0.00001 0.00001 0.247859 0.00001 0.752111
0.00001 0.00001 0.239551 0.00001 0.760419
0.00001 0.012658 0.322045 0.00001 0.665276
0.00001 0.000015 0.481831 0.00001 0.518134
0.00001 0.00001 0.261382 0.00001 0.738588
0.00001 0.00001 0.171617 0.00001 0.828353
0.00001 0.00001 0.280607 0.00001 0.719363
0.00001 0.00001 0.253437 0.004251 0.742292
0.00001 0.00001 0.225505 0.00001 0.774465
0.00001 0.00001 0.310732 0.00001 0.689238
0.00001 0.006824 0.294654 0.00001 0.698501
0.00001 0.00001 0.203011 0.00001 0.796959
0.00001 0.00001 0.257039 0.00001 0.742931
0.00001 0.00001 0.336076 0.00001 0.663894
0.006194 0.00001 0.297981 0.00001 0.695805
0.00001 0.00001 0.243611 0.00001 0.756359
0.00001 0.000015 0.361294 0.00001 0.63867
0.010901 0.00001 0.289529 0.00001 0.69955
0.00001 0.00001 0.247679 0.00001 0.752291
0.00001 0.079964 0.34027 0.00001 0.579746
0.00001 0.00001 0.208349 0.00001 0.791621
0.00001 0.00001 0.00001 0.00001 0.99996
0.00001 0.00001 0.380304 0.00001 0.619666
0.00001 0.00001 0.198045 0.00001 0.801925
0.005173 0.00001 0.278739 0.00001 0.716068
0.00001 0.00001 0.169527 0.00001 0.830443
0.00001 0.00001 0.169888 0.00001 0.830082
0.00001 0.005214 0.285311 0.00001 0.709454
0.002768 0.00001 0.378064 0.00001 0.619148
0.00001 0.00001 0.218404 0.00001 0.781565
0.00001 0.014292 0.218546 0.00001 0.767142
0.00001 0.00001 0.423038 0.001878 0.575064
0.00001 0.00001 0.00001 0.00001 0.99996
0.00001 0.00001 0.386499 0.00001 0.613471
0.00001 0.00001 0.00001 0.00001 0.99996
0.00001 0.001376 0.163785 0.00001 0.834819
0.00001 0.00001 0.148404 0.00001 0.851566
0.00001 0.00001 0.350856 0.00001 0.649114
0.00001 0.00001 0.00001 0.00001 0.99996
0.00001 0.00001 0.288402 0.00001 0.711568
0.000013 0.00001 0.318646 0.00001 0.681321
0.00001 0.00001 0.158416 0.00001 0.841554
0.00001 0.000508 0.276967 0.00001 0.722505
0.00001 0.0039 0.204937 0.00001 0.791143
0.00001 0.00001 0.100931 0.00001 0.899039
0.000151 0.00001 0.19006 0.00001 0.809769
0.00001 0.00001 0.309737 0.00001 0.690233
0.00001 0.001961 0.298436 0.00001 0.699584
0.00001 0.00001 0.00001 0.00001 0.99996
0.00001 0.00001 0.00001 0.00001 0.99996
0.00001 0.00001 0.189218 0.00001 0.810752
0.00001 0.00001 0.323241 0.00001 0.676729
0.00001 0.00001 0.251764 0.00001 0.748206
0.00001 0.00001 0.267852 0.00001 0.732118
0.000013 0.00001 0.099705 0.00001 0.900262
0.00001 0.00001 0.241552 0.00001 0.758418
0.00001 0.00001 0.23611 0.00001 0.76386
0.00001 0.00001 0.390379 0.00001 0.609591
0.005255 0.00001 0.353713 0.00001 0.641012
0.00001 0.00001 0.330808 0.00001 0.669162
0.00001 0.00001 0.146237 0.00001 0.853733
0.00001 0.00001 0.214904 0.00001 0.785066
0.00001 0.00001 0.213456 0.00001 0.786514
0.00001 0.00001 0.267281 0.00001 0.732689
0.00001 0.00001 0.015242 0.004537 0.9802
0.00001 0.00001 0.00001 0.00001 0.99996
0.00001 0.00001 0.140528 0.00001 0.859442
0.002047 0.00001 0.00001 0.00001 0.997923
0.00001 0.00001 0.221269 0.00001 0.778701
0.031695 0.00001 0.223562 0.00001 0.744723
0.00001 0.501894 0.165334 0.00001 0.332751
0.177549 0.248955 0.180816 0.047986 0.344694
0.074849 0.200118 0.072602 0.116032 0.536399
0.00001 0.191306 0.147474 0.053818 0.607391
0.00001 0.208554 0.050481 0.026543 0.714412
0.00001 0.248883 0.16716 0.00001 0.583937
0.156249 0.423138 0.034722 0.225753 0.160138
0.00001 0.520506 0.162799 0.022913 0.293772
0.00001 0.564799 0.174787 0.096856 0.163547
0.167951 0.019265 0.172599 0.09038 0.549805
0.000014 0.202886 0.172563 0.00001 0.624528
0.00001 0.93636 0.00001 0.00001 0.06361
0.00001 0.709685 0.127177 0.00001 0.163118
0.150667 0.411919 0.112641 0.224004 0.100768
0.193001 0.535024 0.072928 0.07835 0.120697
0.017036 0.194159 0.114582 0.046938 0.627286
0.184654 0.00001 0.209556 0.038928 0.566852
0.186009 0.060458 0.10144 0.10473 0.547363
0.186391 0.08664 0.228174 0.00001 0.498784
0.122281 0.098663 0.193225 0.00001 0.585821
0.078477 0.116573 0.194287 0.00001 0.610653
0.062299 0.050565 0.323832 0.00001 0.563294
0.078169 0.159376 0.00001 0.128379 0.634067
0.272621 0.00001 0.10521 0.022759 0.5994
0.100433 0.260583 0.032545 0.00001 0.60643
0.116541 0.00001 0.25446 0.151751 0.477238
0.111728 0.00001 0.170086 0.055399 0.662777
0.00001 0.237781 0.250202 0.00001 0.511997
0.00001 0.191128 0.200979 0.00001 0.607873
0.089536 0.027445 0.209089 0.084681 0.589249
0.00001 0.278293 0.178844 0.045738 0.497115
0.00001 0.109456 0.169505 0.062568 0.658461
0.194625 0.00001 0.161902 0.00001 0.643453
0.00001 0.11287 0.195875 0.109696 0.581549
0.096992 0.05345 0.231972 0.062072 0.555513
0.181653 0.00001 0.17965 0.070871 0.567816
0.200328 0.00001 0.275612 0.00001 0.52404
0.17577 0.00001 0.117459 0.020958 0.685803
0.215699 0.00001 0.190842 0.00001 0.593439
0.00001 0.212525 0.112295 0.00001 0.675161
0.125514 0.33573 0.082353 0.00001 0.456393
0.114561 0.093814 0.141125 0.059446 0.591053
0.00001 0.180608 0.213694 0.00001 0.605678
0.00001 0.00001 0.281801 0.083119 0.63506
0.565319 0.352183 0.00001 0.082478 0.00001
0.292539 0.570668 0.00001 0.136773 0.00001
0.99996 0.00001 0.00001 0.00001 0.00001
0.99996 0.00001 0.00001 0.00001 0.00001
0.440323 0.505673 0.00001 0.053983 0.00001
0.41639 0.490299 0.00001 0.093291 0.00001
0.530298 0.418406 0.00001 0.051275 0.00001
0.590795 0.296878 0.00001 0.112306 0.00001
0.559055 0.306316 0.00001 0.134609 0.00001
0.355989 0.433772 0.00001 0.210219 0.00001
0.99996 0.00001 0.00001 0.00001 0.00001
0.99996 0.00001 0.00001 0.00001 0.00001
0.99996 0.00001 0.00001 0.00001 0.00001
0.99996 0.00001 0.00001 0.00001 0.00001
0.999959 0.00001 0.00001 0.000011 0.00001
0.99996 0.00001 0.00001 0.00001 0.00001
0.239395 0.718411 0.00001 0.042174 0.00001
0.475293 0.465796 0.00001 0.058891 0.00001
0.571763 0.261103 0.021632 0.145492 0.00001
0.308349 0.557529 0.00001 0.134102 0.00001
0.444233 0.528268 0.00001 0.027479 0.00001
0.571322 0.377525 0.00001 0.051134 0.00001
0.391779 0.446287 0.00001 0.161913 0.00001
0.451741 0.349729 0.00001 0.19851 0.00001
0.32674 0.615811 0.00001 0.057428 0.00001
0.426466 0.505118 0.00001 0.068396 0.00001
0.434193 0.456015 0.00001 0.109772 0.00001
0.534942 0.275715 0.00001 0.189324 0.00001
0.525469 0.397036 0.00001 0.077475 0.00001
0.470618 0.385135 0.00001 0.144227 0.00001
0.375385 0.577494 0.00001 0.047101 0.00001
0.418362 0.523301 0.00001 0.058317 0.00001
0.00001 0.99996 0.00001 0.00001 0.00001
0.00001 0.99996 0.00001 0.00001 0.00001
0.451828 0.539989 0.00001 0.008163 0.00001
0.306967 0.567436 0.00001 0.125578 0.00001
0.443259 0.556707 0.000014 0.00001 0.00001
0.649445 0.350524 0.00001 0.000011 0.00001
0.542812 0.440173 0.00001 0.016995 0.00001
0.99996 0.00001 0.00001 0.00001 0.00001
0.351757 0.469212 0.00001 0.179011 0.00001
0.38946 0.478633 0.00001 0.131888 0.00001
0.00001 0.99996 0.00001 0.00001 0.00001
0.00001 0.99996 0.00001 0.00001 0.00001
0.441295 0.297584 0.00001 0.261101 0.00001
0.384679 0.585539 0.00001 0.029762 0.00001
0.00001 0.940854 0.00001 0.059116 0.00001
0.565408 0.395365 0.00001 0.008165 0.031052
0.487165 0.336743 0.00001 0.176072 0.00001
0.309672 0.471466 0.00001 0.218843 0.00001
0.500149 0.405956 0.00001 0.093875 0.00001
0.501847 0.392103 0.00001 0.10603 0.00001
0.674718 0.28462 0.00001 0.040642 0.00001
0.657593 0.299546 0.00001 0.042841 0.00001
0.678917 0.249424 0.00001 0.071639 0.00001
0.524803 0.39413 0.00001 0.081047 0.00001
0.647311 0.293908 0.00001 0.058761 0.00001
0.527258 0.343415 0.00001 0.129307 0.00001
0.396194 0.539803 0.00001 0.063984 0.00001
0.348976 0.445959 0.00001 0.205045 0.00001
0.00001 0.99996 0.00001 0.00001 0.00001
0.43383 0.545412 0.00001 0.00001 0.020738
0.437852 0.540974 0.000916 0.020248 0.00001
0.427199 0.572771 0.00001 0.00001 0.00001
0.99996 0.00001 0.00001 0.00001 0.00001
0.99996 0.00001 0.00001 0.00001 0.00001
0.317645 0.516434 0.00001 0.165901 0.00001
0.325544 0.649123 0.00001 0.025313 0.00001
0.308652 0.630035 0.00001 0.061293 0.00001
0.373654 0.522632 0.00001 0.103695 0.00001
0.00001 0.99996 0.00001 0.00001 0.00001
0.381194 0.618776 0.00001 0.00001 0.00001
0.99996 0.00001 0.00001 0.00001 0.00001
0.99996 0.00001 0.00001 0.00001 0.00001
0.521534 0.478436 0.00001 0.00001 0.00001
0.561068 0.392843 0.00001 0.042839 0.00324
0.99996 0.00001 0.00001 0.00001 0.00001
0.345015 0.594555 0.00001 0.06041 0.00001
0.380481 0.541599 0.00001 0.077901 0.00001
0.414153 0.585817 0.00001 0.00001 0.00001
0.445212 0.554758 0.00001 0.00001 0.00001
0.313318 0.686652 0.00001 0.00001 0.00001
0.426937 0.491654 0.00001 0.081389 0.00001
0.566833 0.247913 0.00001 0.185233 0.00001
0.438421 0.449689 0.00001 0.111869 0.00001
0.484845 0.412299 0.00001 0.102836 0.00001
0.583166 0.320247 0.00001 0.096567 0.00001
0.537924 0.320606 0.00001 0.141451 0.00001
0.437702 0.454279 0.00001 0.107999 0.00001
0.565061 0.407268 0.00001 0.027651 0.00001
0.504636 0.347754 0.00001 0.14759 0.00001
0.322144 0.547781 0.00001 0.130055 0.00001
0.28292 0.472219 0.00001 0.24484 0.00001
0.319992 0.429214 0.00001 0.250775 0.00001
0.399564 0.347654 0.00001 0.252762 0.00001
0.289911 0.514635 0.00001 0.195434 0.00001
0.601807 0.300068 0.00001 0.098104 0.00001
0.479116 0.36966 0.00001 0.151204 0.00001
0.278261 0.445827 0.00001 0.275892 0.00001
0.265835 0.480528 0.00001 0.253617 0.00001
0.234794 0.5087 0.00001 0.256487 0.00001
0.439637 0.560333 0.00001 0.00001 0.00001
0.479485 0.520485 0.00001 0.00001 0.00001
0.312556 0.579245 0.00001 0.108179 0.00001
0.488145 0.344786 0.00001 0.167048 0.00001
0.429217 0.570753 0.00001 0.00001 0.00001
0.345191 0.60359 0.00001 0.051198 0.00001
0.229468 0.089023 0.00001 0.681488 0.00001
0.257292 0.32247 0.00001 0.420219 0.00001
0.300215 0.275536 0.00001 0.424228 0.00001
0.378202 0.00001 0.00001 0.621768 0.00001
0.00001 0.385259 0.000014 0.614707 0.00001
0.382345 0.236897 0.00001 0.380738 0.00001
0.371114 0.186061 0.00001 0.442805 0.00001
0.199552 0.210124 0.00001 0.590304 0.00001
0.208761 0.07477 0.00001 0.716449 0.00001
0.00001 0.915364 0.00001 0.084606 0.00001
0.181866 0.460856 0.00001 0.357259 0.00001
0.354039 0.032455 0.00001 0.613486 0.00001
0.2648 0.138384 0.00001 0.596795 0.00001
0.367101 0.372805 0.00001 0.260074 0.00001
0.217107 0.272742 0.00001 0.510131 0.00001
0.266736 0.234833 0.00001 0.498412 0.00001
0.242719 0.172771 0.00001 0.58449 0.00001
0.16073 0.245809 0.00001 0.593441 0.00001
0.153635 0.244767 0.00001 0.601578 0.00001
0.310062 0.266135 0.00001 0.423783 0.00001
0.538137 0.191721 0.00001 0.270122 0.00001
0.17313 0.201002 0.00001 0.625848 0.00001
0.338954 0.00001 0.00001 0.661016 0.00001
0.364478 0.00001 0.00001 0.635492 0.00001
0.00001 0.736651 0.000013 0.263316 0.00001
0.156533 0.319104 0.00001 0.524344 0.00001
0.00001 0.581291 0.00001 0.418679 0.00001
0.126643 0.438152 0.000014 0.435181 0.00001
0.020952 0.00001 0.00001 0.979018 0.00001
0.00001 0.12026 0.00001 0.87971 0.00001
0.030114 0.000018 0.00001 0.969848 0.00001
0.00001 0.023095 0.00001 0.976875 0.00001
0.00001 0.008564 0.00001 0.991406 0.00001
0.063467 0.00001 0.00001 0.936503 0.00001
0.00001 0.105297 0.00001 0.894673 0.00001
0.180476 0.00001 0.00001 0.819494 0.00001
0.00001 0.00001 0.00001 0.99996 0.00001
0.00001 0.00001 0.00001 0.99996 0.00001
0.015264 0.00001 0.00001 0.984706 0.00001
0.00001 0.00001 0.00001 0.99996 0.00001
0.049383 0.00001 0.00001 0.950587 0.00001
0.00001 0.00001 0.00001 0.99996 0.00001
0.00001 0.00001 0.00001 0.99996 0.00001
0.00001 0.00001 0.00001 0.99996 0.00001
0.00001 0.116688 0.00001 0.883282 0.00001
0.00001 0.142994 0.00001 0.856976 0.00001
0.00001 0.00001 0.00001 0.99996 0.00001
0.00001 0.00001 0.00001 0.99996 0.00001
0.00001 0.00001 0.00001 0.99996 0.00001
0.00001 0.00001 0.00001 0.99996 0.00001
0.177139 0.00001 0.00001 0.822831 0.00001
0.00001 0.00001 0.00001 0.99996 0.00001
0.00001 0.00001 0.00001 0.99996 0.00001
0.23361 0.00001 0.00001 0.76636 0.00001
0.077251 0.265149 0.00001 0.65758 0.00001
0.00001 0.227055 0.00001 0.772915 0.00001
0.174603 0.00001 0.00001 0.825367 0.00001
0.244824 0.018544 0.00001 0.736612 0.00001
0.110396 0.210484 0.00001 0.6791 0.00001
0.00001 0.206547 0.00001 0.793423 0.00001
0.274174 0.026212 0.00001 0.699594 0.00001
0.004136 0.109061 0.00001 0.886782 0.00001
0.235315 0.00001 0.00001 0.764655 0.00001
0.232137 0.00001 0.00001 0.767833 0.00001
0.216385 0.00001 0.00001 0.783585 0.00001
0.136072 0.00001 0.00001 0.863898 0.00001
0.015368 0.198524 0.00001 0.786088 0.00001
0.076365 0.202202 0.00001 0.721413 0.00001
0.218387 0.034001 0.00001 0.747592 0.00001
0.073324 0.140435 0.00001 0.786221 0.00001
0.178953 0.090704 0.00001 0.730322 0.00001
0.199635 0.00001 0.00001 0.800335 0.00001
0.047375 0.257773 0.00001 0.694832 0.00001
0.162987 0.064938 0.00001 0.772055 0.00001
0.22195 0.00001 0.00001 0.77802 0.00001
0.222269 0.037807 0.00001 0.739904 0.00001
0.000012 0.112867 0.00001 0.887101 0.00001
0.186379 0.044748 0.00001 0.768853 0.00001
0.191285 0.069343 0.00001 0.739352 0.00001
0.280413 0.00001 0.00001 0.719557 0.00001
0.191578 0.00001 0.00001 0.808392 0.00001
0.093431 0.086836 0.000014 0.819709 0.00001
0.197396 0.00001 0.00001 0.802574 0.00001
0.279613 0.00001 0.00001 0.720357 0.00001
0.272684 0.00001 0.00001 0.727286 0.00001
0.00001 0.230422 0.00001 0.769548 0.00001
0.160846 0.00001 0.00001 0.839124 0.00001
0.251556 0.00001 0.00001 0.748414 0.00001
0.00001 0.00001 0.00001 0.99996 0.00001
0.03267 0.136481 0.00001 0.830829 0.00001
0.00001 0.00001 0.00001 0.99996 0.00001
0.00001 0.146748 0.00001 0.853222 0.00001
0.093787 0.080816 0.00001 0.825377 0.00001
0.1709 0.00001 0.00001 0.82907 0.00001
0.212999 0.00001 0.00001 0.786971 0.00001
0.229701 0.023987 0.00001 0.746293 0.00001
0.114939 0.000011 0.00001 0.88503 0.00001
0.163188 0.00001 0.00001 0.836782 0.00001
0.208907 0.00001 0.00001 0.791063 0.00001
0.151777 0.00001 0.00001 0.848193 0.00001
0.07599 0.118546 0.00001 0.805444 0.00001
0.205629 0.011099 0.00001 0.783252 0.00001
0.178323 0.00001 0.00001 0.821647 0.00001
0.00001 0.17559 0.00001 0.82438 0.00001
0.225815 0.00001 0.00001 0.774155 0.00001
0.119664 0.014612 0.00001 0.865703 0.00001
0.006347 0.179854 0.00001 0.813779 0.00001
0.249421 0.00001 0.00001 0.750549 0.00001
0.076216 0.00001 0.00001 0.923754 0.00001
0.00001 0.33055 0.00001 0.66942 0.00001
0.139915 0.00001 0.00001 0.860055 0.00001
0.000012 0.207111 0.00001 0.792857 0.00001
0.192793 0.015913 0.00001 0.791274 0.00001
0.200895 0.00001 0.00001 0.799075 0.00001
0.22026 0.00001 0.00001 0.77971 0.00001
0.000979 0.249587 0.00001 0.749414 0.00001
0.265686 0.00001 0.00001 0.734284 0.00001
