0.00001 0.99997 0.00001 0.00001
0.00001 0.99997 0.00001 0.00001
0.00001 0.99997 0.00001 0.00001
0.00001 0.99997 0.00001 0.00001
0.00001 0.99997 0.00001 0.00001
0.00001 0.99997 0.00001 0.00001
0.310281 0.689699 0.00001 0.00001
0.00001 0.99997 0.00001 0.00001
0.00001 0.99997 0.00001 0.00001
0.00001 0.99997 0.00001 0.00001
0.00001 0.99997 0.00001 0.00001
0.00001 0.99997 0.00001 0.00001
0.00001 0.99997 0.00001 0.00001
0.46108 0.511739 0.027171 0.00001
0.00001 0.99997 0.00001 0.00001
0.00001 0.99997 0.00001 0.00001
0.00001 0.99997 0.00001 0.00001
0.00001 0.99997 0.00001 0.00001
0.00001 0.99997 0.00001 0.00001
0.431926 0.568054 0.00001 0.00001
0.00001 0.99997 0.00001 0.00001
0.479028 0.520952 0.00001 0.00001
0.99997 0.00001 0.00001 0.00001
0.976434 0.00001 0.023546 0.00001
0.702652 0.297328 0.00001 0.00001
0.785258 0.214722 0.00001 0.00001
0.746119 0.22816 0.025711 0.00001
0.741733 0.258247 0.00001 0.00001
0.734292 0.26568 0.000018 0.00001
0.615664 0.384316 0.00001 0.00001
0.703262 0.296718 0.00001 0.00001
0.700369 0.298146 0.00001 0.001475
0.62503 0.35267 0.02229 0.00001
0.762836 0.237138 0.000017 0.00001
0.898279 0.101701 0.00001 0.00001
0.99997 0.00001 0.00001 0.00001
0.792669 0.207311 0.00001 0.00001
0.729651 0.270329 0.00001 0.00001
0.652657 0.347323 0.00001 0.00001
0.874283 0.125697 0.00001 0.00001
0.860735 0.139245 0.00001 0.00001
0.99997 0.00001 0.00001 0.00001
0.773435 0.209735 0.01682 0.00001
0.69238 0.259232 0.048378 0.00001
0.67158 0.3284 0.00001 0.00001
0.775115 0.224865 0.00001 0.00001
0.878242 0.121738 0.00001 0.00001
0.696518 0.303462 0.00001 0.00001
0.795742 0.204238 0.00001 0.00001
0.620287 0.36483 0.014874 0.00001
0.658318 0.341662 0.00001 0.00001
0.746931 0.248132 0.004927 0.00001
0.99997 0.00001 0.00001 0.00001
0.856335 0.143645 0.00001 0.00001
0.991588 0.00001 0.008392 0.00001
0.801996 0.197984 0.00001 0.00001
0.59676 0.387083 0.016148 0.00001
0.898922 0.101058 0.00001 0.00001
0.732255 0.267725 0.00001 0.00001
0.691181 0.284361 0.024448 0.00001
0.99997 0.00001 0.00001 0.00001
0.750651 0.249329 0.00001 0.00001
0.759099 0.240881 0.00001 0.00001
0.684457 0.30503 0.010503 0.00001
0.510896 0.489084 0.00001 0.00001
0.736622 0.263358 0.00001 0.00001
0.825633 0.174347 0.00001 0.00001
0.718234 0.281746 0.00001 0.00001
0.734752 0.261242 0.00001 0.003996
0.775429 0.224551 0.00001 0.00001
0.685949 0.314031 0.00001 0.00001
0.703086 0.291044 0.005859 0.00001
0.794342 0.205638 0.00001 0.00001
0.738932 0.261048 0.00001 0.00001
0.662305 0.337675 0.00001 0.00001
0.696993 0.298999 0.003998 0.00001
0.756831 0.243149 0.00001 0.00001
0.636173 0.363807 0.00001 0.00001
0.69749 0.294433 0.008067 0.00001
0.750381 0.249599 0.00001 0.00001
0.581952 0.340838 0.077201 0.00001
0.78452 0.21546 0.00001 0.00001
0.99997 0.00001 0.00001 0.00001
0.61262 0.38736 0.00001 0.00001
0.798414 0.201566 0.00001 0.00001
0.715611 0.281065 0.003314 0.00001
0.833641 0.166339 0.00001 0.00001
0.832309 0.167671 0.00001 0.00001
0.708776 0.288654 0.00256 0.00001
0.611811 0.388169 0.00001 0.00001
0.774324 0.225656 0.00001 0.00001
0.766825 0.220555 0.01261 0.00001
0.575713 0.422861 0.00001 0.001416
0.99997 0.00001 0.00001 0.00001
0.609655 0.390325 0.00001 0.00001
0.99997 0.00001 0.00001 0.00001
0.830061 0.169419 0.00001 0.00051
0.847806 0.152174 0.00001 0.00001
0.649728 0.350252 0.00001 0.00001
0.99997 0.00001 0.00001 0.00001
0.712778 0.287202 0.00001 0.00001
0.677705 0.322275 0.00001 0.00001
0.837945 0.162035 0.00001 0.00001
0.717538 0.282442 0.00001 0.00001
0.797906 0.199891 0.002193 0.00001
0.897489 0.102491 0.00001 0.00001
0.814386 0.185594 0.00001 0.00001
0.683687 0.316293 0.00001 0.00001
0.698495 0.300786 0.000709 0.00001
0.99997 0.00001 0.00001 0.00001
0.99997 0.00001 0.00001 0.00001
0.804844 0.195136 0.00001 0.00001
0.670763 0.329217 0.00001 0.00001
0.750992 0.248988 0.00001 0.00001
0.730969 0.269011 0.00001 0.00001
0.898819 0.101161 0.00001 0.00001
0.760762 0.239218 0.00001 0.00001
0.762995 0.236985 0.00001 0.00001
0.606743 0.393237 0.00001 0.00001
0.641198 0.355019 0.003773 0.00001
0.660414 0.339566 0.00001 0.00001
0.858303 0.141677 0.00001 0.00001
0.783337 0.216643 0.00001 0.00001
0.780556 0.219424 0.00001 0.00001
0.728574 0.271406 0.00001 0.00001
0.974504 0.021642 0.00001 0.003844
0.99997 0.00001 0.00001 0.00001
0.864943 0.135037 0.00001 0.00001
0.99997 0.00001 0.00001 0.00001
0.778676 0.221304 0.00001 0.00001
0.747029 0.224707 0.028254 0.00001
0.343032 0.167101 0.391217 0.09865
0.353273 0.175202 0.382675 0.088851
0.547057 0.06494 0.2495 0.138503
0.61915 0.139628 0.161548 0.079674
0.702412 0.06636 0.185566 0.045662
0.596595 0.161578 0.196927 0.0449
0.162488 0.037958 0.52602 0.273534
0.330619 0.135985 0.448749 0.084647
0.193753 0.156298 0.479169 0.17078
0.545323 0.17503 0.178097 0.10155
0.626004 0.174453 0.190391 0.009152
0.101598 0.00001 0.573647 0.324745
0.191402 0.112148 0.640221 0.056229
0.118071 0.102237 0.493058 0.286633
0.141561 0.059669 0.66953 0.129241
0.639679 0.105058 0.176709 0.078554
0.560331 0.214335 0.170911 0.054423
0.543941 0.103725 0.237453 0.114881
0.504106 0.222169 0.273715 0.00001
0.585035 0.194554 0.220401 0.00001
0.618418 0.187857 0.193715 0.00001
0.55783 0.329653 0.112507 0.00001
0.636426 0.00001 0.20377 0.159793
0.590416 0.110571 0.260917 0.038096
0.613865 0.028955 0.35717 0.00001
0.473876 0.258471 0.060299 0.207355
0.654384 0.176579 0.118797 0.050239
0.517055 0.248525 0.202075 0.032345
0.615002 0.200063 0.184925 0.00001
0.594268 0.204206 0.107234 0.094292
0.504307 0.177087 0.249986 0.06862
0.651349 0.178202 0.097135 0.073314
0.630716 0.173509 0.131302 0.064473
0.58868 0.193544 0.050514 0.167262
0.551252 0.236093 0.143488 0.069168
0.558754 0.184805 0.216838 0.039603
0.514482 0.281808 0.203699 0.00001
0.674575 0.126722 0.148709 0.049994
0.582845 0.198025 0.21912 0.00001
0.673157 0.121286 0.144954 0.060603
0.47044 0.073339 0.456211 0.00001
0.59363 0.138946 0.197714 0.06971
0.608377 0.217175 0.108349 0.066099
0.636273 0.280976 0.00001 0.082741
0.00002 0.00001 0.869543 0.130427
0.004568 0.00001 0.81421 0.181212
0.00001 0.00001 0.906213 0.093767
0.00001 0.00001 0.99997 0.00001
0.00001 0.00001 0.890994 0.108986
0.00001 0.00001 0.863714 0.136266
0.00001 0.00001 0.905564 0.094416
0.00001 0.00001 0.868969 0.131011
0.00001 0.00001 0.827203 0.172777
0.00001 0.00001 0.756162 0.243818
0.00001 0.00001 0.99997 0.00001
0.00001 0.00001 0.945879 0.054101
0.00001 0.00001 0.886035 0.113945
0.00001 0.00001 0.920452 0.079528
0.00001 0.00001 0.99997 0.00001
0.00001 0.00001 0.95992 0.04006
0.00001 0.00001 0.87489 0.12509
0.00001 0.00001 0.892159 0.107821
0.00001 0.023604 0.786387 0.189999
0.00001 0.00001 0.821422 0.178558
0.00001 0.00001 0.919896 0.080084
0.00001 0.00001 0.912387 0.087593
0.00001 0.00001 0.794178 0.205802
0.00001 0.00001 0.757849 0.242131
0.00001 0.00001 0.874263 0.125717
0.00001 0.00001 0.871467 0.128513
0.00001 0.00001 0.843375 0.156605
0.00001 0.00001 0.773316 0.226664
0.00001 0.00001 0.887698 0.112282
0.00001 0.00001 0.817794 0.182186
0.00001 0.00001 0.912481 0.087499
0.005203 0.00001 0.875601 0.119186
0.00001 0.00001 0.891034 0.108946
0.00001 0.00001 0.813464 0.186516
0.00001 0.00001 0.941721 0.058259
0.00001 0.00001 0.809626 0.190354
0.00001 0.00001 0.976371 0.023609
0.00001 0.00001 0.984773 0.015207
0.00001 0.00001 0.941965 0.058015
0.00001 0.00001 0.89757 0.10241
0.00001 0.00001 0.769713 0.230267
0.00001 0.00001 0.807464 0.192516
0.041124 0.00001 0.958856 0.00001
0.031406 0.00001 0.968574 0.00001
0.00001 0.00001 0.701911 0.298069
0.00001 0.00001 0.918723 0.081257
0.014538 0.00001 0.764807 0.220645
0.030725 0.00001 0.933777 0.035488
0.00001 0.00001 0.772162 0.227818
0.00001 0.00001 0.741026 0.258954
0.00001 0.00001 0.868808 0.131172
0.00001 0.00001 0.860704 0.139276
0.00001 0.00001 0.95684 0.04314
0.00001 0.00001 0.922737 0.077243
0.00001 0.00001 0.905638 0.094342
0.00001 0.00001 0.874239 0.125741
0.00001 0.00001 0.921107 0.078873
0.00001 0.00001 0.834803 0.165177
0.00302 0.00001 0.866079 0.130891
0.00001 0.00001 0.757496 0.242484
0.02341 0.00001 0.94245 0.03413
0.0245 0.00001 0.97548 0.00001
0.00001 0.009402 0.91211 0.078478
0.00001 0.003306 0.996674 0.00001
0.00001 0.00001 0.99997 0.00001
0.00001 0.00001 0.99997 0.00001
0.00001 0.00001 0.766253 0.233727
0.00001 0.006421 0.87553 0.118039
0.00001 0.00001 0.858247 0.141733
0.00001 0.00001 0.829908 0.170072
0.003631 0.00001 0.828244 0.168115
0.00001 0.00001 0.974206 0.025774
0.00001 0.00001 0.924628 0.075352
0.00001 0.00001 0.87868 0.1213
0.00001 0.00001 0.980943 0.019037
0.002379 0.00001 0.921196 0.076415
0.00001 0.00001 0.928278 0.071702
0.00001 0.00001 0.880786 0.119194
0.00001 0.00001 0.858823 0.141157
0.00001 0.00001 0.955964 0.044016
0.00001 0.00001 0.99997 0.00001
0.00001 0.00001 0.974508 0.025472
0.00001 0.00001 0.863945 0.136035
0.00001 0.00001 0.787907 0.212073
0.00001 0.00001 0.847149 0.152831
0.00001 0.00001 0.850886 0.149094
0.00001 0.00001 0.865179 0.134801
0.00001 0.00001 0.825306 0.174674
0.00001 0.00001 0.839054 0.160926
0.00001 0.00001 0.941433 0.058547
0.00001 0.00001 0.824266 0.175714
0.00001 0.00001 0.818394 0.181586
0.00001 0.00001 0.698734 0.301246
0.00001 0.00001 0.685147 0.314833
0.00001 0.00001 0.701749 0.298231
0.00001 0.00001 0.748723 0.251257
0.00001 0.00001 0.868048 0.131932
0.00001 0.00001 0.802613 0.197367
0.00001 0.00001 0.674311 0.325669
0.00001 0.00001 0.696212 0.303768
0.00001 0.00001 0.681656 0.318324
0.00001 0.00001 0.99997 0.00001
0.00001 0.00001 0.99997 0.00001
0.00001 0.00001 0.846275 0.153705
0.00001 0.00001 0.801097 0.198883
0.00001 0.00001 0.99997 0.00001
0.00001 0.01012 0.869687 0.120183
0.00001 0.00001 0.283389 0.716591
0.00001 0.00001 0.533585 0.466395
0.00001 0.00001 0.531548 0.468432
0.00001 0.00001 0.297688 0.702292
0.00001 0.00001 0.334318 0.665662
0.00001 0.00001 0.571371 0.428609
0.00001 0.00001 0.500603 0.499377
0.00001 0.00001 0.363813 0.636167
0.00001 0.00001 0.232592 0.767388
0.00001 0.00001 0.699629 0.300351
0.00001 0.00001 0.57943 0.42055
0.00001 0.00001 0.358896 0.641084
0.00001 0.00001 0.347897 0.652083
0.00001 0.00001 0.682334 0.317646
0.00001 0.00001 0.434007 0.565973
0.00001 0.00001 0.451602 0.548378
0.00001 0.00001 0.364126 0.635854
0.00001 0.00001 0.360397 0.639583
0.00001 0.00001 0.354416 0.645564
0.00001 0.00001 0.524427 0.475553
0.00001 0.00001 0.687721 0.312259
0.00001 0.00001 0.30702 0.69296
0.00001 0.00001 0.289697 0.710283
0.00001 0.00001 0.291336 0.708644
0.00001 0.00001 0.609077 0.390903
0.00001 0.00001 0.416718 0.583262
0.00001 0.00001 0.521077 0.478903
0.00001 0.00001 0.480511 0.519469
0.00001 0.00001 0.00001 0.99997
0.00001 0.00001 0.030789 0.969191
0.00001 0.00001 0.00001 0.99997
0.00001 0.00001 0.00001 0.99997
0.00001 0.00001 0.00001 0.99997
0.00001 0.00001 0.00001 0.99997
0.00001 0.00001 0.027981 0.971999
0.00001 0.00001 0.057371 0.942609
0.00001 0.00001 0.00001 0.99997
0.00001 0.00001 0.00001 0.99997
0.00001 0.00001 0.00001 0.99997
0.00001 0.00001 0.00001 0.99997
0.00001 0.00001 0.00001 0.99997
0.00001 0.00001 0.00001 0.99997
0.00001 0.00001 0.00001 0.99997
0.00001 0.00001 0.00001 0.99997
0.00001 0.00001 0.061664 0.938316
0.00001 0.00001 0.051528 0.948452
0.00001 0.00001 0.00001 0.99997
0.00001 0.00001 0.00001 0.99997
0.00001 0.00001 0.00001 0.99997
0.00001 0.00001 0.00001 0.99997
0.00001 0.00001 0.108089 0.891891
0.00001 0.00001 0.00001 0.99997
0.00001 0.00001 0.00001 0.99997
0.00001 0.00001 0.195751 0.804229
0.00001 0.00001 0.281438 0.718542
0.00001 0.00001 0.149394 0.850586
0.00001 0.00001 0.056061 0.943919
0.00001 0.00001 0.231859 0.768121
0.00001 0.00001 0.269773 0.730207
0.00001 0.00001 0.143765 0.856215
0.00001 0.00001 0.255825 0.744155
0.00001 0.00001 0.048645 0.951335
0.00001 0.00001 0.182445 0.817535
0.00001 0.00001 0.185633 0.814347
0.00001 0.00001 0.164272 0.835708
0.00001 0.00001 0.080467 0.919513
0.00001 0.00001 0.170436 0.829544
0.00001 0.00001 0.204753 0.795227
0.00001 0.00001 0.22166 0.77832
0.00001 0.00001 0.167728 0.832252
0.00001 0.00001 0.199283 0.800697
0.00001 0.00001 0.141847 0.858133
0.00001 0.00001 0.257955 0.742025
0.00001 0.00001 0.174693 0.825287
0.00001 0.00001 0.157781 0.842199
0.00001 0.00001 0.196128 0.803852
0.00001 0.00001 0.056658 0.943322
0.00001 0.00001 0.182158 0.817822
0.00001 0.00001 0.201198 0.798782
0.00001 0.00001 0.224265 0.775715
0.00001 0.00001 0.137872 0.862108
0.00001 0.00001 0.098378 0.901602
0.00001 0.00001 0.068056 0.931924
0.00001 0.00001 0.189594 0.810386
0.00001 0.00001 0.173807 0.826173
0.00001 0.00001 0.154032 0.845948
0.00001 0.00001 0.032342 0.967638
0.00001 0.00001 0.168172 0.831808
0.00001 0.00001 0.00001 0.99997
0.00001 0.00001 0.110562 0.889418
0.00001 0.00001 0.00001 0.99997
0.00001 0.00001 0.008501 0.991479
0.00001 0.00001 0.105367 0.894613
0.00001 0.00001 0.049366 0.950614
0.00001 0.00001 0.162167 0.837813
0.00001 0.00001 0.194924 0.805056
0.00001 0.00001 0.03849 0.96149
0.00001 0.00001 0.095407 0.904573
0.00001 0.00001 0.133181 0.866799
0.00001 0.00001 0.036783 0.963197
0.00001 0.00001 0.131606 0.868374
0.00001 0.00001 0.171423 0.828557
0.00001 0.00001 0.126601 0.873379
0.00001 0.00001 0.102768 0.897212
0.00001 0.00001 0.132909 0.867071
0.00001 0.00001 0.058286 0.941694
0.00001 0.00001 0.133748 0.866232
0.00001 0.00001 0.22195 0.77803
0.00001 0.00001 0.00001 0.99997
0.00001 0.00001 0.239445 0.760535
0.00001 0.00001 0.075489 0.924491
0.00001 0.00001 0.134388 0.865592
0.00001 0.00001 0.172448 0.827532
0.00001 0.00001 0.131309 0.868671
0.00001 0.00001 0.173526 0.826454
0.00001 0.00001 0.20665 0.79333
0.00001 0.00001 0.195887 0.804093
