0.00001 0.99997 0.00001 0.00001
0.00001 0.99997 0.00001 0.00001
0.00001 0.99997 0.00001 0.00001
0.00001 0.99997 0.00001 0.00001
0.00001 0.99997 0.00001 0.00001
0.00001 0.99997 0.00001 0.00001
0.00001 0.689677 0.310303 0.00001
0.00001 0.99997 0.00001 0.00001
0.00001 0.99997 0.00001 0.00001
0.00001 0.99997 0.00001 0.00001
0.00001 0.99997 0.00001 0.00001
0.00001 0.99997 0.00001 0.00001
0.00001 0.99997 0.00001 0.00001
0.027169 0.511729 0.461092 0.00001
0.00001 0.99997 0.00001 0.00001
0.00001 0.99997 0.00001 0.00001
0.00001 0.99997 0.00001 0.00001
0.00001 0.99997 0.00001 0.00001
0.00001 0.99997 0.00001 0.00001
0.00001 0.568044 0.431936 0.00001
0.00001 0.99997 0.00001 0.00001
0.00001 0.520932 0.479048 0.00001
0.00001 0.00001 0.99997 0.00001
0.02354 0.00001 0.97644 0.00001
0.00001 0.297264 0.702716 0.00001
0.00001 0.214676 0.785304 0.00001
0.025709 0.228142 0.746139 0.00001
0.00001 0.258228 0.741752 0.00001
0.00001 0.265667 0.734313 0.00001
0.00001 0.384299 0.615681 0.00001
0.00001 0.296697 0.703283 0.00001
0.00001 0.298125 0.700393 0.001472
0.022288 0.352646 0.625056 0.00001
0.00001 0.237116 0.762864 0.00001
0.00001 0.101659 0.898321 0.00001
0.00001 0.00001 0.99997 0.00001
0.000017 0.207284 0.792689 0.00001
0.00001 0.270316 0.729664 0.00001
0.00001 0.347299 0.652681 0.00001
0.00001 0.125679 0.874301 0.00001
0.000014 0.139222 0.860754 0.00001
0.00001 0.00001 0.99997 0.00001
0.016817 0.209697 0.773476 0.00001
0.048377 0.259205 0.692408 0.00001
0.00001 0.328384 0.671596 0.00001
0.00001 0.224831 0.775149 0.00001
0.00001 0.121734 0.878246 0.00001
0.00001 0.303412 0.696568 0.00001
0.00001 0.204196 0.795784 0.00001
0.014872 0.364805 0.620314 0.00001
0.00001 0.341631 0.658349 0.00001
0.004925 0.248105 0.746961 0.00001
0.00001 0.00001 0.99997 0.00001
0.00001 0.143629 0.856351 0.00001
0.008394 0.00001 0.991586 0.00001
0.00001 0.197975 0.802005 0.00001
0.016144 0.387057 0.596788 0.00001
0.00001 0.101048 0.898932 0.00001
0.00001 0.267702 0.732278 0.00001
0.024446 0.284342 0.691202 0.00001
0.00001 0.00001 0.99997 0.00001
0.00001 0.249306 0.750674 0.00001
0.00001 0.240844 0.759136 0.00001
0.010501 0.305004 0.684485 0.00001
0.00001 0.489066 0.510914 0.00001
0.00001 0.263346 0.736634 0.00001
0.00001 0.174339 0.825641 0.00001
0.00001 0.281725 0.718255 0.00001
0.00001 0.261228 0.73477 0.003992
0.00001 0.224547 0.775433 0.00001
0.00001 0.314016 0.685964 0.00001
0.005856 0.291023 0.703112 0.00001
0.00001 0.2056 0.79438 0.00001
0.00001 0.261025 0.738955 0.00001
0.00001 0.337663 0.662317 0.00001
0.003994 0.298893 0.697103 0.00001
0.00001 0.243115 0.756865 0.00001
0.00001 0.363762 0.636218 0.00001
0.008063 0.294422 0.697505 0.00001
0.00001 0.249586 0.750394 0.00001
0.077199 0.340816 0.581974 0.00001
0.00001 0.215439 0.784541 0.00001
0.00001 0.00001 0.99997 0.00001
0.00001 0.38735 0.61263 0.00001
0.00001 0.201557 0.798423 0.00001
0.003311 0.281049 0.71563 0.00001
0.00001 0.166292 0.833688 0.00001
0.00001 0.167639 0.832341 0.00001
0.002558 0.288624 0.708808 0.00001
0.00001 0.388156 0.611824 0.00001
0.000011 0.225633 0.774346 0.00001
0.012608 0.220538 0.766843 0.00001
0.00001 0.422833 0.575744 0.001413
0.00001 0.00001 0.99997 0.00001
0.00001 0.390302 0.609678 0.00001
0.00001 0.00001 0.99997 0.00001
0.00001 0.169404 0.830078 0.000508
0.00001 0.152153 0.847827 0.00001
0.00001 0.350237 0.649743 0.00001
0.00001 0.00001 0.99997 0.00001
0.00001 0.28718 0.7128 0.00001
0.00001 0.322256 0.677724 0.00001
0.00001 0.161996 0.837984 0.00001
0.00001 0.282429 0.717551 0.00001
0.00219 0.199865 0.797935 0.00001
0.00001 0.102456 0.897524 0.00001
0.00001 0.185567 0.814413 0.00001
0.00001 0.316272 0.683708 0.00001
0.000707 0.300766 0.698517 0.00001
0.00001 0.00001 0.99997 0.00001
0.00001 0.00001 0.99997 0.00001
0.00001 0.195125 0.804855 0.00001
0.00002 0.329199 0.670771 0.00001
0.00001 0.248952 0.751028 0.00001
0.00001 0.268982 0.730998 0.00001
0.00001 0.101119 0.898861 0.00001
0.00001 0.23919 0.76079 0.00001
0.00001 0.236965 0.763015 0.00001
0.00001 0.393215 0.606765 0.00001
0.003771 0.355 0.641219 0.00001
0.00001 0.339546 0.660434 0.00001
0.00001 0.141649 0.858331 0.00001
0.00001 0.21663 0.78335 0.00001
0.00001 0.219404 0.780576 0.00001
0.00001 0.271384 0.728596 0.00001
0.00001 0.021689 0.974458 0.003843
0.00001 0.00001 0.99997 0.00001
0.00001 0.13503 0.86495 0.00001
0.00001 0.00001 0.99997 0.00001
0.00001 0.221292 0.778688 0.00001
0.028252 0.224685 0.747053 0.00001
0.391217 0.167091 0.343043 0.098649
0.382673 0.175191 0.353285 0.088852
0.2495 0.064922 0.547076 0.138502
0.161547 0.139598 0.619182 0.079674
0.185564 0.066327 0.702447 0.045663
0.196926 0.161556 0.596618 0.0449
0.526014 0.037958 0.162489 0.273538
0.448748 0.135969 0.330635 0.084647
0.479169 0.156286 0.193765 0.17078
0.178096 0.175019 0.545336 0.10155
0.190388 0.174434 0.626023 0.009154
0.573645 0.00001 0.101598 0.324747
0.640221 0.112139 0.191411 0.056229
0.49306 0.102228 0.118081 0.286632
0.669527 0.059664 0.141566 0.129243
0.176708 0.105044 0.639694 0.078554
0.17091 0.214316 0.560352 0.054423
0.237451 0.103709 0.543958 0.114882
0.273714 0.222149 0.504127 0.00001
0.2204 0.194542 0.585048 0.00001
0.193713 0.187845 0.618432 0.00001
0.112506 0.329607 0.557877 0.00001
0.203768 0.00001 0.636428 0.159795
0.260917 0.110549 0.590439 0.038095
0.357169 0.028903 0.613918 0.00001
0.060297 0.258458 0.47389 0.207355
0.118793 0.176552 0.654413 0.050242
0.202073 0.248517 0.517065 0.032346
0.184923 0.200054 0.615013 0.00001
0.107232 0.20417 0.594306 0.094293
0.249985 0.177075 0.50432 0.06862
0.097134 0.178197 0.651355 0.073314
0.131301 0.173491 0.630735 0.064473
0.050513 0.193524 0.588701 0.167262
0.143485 0.236076 0.55127 0.069169
0.216835 0.184788 0.558772 0.039605
0.203698 0.281791 0.514501 0.00001
0.148706 0.126688 0.674611 0.049995
0.219119 0.198013 0.582858 0.00001
0.144953 0.121279 0.673165 0.060603
0.45621 0.073311 0.470469 0.00001
0.197712 0.138928 0.59365 0.06971
0.108348 0.217163 0.60839 0.066098
0.00001 0.280945 0.636305 0.08274
0.869561 0.00001 0.00001 0.130419
0.814208 0.00001 0.004569 0.181214
0.906211 0.00001 0.00001 0.093769
0.99997 0.00001 0.00001 0.00001
0.890993 0.00001 0.00001 0.108987
0.863712 0.00001 0.00001 0.136268
0.905563 0.00001 0.00001 0.094417
0.868967 0.00001 0.00001 0.131013
0.827202 0.00001 0.00001 0.172778
0.75616 0.00001 0.00001 0.24382
0.99997 0.00001 0.00001 0.00001
0.945878 0.00001 0.00001 0.054102
0.886034 0.00001 0.00001 0.113946
0.92045 0.00001 0.00001 0.07953
0.99997 0.00001 0.00001 0.00001
0.959919 0.00001 0.00001 0.040061
0.874889 0.00001 0.00001 0.125091
0.892158 0.00001 0.00001 0.107822
0.786388 0.023603 0.00001 0.189999
0.821421 0.00001 0.00001 0.178559
0.919894 0.00001 0.00001 0.080086
0.912386 0.00001 0.00001 0.087594
0.794176 0.00001 0.00001 0.205804
0.757847 0.00001 0.00001 0.242133
0.874262 0.00001 0.00001 0.125718
0.871465 0.00001 0.00001 0.128515
0.843373 0.00001 0.00001 0.156607
0.773314 0.00001 0.00001 0.226666
0.887696 0.00001 0.00001 0.112284
0.817793 0.00001 0.00001 0.182187
0.912481 0.00001 0.00001 0.087499
0.875601 0.00001 0.005202 0.119187
0.891032 0.00001 0.00001 0.108948
0.813462 0.00001 0.00001 0.186518
0.941719 0.00001 0.00001 0.058261
0.809625 0.00001 0.00001 0.190355
0.976368 0.00001 0.00001 0.023612
0.98477 0.00001 0.00001 0.01521
0.941964 0.00001 0.00001 0.058016
0.897568 0.00001 0.00001 0.102412
0.769712 0.00001 0.00001 0.230268
0.807462 0.00001 0.00001 0.192518
0.958858 0.00001 0.041122 0.00001
0.968572 0.00001 0.031408 0.00001
0.70191 0.00001 0.00001 0.29807
0.918721 0.00001 0.00001 0.081259
0.764806 0.00001 0.014538 0.220646
0.93378 0.00001 0.030724 0.035487
0.77216 0.00001 0.00001 0.22782
0.741024 0.00001 0.00001 0.258956
0.868806 0.00001 0.00001 0.131174
0.860702 0.00001 0.00001 0.139278
0.956838 0.00001 0.00001 0.043142
0.922734 0.00001 0.00001 0.077246
0.905636 0.00001 0.00001 0.094344
0.874238 0.00001 0.00001 0.125742
0.921106 0.00001 0.00001 0.078874
0.834801 0.00001 0.00001 0.165179
0.866077 0.00001 0.003019 0.130894
0.757494 0.00001 0.00001 0.242486
0.94245 0.00001 0.02341 0.03413
0.97548 0.00001 0.0245 0.00001
0.912107 0.009403 0.00001 0.078481
0.996675 0.003305 0.00001 0.00001
0.99997 0.00001 0.00001 0.00001
0.99997 0.00001 0.00001 0.00001
0.766251 0.00001 0.00001 0.233729
0.875531 0.006419 0.00001 0.11804
0.858245 0.00001 0.00001 0.141735
0.829906 0.00001 0.00001 0.170074
0.828243 0.00001 0.003631 0.168116
0.974204 0.00001 0.00001 0.025776
0.924626 0.00001 0.00001 0.075354
0.878678 0.00001 0.00001 0.121302
0.98094 0.00001 0.00001 0.01904
0.921195 0.00001 0.002378 0.076416
0.928276 0.00001 0.00001 0.071704
0.880784 0.00001 0.00001 0.119196
0.858821 0.00001 0.00001 0.141159
0.955962 0.00001 0.00001 0.044018
0.99997 0.00001 0.00001 0.00001
0.974506 0.00001 0.00001 0.025474
0.863944 0.00001 0.00001 0.136036
0.787905 0.00001 0.00001 0.212075
0.847148 0.00001 0.00001 0.152832
0.850884 0.00001 0.00001 0.149096
0.865177 0.00001 0.00001 0.134803
0.825304 0.00001 0.00001 0.174676
0.839053 0.00001 0.00001 0.160927
0.941432 0.00001 0.00001 0.058548
0.824264 0.00001 0.00001 0.175716
0.818392 0.00001 0.00001 0.181588
0.698732 0.00001 0.00001 0.301248
0.685145 0.00001 0.00001 0.314835
0.701747 0.00001 0.00001 0.298233
0.748721 0.00001 0.00001 0.251259
0.868046 0.00001 0.00001 0.131934
0.802611 0.00001 0.00001 0.197369
0.674309 0.00001 0.00001 0.325671
0.69621 0.00001 0.00001 0.30377
0.681654 0.00001 0.00001 0.318326
0.99997 0.00001 0.00001 0.00001
0.99997 0.00001 0.00001 0.00001
0.846274 0.00001 0.00001 0.153706
0.801095 0.00001 0.00001 0.198885
0.99997 0.00001 0.00001 0.00001
0.869686 0.01012 0.00001 0.120184
0.283387 0.00001 0.00001 0.716593
0.533583 0.00001 0.00001 0.466397
0.531546 0.00001 0.00001 0.468434
0.297686 0.00001 0.00001 0.702294
0.334316 0.00001 0.00001 0.665664
0.571369 0.00001 0.00001 0.428611
0.500601 0.00001 0.00001 0.499379
0.363812 0.00001 0.00001 0.636168
0.23259 0.00001 0.00001 0.76739
0.699628 0.00001 0.00001 0.300352
0.579428 0.00001 0.00001 0.420552
0.358894 0.00001 0.00001 0.641086
0.347895 0.00001 0.00001 0.652085
0.682332 0.00001 0.00001 0.317648
0.434006 0.00001 0.00001 0.565974
0.451601 0.00001 0.00001 0.548379
0.364124 0.00001 0.00001 0.635856
0.360395 0.00001 0.00001 0.639585
0.354414 0.00001 0.00001 0.645566
0.524425 0.00001 0.00001 0.475555
0.687718 0.00001 0.00001 0.312262
0.307018 0.00001 0.00001 0.692962
0.289695 0.00001 0.00001 0.710285
0.291334 0.00001 0.00001 0.708646
0.609075 0.00001 0.00001 0.390905
0.416716 0.00001 0.00001 0.583264
0.521075 0.00001 0.00001 0.478905
0.480509 0.00001 0.00001 0.519471
0.00001 0.00001 0.00001 0.99997
0.030786 0.00001 0.00001 0.969194
0.00001 0.00001 0.00001 0.99997
0.00001 0.00001 0.00001 0.99997
0.00001 0.00001 0.00001 0.99997
0.00001 0.00001 0.00001 0.99997
0.027979 0.00001 0.00001 0.972001
0.057369 0.00001 0.00001 0.942611
0.00001 0.00001 0.00001 0.99997
0.00001 0.00001 0.00001 0.99997
0.00001 0.00001 0.00001 0.99997
0.00001 0.00001 0.00001 0.99997
0.00001 0.00001 0.00001 0.99997
0.00001 0.00001 0.00001 0.99997
0.00001 0.00001 0.00001 0.99997
0.00001 0.00001 0.00001 0.99997
0.061662 0.00001 0.00001 0.938318
0.051526 0.00001 0.00001 0.948454
0.00001 0.00001 0.00001 0.99997
0.00001 0.00001 0.00001 0.99997
0.00001 0.00001 0.00001 0.99997
0.00001 0.00001 0.00001 0.99997
0.108087 0.00001 0.00001 0.891893
0.00001 0.00001 0.00001 0.99997
0.00001 0.00001 0.00001 0.99997
0.195749 0.00001 0.00001 0.804231
0.281436 0.00001 0.00001 0.718544
0.149391 0.00001 0.00001 0.850589
0.056059 0.00001 0.00001 0.943921
0.231856 0.00001 0.00001 0.768124
0.269771 0.00001 0.00001 0.730209
0.143763 0.00001 0.00001 0.856217
0.255823 0.00001 0.00001 0.744157
0.048643 0.00001 0.00001 0.951337
0.182443 0.00001 0.00001 0.817537
0.185631 0.00001 0.00001 0.814349
0.164269 0.00001 0.00001 0.835711
0.080465 0.00001 0.00001 0.919515
0.170433 0.00001 0.00001 0.829547
0.204751 0.00001 0.00001 0.795229
0.221658 0.00001 0.00001 0.778322
0.167726 0.00001 0.00001 0.832254
0.19928 0.00001 0.00001 0.8007
0.141844 0.00001 0.00001 0.858136
0.257953 0.00001 0.00001 0.742027
0.17469 0.00001 0.00001 0.82529
0.157778 0.00001 0.00001 0.842202
0.196126 0.00001 0.00001 0.803854
0.056655 0.00001 0.00001 0.943325
0.182156 0.00001 0.00001 0.817824
0.201196 0.00001 0.00001 0.798784
0.224263 0.00001 0.00001 0.775717
0.13787 0.00001 0.00001 0.86211
0.098375 0.00001 0.00001 0.901605
0.068053 0.00001 0.00001 0.931927
0.189592 0.00001 0.00001 0.810388
0.173805 0.00001 0.00001 0.826175
0.154029 0.00001 0.00001 0.845951
0.032339 0.00001 0.00001 0.967641
0.16817 0.00001 0.00001 0.83181
0.00001 0.00001 0.00001 0.99997
0.11056 0.00001 0.00001 0.88942
0.00001 0.00001 0.00001 0.99997
0.008498 0.00001 0.00001 0.991482
0.105364 0.00001 0.00001 0.894616
0.049364 0.00001 0.00001 0.950616
0.162164 0.00001 0.00001 0.837816
0.194921 0.00001 0.00001 0.805059
0.038487 0.00001 0.00001 0.961493
0.095404 0.00001 0.00001 0.904576
0.133178 0.00001 0.00001 0.866802
0.03678 0.00001 0.00001 0.9632
0.131604 0.00001 0.00001 0.868376
0.171421 0.00001 0.00001 0.828559
0.126598 0.00001 0.00001 0.873382
0.102765 0.00001 0.00001 0.897215
0.132907 0.00001 0.00001 0.867073
0.058284 0.00001 0.00001 0.941696
0.133745 0.00001 0.00001 0.866235
0.221948 0.00001 0.00001 0.778032
0.00001 0.00001 0.00001 0.99997
0.239443 0.00001 0.00001 0.760537
0.075487 0.00001 0.00001 0.924493
0.134386 0.00001 0.00001 0.865594
0.172445 0.00001 0.00001 0.827535
0.131307 0.00001 0.00001 0.868673
0.173524 0.00001 0.00001 0.826456
0.206648 0.00001 0.00001 0.793332
0.195885 0.00001 0.00001 0.804095
