0.99996 0.00001 0.00001 0.00001 0.00001
0.99996 0.00001 0.00001 0.00001 0.00001
0.99996 0.00001 0.00001 0.00001 0.00001
0.99996 0.00001 0.00001 0.00001 0.00001
0.99996 0.00001 0.00001 0.00001 0.00001
0.99996 0.00001 0.00001 0.00001 0.00001
0.700298 0.00001 0.299672 0.00001 0.00001
0.99996 0.00001 0.00001 0.00001 0.00001
0.99996 0.00001 0.00001 0.00001 0.00001
0.99996 0.00001 0.00001 0.00001 0.00001
0.99996 0.00001 0.00001 0.00001 0.00001
0.99996 0.00001 0.00001 0.00001 0.00001
0.99996 0.00001 0.00001 0.00001 0.00001
0.512177 0.021544 0.426183 0.00001 0.040086
0.99996 0.00001 0.00001 0.00001 0.00001
0.99996 0.00001 0.00001 0.00001 0.00001
0.99996 0.00001 0.00001 0.00001 0.00001
0.99996 0.00001 0.00001 0.00001 0.00001
0.99996 0.00001 0.00001 0.00001 0.00001
0.574086 0.00001 0.425884 0.00001 0.00001
0.99996 0.00001 0.00001 0.00001 0.00001
0.522975 0.00001 0.476995 0.00001 0.00001
0.00001 0.00001 0.99996 0.00001 0.00001
0.00001 0.027187 0.972783 0.00001 0.00001
0.335322 0.00001 0.633574 0.00001 0.031084
0.228169 0.00001 0.771801 0.00001 0.00001
0.211197 0.00001 0.632116 0.00001 0.156667
0.261623 0.00001 0.738347 0.00001 0.00001
0.267083 0.002348 0.730549 0.00001 0.00001
0.3939 0.00001 0.60607 0.00001 0.00001
0.306557 0.00001 0.693413 0.00001 0.00001
0.29718 0.00001 0.612385 0.00001 0.090415
0.31273 0.00001 0.504129 0.00001 0.183121
0.239043 0.00001 0.760927 0.00001 0.00001
0.096974 0.00001 0.902996 0.00001 0.00001
0.00001 0.00001 0.99996 0.00001 0.00001
0.211679 0.00001 0.730643 0.00001 0.057658
0.276973 0.00001 0.722997 0.00001 0.00001
0.343063 0.000014 0.598315 0.00001 0.058598
0.131112 0.00001 0.868623 0.000245 0.00001
0.133801 0.00001 0.75174 0.00001 0.114439
0.00001 0.00001 0.99996 0.00001 0.00001
0.214864 0.00002 0.649071 0.00001 0.136036
0.229552 0.015452 0.603604 0.00001 0.151382
0.338004 0.00001 0.661966 0.00001 0.00001
0.237411 0.00001 0.762559 0.00001 0.00001
0.125823 0.00001 0.874147 0.00001 0.00001
0.304719 0.00001 0.695251 0.00001 0.00001
0.213516 0.00001 0.786454 0.00001 0.00001
0.351849 0.00001 0.563843 0.00001 0.084287
0.344514 0.00001 0.599659 0.00001 0.055807
0.259827 0.008084 0.732069 0.00001 0.00001
0.00001 0.00001 0.99996 0.00001 0.00001
0.151142 0.00001 0.848828 0.00001 0.00001
0.00001 0.011166 0.988804 0.00001 0.00001
0.206289 0.00001 0.793681 0.00001 0.00001
0.376344 0.000012 0.53026 0.00001 0.093373
0.108414 0.00001 0.830751 0.00001 0.060815
0.28032 0.00001 0.71965 0.00001 0.00001
0.285482 0.008878 0.626655 0.00001 0.078975
0.00001 0.00001 0.99996 0.00001 0.00001
0.260255 0.00001 0.739715 0.00001 0.00001
0.246163 0.00001 0.753807 0.00001 0.00001
0.314808 0.012413 0.672759 0.00001 0.00001
0.494143 0.00001 0.505827 0.00001 0.00001
0.269595 0.00001 0.730375 0.00001 0.00001
0.177059 0.00001 0.822911 0.00001 0.00001
0.281984 0.00001 0.654956 0.00001 0.063039
0.27164 0.00001 0.721053 0.007287 0.00001
0.216248 0.00001 0.783722 0.00001 0.00001
0.318206 0.00001 0.681764 0.00001 0.00001
0.2988 0.008826 0.692353 0.00001 0.00001
0.224078 0.00001 0.775892 0.00001 0.00001
0.270639 0.00001 0.729331 0.00001 0.00001
0.33161 0.00001 0.66836 0.00001 0.00001
0.294846 0.00001 0.645577 0.00001 0.059556
0.260346 0.00001 0.704257 0.00001 0.035377
0.387777 0.00001 0.612193 0.00001 0.00001
0.306439 0.011449 0.682092 0.00001 0.00001
0.260615 0.00001 0.723987 0.00001 0.015379
0.25994 0.00001 0.37062 0.00001 0.36942
0.217761 0.00001 0.782209 0.00001 0.00001
0.00001 0.00001 0.99996 0.00001 0.00001
0.3891 0.00001 0.61087 0.00001 0.00001
0.202398 0.00001 0.797572 0.00001 0.00001
0.280036 0.006109 0.713835 0.00001 0.00001
0.186584 0.00001 0.813386 0.00001 0.00001
0.186475 0.00001 0.801328 0.00001 0.012177
0.279631 0.00001 0.651644 0.00001 0.068706
0.352168 0.00001 0.544984 0.00001 0.102828
0.230911 0.00001 0.769059 0.00001 0.00001
0.215704 0.00001 0.703149 0.00001 0.081127
0.39944 0.00001 0.474601 0.00001 0.125939
0.00001 0.00001 0.99996 0.00001 0.00001
0.398302 0.00001 0.562194 0.00001 0.039484
0.00001 0.00001 0.99996 0.00001 0.00001
0.161589 0.00001 0.773605 0.00001 0.064786
0.165666 0.00001 0.834304 0.00001 0.00001
0.358152 0.00001 0.641818 0.00001 0.00001
0.00001 0.00001 0.99996 0.00001 0.00001
0.302874 0.00001 0.697096 0.00001 0.00001
0.330687 0.00001 0.596844 0.00001 0.072449
0.163737 0.00001 0.81249 0.00001 0.023753
0.288794 0.00001 0.665142 0.00001 0.046044
0.186451 0.00001 0.721917 0.00001 0.091613
0.105617 0.00001 0.894353 0.00001 0.00001
0.181288 0.00001 0.766888 0.00001 0.051804
0.332124 0.001993 0.665862 0.00001 0.00001
0.304665 0.003463 0.691852 0.00001 0.00001
0.00001 0.00001 0.99996 0.00001 0.00001
0.00001 0.00001 0.99996 0.00001 0.00001
0.212429 0.00001 0.787541 0.00001 0.00001
0.331961 0.00001 0.617482 0.00001 0.050537
0.262048 0.00001 0.737922 0.00001 0.00001
0.285932 0.00001 0.714038 0.00001 0.00001
0.127105 0.00001 0.872865 0.00001 0.00001
0.250465 0.00001 0.747037 0.00001 0.002478
0.253263 0.00001 0.723062 0.00001 0.023656
0.400131 0.00001 0.562445 0.00001 0.037404
0.367602 0.006694 0.625685 0.00001 0.00001
0.345385 0.00001 0.630286 0.00001 0.024309
0.155523 0.00001 0.844447 0.00001 0.00001
0.228897 0.00001 0.771073 0.00001 0.00001
0.22416 0.00001 0.77581 0.00001 0.00001
0.281192 0.00001 0.718778 0.00001 0.00001
0.04267 0.00001 0.949925 0.007385 0.00001
0.015284 0.00001 0.882774 0.00001 0.101922
0.158123 0.00001 0.841847 0.00001 0.00001
0.00001 0.003528 0.996442 0.00001 0.00001
0.222808 0.00001 0.777162 0.00001 0.00001
0.211327 0.00001 0.623341 0.00001 0.165312
0.117157 0.373 0.208578 0.068699 0.232566
0.141528 0.33172 0.08183 0.054212 0.390709
0.032785 0.23277 0.493359 0.132846 0.10824
0.028482 0.077647 0.424658 0.076368 0.392845
0.00001 0.127517 0.479742 0.021051 0.37168
0.00001 0.00001 0.00001 0.00001 0.99996
0.0207 0.51819 0.130059 0.267968 0.063084
0.00001 0.372138 0.00001 0.031167 0.596675
0.00001 0.42677 0.00001 0.138409 0.434802
0.146664 0.138261 0.42465 0.099938 0.190487
0.091021 0.122064 0.442423 0.00001 0.344483
0.00001 0.573804 0.058806 0.314701 0.052679
0.118956 0.646728 0.17357 0.047283 0.013463
0.00001 0.437317 0.00001 0.283963 0.278699
0.00001 0.625595 0.00001 0.119388 0.254997
0.00001 0.092903 0.454106 0.07728 0.3757
0.00001 0.00001 0.00001 0.00001 0.99996
0.048034 0.188063 0.367668 0.100254 0.295982
0.187572 0.231554 0.382574 0.00001 0.19829
0.135029 0.137212 0.348542 0.00001 0.379207
0.00001 0.00001 0.00001 0.00001 0.99996
0.269044 0.045681 0.39844 0.00001 0.286825
0.00001 0.207125 0.633648 0.159207 0.00001
0.048989 0.20266 0.426269 0.033987 0.288096
0.00001 0.268371 0.34295 0.00001 0.388659
0.211072 0.00001 0.307002 0.206659 0.275257
0.134018 0.09147 0.527939 0.031035 0.215538
0.243853 0.194405 0.47777 0.03044 0.053532
0.200231 0.181589 0.591668 0.00001 0.026502
0.202924 0.103811 0.567247 0.093009 0.033009
0.136603 0.206329 0.363643 0.062664 0.23076
0.13864 0.071678 0.532334 0.056487 0.200862
0.112497 0.065561 0.459102 0.063153 0.299688
0.00001 0.00001 0.00001 0.00001 0.99996
0.00001 0.00001 0.00001 0.00001 0.99996
0.159307 0.180777 0.449753 0.040599 0.169564
0.243825 0.147714 0.350271 0.00001 0.258181
0.036384 0.093651 0.491476 0.026682 0.351807
0.00001 0.00001 0.00001 0.00001 0.99996
0.118624 0.150991 0.672621 0.057755 0.00001
0.016932 0.396879 0.310547 0.00001 0.275632
0.00001 0.00001 0.00001 0.00001 0.99996
0.215841 0.111203 0.606998 0.065948 0.00001
0.261955 0.00001 0.489795 0.040113 0.208127
0.00001 0.86253 0.00001 0.132094 0.005356
0.00001 0.806642 0.005939 0.187399 0.00001
0.00001 0.911385 0.00001 0.088585 0.00001
0.00001 0.99996 0.00001 0.00001 0.00001
0.00001 0.899157 0.00001 0.100813 0.00001
0.00001 0.872719 0.00001 0.127251 0.00001
0.00001 0.905706 0.00001 0.094264 0.00001
0.00001 0.876273 0.00001 0.123697 0.00001
0.00001 0.832343 0.00001 0.167627 0.00001
0.00001 0.759088 0.00001 0.240882 0.00001
0.00001 0.99996 0.00001 0.00001 0.00001
0.00001 0.954581 0.00001 0.045389 0.00001
0.00001 0.895331 0.00001 0.104639 0.00001
0.00001 0.937699 0.00001 0.062271 0.00001
0.00001 0.99996 0.00001 0.00001 0.00001
0.00001 0.965139 0.00001 0.034831 0.00001
0.00001 0.881662 0.00001 0.118308 0.00001
0.00001 0.893554 0.00001 0.106416 0.00001
0.023548 0.794398 0.00001 0.182034 0.00001
0.00001 0.834309 0.00001 0.165661 0.00001
0.00001 0.929215 0.00001 0.070755 0.00001
0.00001 0.909748 0.00001 0.090222 0.00001
0.00001 0.801793 0.00001 0.198177 0.00001
0.00001 0.767939 0.00001 0.232031 0.00001
0.00001 0.869003 0.00001 0.12635 0.004627
0.00001 0.874848 0.00001 0.125122 0.00001
0.00001 0.853504 0.00001 0.146466 0.00001
0.00001 0.77637 0.00001 0.2236 0.00001
0.00001 0.900546 0.00001 0.099424 0.00001
0.00001 0.819624 0.00001 0.180346 0.00001
0.00001 0.918758 0.00001 0.081212 0.00001
0.00001 0.829752 0.00001 0.143132 0.027096
0.00001 0.897022 0.00001 0.102948 0.00001
0.00001 0.819357 0.00001 0.180613 0.00001
0.00001 0.947852 0.00001 0.052118 0.00001
0.00001 0.814261 0.00001 0.185709 0.00001
0.00001 0.984293 0.00001 0.015677 0.00001
0.00001 0.998278 0.00001 0.001692 0.00001
0.00001 0.949693 0.00001 0.050277 0.00001
0.00001 0.910551 0.00001 0.089419 0.00001
0.00001 0.780808 0.00001 0.219162 0.00001
0.00001 0.807316 0.00001 0.192305 0.000359
0.00001 0.958485 0.041485 0.00001 0.00001
0.00001 0.967725 0.032245 0.00001 0.00001
0.00001 0.702042 0.00001 0.297928 0.00001
0.00001 0.919791 0.00001 0.080179 0.00001
0.00001 0.770339 0.014989 0.214652 0.00001
0.00001 0.930903 0.031287 0.03779 0.00001
0.00001 0.777049 0.00001 0.222921 0.00001
0.00001 0.747144 0.00001 0.252826 0.00001
0.00001 0.871853 0.00001 0.128117 0.00001
0.00001 0.871171 0.00001 0.128799 0.00001
0.00001 0.96936 0.00001 0.03061 0.00001
0.00001 0.929014 0.00001 0.070956 0.00001
0.00001 0.912986 0.00001 0.086984 0.00001
0.00001 0.877689 0.00001 0.122281 0.00001
0.00001 0.920782 0.00001 0.079188 0.00001
0.00001 0.832389 0.00001 0.167581 0.00001
0.00001 0.864925 0.00001 0.126878 0.008177
0.00001 0.762555 0.00001 0.237415 0.00001
0.00001 0.946524 0.023865 0.029591 0.00001
0.00001 0.974985 0.024985 0.00001 0.00001
0.009325 0.919944 0.00001 0.070711 0.00001
0.004506 0.995464 0.00001 0.00001 0.00001
0.00001 0.99996 0.00001 0.00001 0.00001
0.00001 0.99996 0.00001 0.00001 0.00001
0.00001 0.765728 0.00001 0.232899 0.001354
0.007568 0.869237 0.00001 0.123175 0.00001
0.00001 0.858522 0.00001 0.141448 0.00001
0.00001 0.82764 0.00001 0.17233 0.00001
0.00001 0.805514 0.00001 0.176966 0.017501
0.00001 0.970581 0.00001 0.029389 0.00001
0.00001 0.928998 0.00001 0.070972 0.00001
0.00001 0.890441 0.00001 0.109529 0.00001
0.00001 0.983564 0.00001 0.016406 0.00001
0.00001 0.921923 0.003617 0.074439 0.00001
0.00001 0.928931 0.00001 0.071039 0.00001
0.00001 0.87836 0.00001 0.12161 0.00001
0.00001 0.866365 0.00001 0.133605 0.00001
0.00001 0.958623 0.00001 0.041347 0.00001
0.00001 0.99996 0.00001 0.00001 0.00001
0.00001 0.984058 0.00001 0.015912 0.00001
0.00001 0.863665 0.00001 0.136305 0.00001
0.00001 0.796801 0.00001 0.203169 0.00001
0.00001 0.854961 0.00001 0.145009 0.00001
0.00001 0.857755 0.00001 0.142215 0.00001
0.00001 0.871237 0.00001 0.128733 0.00001
0.00001 0.830042 0.00001 0.169928 0.00001
0.00001 0.842526 0.00001 0.157444 0.00001
0.00001 0.949551 0.00001 0.050419 0.00001
0.00001 0.798825 0.00001 0.187811 0.013343
0.00001 0.824486 0.00001 0.175484 0.00001
0.00001 0.702379 0.00001 0.297591 0.00001
0.00001 0.681644 0.00001 0.318326 0.00001
0.00001 0.70916 0.00001 0.29081 0.00001
0.00001 0.752544 0.00001 0.247426 0.00001
0.00001 0.875556 0.00001 0.124414 0.00001
0.00001 0.801106 0.00001 0.198864 0.00001
0.00001 0.681404 0.00001 0.318566 0.00001
0.00001 0.698492 0.00001 0.301478 0.00001
0.00001 0.690963 0.00001 0.309007 0.00001
0.00001 0.99996 0.00001 0.00001 0.00001
0.00001 0.99996 0.00001 0.00001 0.00001
0.00001 0.853368 0.00001 0.146602 0.00001
0.00001 0.810545 0.00001 0.189425 0.00001
0.00001 0.99996 0.00001 0.00001 0.00001
0.00001 0.857444 0.00001 0.122674 0.019861
0.00001 0.290994 0.00001 0.708976 0.00001
0.00001 0.532777 0.00001 0.467193 0.00001
0.00001 0.537343 0.00001 0.462627 0.00001
0.00001 0.297547 0.00001 0.702423 0.00001
0.00001 0.339153 0.00001 0.660817 0.00001
0.00001 0.572535 0.00001 0.427435 0.00001
0.00001 0.502479 0.00001 0.497491 0.00001
0.00001 0.369024 0.00001 0.630946 0.00001
0.00001 0.241993 0.00001 0.757977 0.00001
0.00001 0.712076 0.00001 0.287894 0.00001
0.00001 0.580732 0.00001 0.419238 0.00001
0.00001 0.361979 0.00001 0.637991 0.00001
0.00001 0.358453 0.00001 0.641517 0.00001
0.00001 0.690894 0.00001 0.309076 0.00001
0.00001 0.434992 0.00001 0.564978 0.00001
0.00001 0.453406 0.00001 0.546564 0.00001
0.00001 0.36488 0.00001 0.63509 0.00001
0.00001 0.362431 0.00001 0.637539 0.00001
0.00001 0.362882 0.00001 0.637088 0.00001
0.00001 0.524727 0.00001 0.475243 0.00001
0.00001 0.701074 0.00001 0.298896 0.00001
0.00001 0.309091 0.00001 0.690879 0.00001
0.00001 0.291349 0.00001 0.708621 0.00001
0.00001 0.290146 0.00001 0.709824 0.00001
0.00001 0.616724 0.00001 0.383246 0.00001
0.00001 0.419327 0.00001 0.580643 0.00001
0.00001 0.523085 0.00001 0.476885 0.00001
0.00001 0.484048 0.00001 0.515922 0.00001
0.00001 0.00001 0.00001 0.99996 0.00001
0.00001 0.038817 0.00001 0.961153 0.00001
0.00001 0.00001 0.00001 0.99996 0.00001
0.00001 0.00001 0.00001 0.99996 0.00001
0.00001 0.00001 0.00001 0.99996 0.00001
0.00001 0.00001 0.00001 0.99996 0.00001
0.00001 0.022641 0.00001 0.977329 0.00001
0.00001 0.05735 0.00001 0.94262 0.00001
0.00001 0.00001 0.00001 0.99996 0.00001
0.00001 0.00001 0.00001 0.99996 0.00001
0.00001 0.00001 0.00001 0.99996 0.00001
0.00001 0.00001 0.00001 0.99996 0.00001
0.00001 0.00001 0.00001 0.99996 0.00001
0.00001 0.00001 0.00001 0.99996 0.00001
0.00001 0.00001 0.00001 0.99996 0.00001
0.00001 0.00001 0.00001 0.99996 0.00001
0.00001 0.063281 0.00001 0.936689 0.00001
0.00001 0.050245 0.00001 0.949725 0.00001
0.00001 0.00001 0.00001 0.99996 0.00001
0.00001 0.00001 0.00001 0.99996 0.00001
0.00001 0.00001 0.00001 0.99996 0.00001
0.00001 0.00001 0.00001 0.99996 0.00001
0.00001 0.112965 0.00001 0.887005 0.00001
0.00001 0.00001 0.00001 0.99996 0.00001
0.00001 0.00001 0.00001 0.99996 0.00001
0.00001 0.201548 0.00001 0.798422 0.00001
0.00001 0.291715 0.00001 0.708255 0.00001
0.00001 0.154495 0.00001 0.845475 0.00001
0.00001 0.064068 0.00001 0.935902 0.00001
0.00001 0.237449 0.00001 0.762521 0.00001
0.00001 0.27382 0.00001 0.72615 0.00001
0.00001 0.151084 0.00001 0.848886 0.00001
0.00001 0.262647 0.00001 0.737323 0.00001
0.00001 0.062473 0.00001 0.937497 0.00001
0.00001 0.183784 0.00001 0.816186 0.00001
0.00001 0.18336 0.00001 0.81661 0.00001
0.00001 0.170523 0.00001 0.829447 0.00001
0.00001 0.088029 0.00001 0.911941 0.00001
0.00001 0.16957 0.00001 0.8304 0.00001
0.00001 0.203689 0.00001 0.796281 0.00001
0.00001 0.231006 0.00001 0.768964 0.00001
0.00001 0.168586 0.00001 0.831384 0.00001
0.00001 0.213635 0.00001 0.786335 0.00001
0.00001 0.155031 0.00001 0.844939 0.00001
0.000011 0.267566 0.00001 0.732403 0.00001
0.00001 0.182922 0.00001 0.817048 0.00001
0.00001 0.16799 0.00001 0.83198 0.00001
0.00001 0.203863 0.00001 0.796107 0.00001
0.00001 0.063213 0.00001 0.936757 0.00001
0.00001 0.181089 0.00001 0.818881 0.00001
0.00001 0.209214 0.00001 0.790756 0.00001
0.00001 0.227751 0.00001 0.772219 0.00001
0.00001 0.146381 0.000011 0.853588 0.00001
0.00001 0.102424 0.00001 0.897546 0.00001
0.00001 0.074125 0.00001 0.925845 0.00001
0.00001 0.187521 0.00001 0.812449 0.00001
0.00001 0.179732 0.00001 0.820238 0.00001
0.00001 0.159971 0.00001 0.839999 0.00001
0.00001 0.044266 0.00001 0.955704 0.00001
0.00001 0.176366 0.00001 0.823604 0.00001
0.00001 0.00001 0.00001 0.99996 0.00001
0.00001 0.107978 0.00001 0.891992 0.00001
0.00001 0.00001 0.00001 0.99996 0.00001
0.00001 0.012631 0.00001 0.987339 0.00001
0.00001 0.116381 0.00001 0.883589 0.00001
0.00001 0.053652 0.00001 0.946318 0.00001
0.00001 0.170117 0.00001 0.829853 0.00001
0.00001 0.201533 0.00001 0.798437 0.00001
0.00001 0.052426 0.00001 0.947544 0.00001
0.00001 0.102873 0.00001 0.897097 0.00001
0.00001 0.14115 0.00001 0.85882 0.00001
0.00001 0.048956 0.00001 0.951014 0.00001
0.00001 0.139169 0.00001 0.860801 0.00001
0.00001 0.172086 0.00001 0.827884 0.00001
0.00001 0.128753 0.00001 0.871217 0.00001
0.00001 0.108742 0.00001 0.891228 0.00001
0.000012 0.13299 0.00001 0.866978 0.00001
0.00001 0.059648 0.00001 0.940322 0.00001
0.00001 0.132762 0.00001 0.867208 0.00001
0.00001 0.226726 0.00001 0.773244 0.00001
0.00001 0.00001 0.00001 0.99996 0.00001
0.00001 0.238886 0.00001 0.761084 0.00001
0.00001 0.082771 0.00001 0.917199 0.00001
0.00001 0.130146 0.00001 0.869824 0.00001
0.00001 0.180073 0.00001 0.819897 0.00001
0.00001 0.132231 0.00001 0.867739 0.00001
0.00001 0.176184 0.00001 0.823786 0.00001
0.00001 0.213533 0.00001 0.786437 0.00001
0.00001 0.20209 0.00001 0.79788 0.00001
