0.00001 0.99997 0.00001 0.00001
0.00001 0.646705 0.00001 0.353275
0.00001 0.74816 0.00001 0.25182
0.00001 0.99997 0.00001 0.00001
0.00001 0.99997 0.00001 0.00001
0.00001 0.99997 0.00001 0.00001
0.00001 0.562847 0.00001 0.437133
0.00001 0.615232 0.00001 0.384748
0.00001 0.684119 0.00001 0.315861
0.00001 0.99997 0.00001 0.00001
0.00001 0.99997 0.00001 0.00001
0.00001 0.698586 0.00001 0.301394
0.00001 0.665025 0.00001 0.334955
0.026761 0.418141 0.00001 0.555089
0.00001 0.99997 0.00001 0.00001
0.00001 0.99997 0.00001 0.00001
0.00001 0.99997 0.00001 0.00001
0.00001 0.645779 0.00001 0.354201
0.00001 0.749257 0.00001 0.250723
0.00001 0.452558 0.00001 0.547422
0.00001 0.99997 0.00001 0.00001
0.00001 0.451027 0.00001 0.548953
0.00001 0.00001 0.00001 0.99997
0.025068 0.00001 0.00001 0.974912
0.00001 0.201612 0.00001 0.798368
0.00001 0.133232 0.00001 0.866748
0.025894 0.170612 0.00001 0.803485
0.00001 0.196752 0.00001 0.803228
0.000016 0.207058 0.00001 0.792917
0.00001 0.333976 0.00001 0.666004
0.00001 0.227239 0.00001 0.772741
0.00001 0.219054 0.001499 0.779437
0.02248 0.26666 0.00001 0.71085
0.00001 0.169572 0.00001 0.830408
0.00001 0.064128 0.00001 0.935852
0.00001 0.00001 0.00001 0.99997
0.00001 0.167117 0.00001 0.832863
0.00001 0.218689 0.00001 0.781291
0.00001 0.250733 0.00001 0.749247
0.00001 0.0634 0.00001 0.93658
0.00001 0.07184 0.00001 0.92814
0.00001 0.00001 0.00001 0.99997
0.017627 0.176643 0.00001 0.80572
0.048482 0.179935 0.00001 0.771573
0.00001 0.27049 0.00001 0.72949
0.00001 0.159933 0.00001 0.840047
0.00001 0.084305 0.00001 0.915675
0.00001 0.217515 0.00001 0.782465
0.00001 0.161103 0.00001 0.838877
0.014779 0.30392 0.00001 0.681292
0.00001 0.27665 0.00001 0.72333
0.005127 0.191579 0.00001 0.803284
0.00001 0.00001 0.00001 0.99997
0.00001 0.106757 0.00001 0.893223
0.009255 0.00001 0.00001 0.990725
0.00001 0.168733 0.00001 0.831247
0.016007 0.31842 0.00001 0.665563
0.000014 0.080811 0.00001 0.919165
0.00001 0.20887 0.00001 0.79111
0.024561 0.220067 0.00001 0.755361
0.00001 0.00001 0.00001 0.99997
0.00001 0.201279 0.00001 0.798701
0.00001 0.192903 0.00001 0.807077
0.010663 0.244263 0.00001 0.745065
0.00001 0.406614 0.00001 0.593366
0.00001 0.204597 0.00001 0.795383
0.00001 0.128156 0.00001 0.871824
0.00001 0.201261 0.00001 0.798719
0.00001 0.195429 0.004334 0.800227
0.00001 0.161418 0.00001 0.838562
0.00001 0.258661 0.00001 0.741319
0.006092 0.221994 0.00001 0.771904
0.00001 0.171079 0.00001 0.828901
0.00001 0.217107 0.00001 0.782873
0.00001 0.278692 0.00001 0.721288
0.004021 0.221762 0.00001 0.774207
0.00001 0.168739 0.00001 0.831241
0.00001 0.275185 0.00001 0.724795
0.00829 0.23637 0.00001 0.75533
0.00001 0.19186 0.00001 0.80812
0.077204 0.281286 0.00001 0.6415
0.00001 0.162716 0.00001 0.837264
0.00001 0.001353 0.00001 0.998627
0.00001 0.310598 0.00001 0.689382
0.00001 0.134 0.00001 0.86598
0.003657 0.229122 0.00001 0.767211
0.00001 0.10919 0.00001 0.89079
0.00001 0.110131 0.00001 0.889849
0.002629 0.226094 0.00001 0.771267
0.00001 0.29045 0.00001 0.70953
0.00001 0.162228 0.00001 0.837752
0.012898 0.172309 0.00001 0.814783
0.00001 0.329843 0.001786 0.668361
0.00001 0.00001 0.00001 0.99997
0.00001 0.314043 0.00001 0.685937
0.00001 0.00001 0.00001 0.99997
0.00001 0.12242 0.00053 0.877041
0.00001 0.106792 0.00001 0.893188
0.00001 0.296474 0.00001 0.703506
0.00001 0.00001 0.00001 0.99997
0.00001 0.228684 0.00001 0.771296
0.00001 0.259235 0.00001 0.740745
0.00001 0.101521 0.00001 0.898459
0.00001 0.204527 0.00001 0.795453
0.002427 0.142633 0.00001 0.85493
0.00001 0.097209 0.00001 0.902771
0.000012 0.156556 0.00001 0.843422
0.00001 0.25472 0.00001 0.74526
0.000896 0.24723 0.00001 0.751864
0.00001 0.00001 0.00001 0.99997
0.00001 0.00001 0.00001 0.99997
0.00001 0.14771 0.00001 0.85227
0.00001 0.250437 0.00001 0.749543
0.00001 0.194532 0.00001 0.805448
0.00001 0.206352 0.00001 0.793628
0.00001 0.037496 0.00001 0.962484
0.00001 0.189639 0.00001 0.810341
0.00001 0.15299 0.00001 0.84699
0.00001 0.30969 0.00001 0.69029
0.003484 0.25983 0.00001 0.736676
0.00001 0.276643 0.00001 0.723337
0.00001 0.09318 0.00001 0.9068
0.00001 0.153919 0.00001 0.846061
0.00001 0.173955 0.00001 0.826025
0.00001 0.223409 0.00001 0.776571
0.00001 0.00001 0.004574 0.995406
0.00001 0.00001 0.00001 0.99997
0.00001 0.116784 0.00001 0.883196
0.000207 0.00001 0.00001 0.999773
0.00001 0.163333 0.00001 0.836647
0.028783 0.174836 0.00001 0.79637
0.390898 0.134143 0.098995 0.375963
0.382071 0.126306 0.08941 0.402214
0.249858 0.02824 0.138227 0.583675
0.162007 0.112728 0.079438 0.645827
0.184105 0.020762 0.047064 0.748069
0.197234 0.120247 0.044607 0.637911
0.525607 0.043111 0.273905 0.157377
0.448294 0.095304 0.085086 0.371316
0.478191 0.114371 0.171628 0.23581
0.178013 0.128968 0.101673 0.591346
0.191963 0.138302 0.007676 0.662059
0.572706 0.00001 0.325714 0.10157
0.640635 0.102431 0.055878 0.201055
0.492833 0.083517 0.286849 0.136801
0.669453 0.046271 0.129334 0.154942
0.176372 0.076775 0.078983 0.66787
0.170922 0.171415 0.054477 0.603185
0.237305 0.080875 0.11522 0.566601
0.273757 0.176519 0.00001 0.549714
0.220541 0.171791 0.00001 0.607659
0.193748 0.143131 0.00001 0.66311
0.112544 0.262081 0.00001 0.625365
0.202351 0.00001 0.161232 0.636407
0.261332 0.060018 0.037901 0.64075
0.357177 0.011216 0.00001 0.631597
0.060709 0.217143 0.207044 0.515105
0.118236 0.130674 0.050872 0.700218
0.202522 0.207199 0.031962 0.558317
0.185022 0.160893 0.00001 0.654075
0.109871 0.202655 0.092025 0.595449
0.248199 0.111955 0.070204 0.569642
0.097891 0.118726 0.072556 0.710827
0.131326 0.129289 0.064616 0.674768
0.051604 0.157814 0.166345 0.624237
0.143878 0.180344 0.068842 0.606936
0.216648 0.147021 0.03989 0.596441
0.203739 0.230182 0.00001 0.566069
0.148107 0.071255 0.050662 0.729975
0.219169 0.145395 0.00001 0.635425
0.145163 0.08573 0.060684 0.708423
0.456291 0.039456 0.00001 0.504242
0.196334 0.11523 0.071211 0.617224
0.108597 0.189919 0.066093 0.63539
0.00001 0.21423 0.082818 0.702942
0.869686 0.00001 0.130294 0.00001
0.814489 0.00001 0.181031 0.00447
0.906064 0.00001 0.093916 0.00001
0.99997 0.00001 0.00001 0.00001
0.890661 0.00001 0.109319 0.00001
0.863371 0.00001 0.136609 0.00001
0.905034 0.00001 0.094946 0.00001
0.868394 0.00001 0.131586 0.00001
0.82697 0.00001 0.17301 0.00001
0.756034 0.00001 0.243946 0.00001
0.99997 0.00001 0.00001 0.00001
0.945242 0.00001 0.054738 0.00001
0.885987 0.00001 0.113993 0.00001
0.920065 0.00001 0.079915 0.00001
0.99997 0.00001 0.00001 0.00001
0.959408 0.00001 0.040572 0.00001
0.874487 0.00001 0.125493 0.00001
0.891899 0.00001 0.108081 0.00001
0.781955 0.025116 0.192919 0.00001
0.821065 0.000018 0.178907 0.00001
0.919867 0.00001 0.080113 0.00001
0.912013 0.00001 0.087967 0.00001
0.794271 0.00001 0.205709 0.00001
0.757426 0.00001 0.242554 0.00001
0.873892 0.00001 0.126088 0.00001
0.871046 0.00001 0.128934 0.00001
0.843022 0.00001 0.156958 0.00001
0.772874 0.00001 0.227106 0.00001
0.887629 0.00001 0.112351 0.00001
0.817527 0.00001 0.182453 0.00001
0.912179 0.00001 0.087801 0.00001
0.87663 0.00001 0.118583 0.004777
0.890823 0.00001 0.109157 0.00001
0.813271 0.00001 0.186709 0.00001
0.941766 0.00001 0.058214 0.00001
0.809396 0.00001 0.190584 0.00001
0.975722 0.00001 0.024258 0.00001
0.984683 0.00001 0.015297 0.00001
0.941465 0.00001 0.058515 0.00001
0.896954 0.00001 0.103026 0.00001
0.770046 0.00001 0.229934 0.00001
0.80715 0.00001 0.19283 0.00001
0.959418 0.00001 0.00001 0.040562
0.971421 0.028559 0.00001 0.00001
0.702189 0.00001 0.297791 0.00001
0.918541 0.00001 0.081439 0.00001
0.764103 0.00001 0.221217 0.01467
0.933612 0.00001 0.035735 0.030642
0.771968 0.00001 0.228012 0.00001
0.740877 0.00001 0.259103 0.00001
0.868914 0.00001 0.131066 0.00001
0.860656 0.00001 0.139324 0.00001
0.956474 0.00001 0.043506 0.00001
0.922545 0.00001 0.077435 0.00001
0.905166 0.00001 0.094814 0.00001
0.873741 0.00001 0.126239 0.00001
0.921138 0.00001 0.078842 0.00001
0.835036 0.00001 0.164944 0.00001
0.866415 0.00001 0.130774 0.002801
0.757104 0.00001 0.242876 0.00001
0.941702 0.00001 0.03465 0.023638
0.97545 0.00001 0.00001 0.02453
0.906446 0.011574 0.081971 0.00001
0.996158 0.003822 0.00001 0.00001
0.99997 0.00001 0.00001 0.00001
0.99997 0.00001 0.00001 0.00001
0.765334 0.00001 0.234646 0.00001
0.878016 0.005122 0.116852 0.00001
0.85791 0.000012 0.142068 0.00001
0.829735 0.00001 0.170245 0.00001
0.826689 0.00001 0.169056 0.004245
0.973951 0.00001 0.026029 0.00001
0.924208 0.00001 0.075772 0.00001
0.878593 0.00001 0.121387 0.00001
0.980662 0.00001 0.019318 0.00001
0.922756 0.00001 0.075519 0.001716
0.927643 0.00001 0.072337 0.00001
0.880016 0.00001 0.119964 0.00001
0.858888 0.00001 0.141092 0.00001
0.955704 0.00001 0.044276 0.00001
0.99997 0.00001 0.00001 0.00001
0.974365 0.00001 0.025615 0.00001
0.863958 0.00001 0.136022 0.00001
0.78754 0.00001 0.21244 0.00001
0.846825 0.00001 0.153155 0.00001
0.850402 0.00001 0.149578 0.00001
0.864987 0.00001 0.134993 0.00001
0.825004 0.00001 0.174976 0.00001
0.838693 0.00001 0.161287 0.00001
0.941162 0.00001 0.058818 0.00001
0.824082 0.00001 0.175898 0.00001
0.818077 0.00001 0.181903 0.00001
0.698412 0.00001 0.301568 0.00001
0.685104 0.00001 0.314876 0.00001
0.701822 0.00001 0.298158 0.00001
0.748617 0.00001 0.251363 0.00001
0.867725 0.00001 0.132255 0.00001
0.802125 0.00001 0.197855 0.00001
0.674202 0.00001 0.325778 0.00001
0.696281 0.00001 0.303699 0.00001
0.68152 0.00001 0.31846 0.00001
0.99997 0.00001 0.00001 0.00001
0.99997 0.00001 0.00001 0.00001
0.845797 0.00001 0.154183 0.00001
0.800828 0.00001 0.199152 0.00001
0.99997 0.00001 0.00001 0.00001
0.865428 0.011831 0.122732 0.00001
0.283366 0.00001 0.716614 0.00001
0.533516 0.00001 0.466464 0.00001
0.531575 0.00001 0.468405 0.00001
0.297442 0.00001 0.702538 0.00001
0.334138 0.00001 0.665842 0.00001
0.571422 0.00001 0.428558 0.00001
0.500808 0.00001 0.499172 0.00001
0.364572 0.00001 0.635408 0.00001
0.232488 0.00001 0.767492 0.00001
0.699688 0.00001 0.300292 0.00001
0.57958 0.00001 0.4204 0.00001
0.358855 0.00001 0.641125 0.00001
0.347754 0.00001 0.652226 0.00001
0.682049 0.00001 0.317931 0.00001
0.434068 0.00001 0.565912 0.00001
0.451618 0.00001 0.548362 0.00001
0.364111 0.00001 0.635869 0.00001
0.360495 0.00001 0.639485 0.00001
0.354531 0.00001 0.645449 0.00001
0.524537 0.00001 0.475443 0.00001
0.687726 0.00001 0.312254 0.00001
0.307023 0.00001 0.692957 0.00001
0.289563 0.00001 0.710417 0.00001
0.291257 0.00001 0.708723 0.00001
0.608903 0.00001 0.391077 0.00001
0.416679 0.00001 0.583301 0.00001
0.520988 0.00001 0.478992 0.00001
0.48033 0.00001 0.51965 0.00001
0.00001 0.00001 0.99997 0.00001
0.030754 0.00001 0.969226 0.00001
0.00001 0.00001 0.99997 0.00001
0.00001 0.00001 0.99997 0.00001
0.00001 0.00001 0.99997 0.00001
0.00001 0.00001 0.99997 0.00001
0.028024 0.00001 0.971956 0.00001
0.057289 0.00001 0.942691 0.00001
0.00001 0.00001 0.99997 0.00001
0.00001 0.00001 0.99997 0.00001
0.000012 0.00001 0.999968 0.00001
0.00001 0.00001 0.99997 0.00001
0.00001 0.00001 0.99997 0.00001
0.00001 0.00001 0.99997 0.00001
0.00001 0.00001 0.99997 0.00001
0.00001 0.00001 0.99997 0.00001
0.061361 0.00001 0.938619 0.00001
0.051527 0.00001 0.948453 0.00001
0.00001 0.00001 0.99997 0.00001
0.00001 0.00001 0.99997 0.00001
0.00001 0.00001 0.99997 0.00001
0.00001 0.00001 0.99997 0.00001
0.108018 0.00001 0.891962 0.00001
0.00001 0.00001 0.99997 0.00001
0.00001 0.00001 0.99997 0.00001
0.196183 0.00001 0.803797 0.00001
0.281415 0.00001 0.718565 0.00001
0.149943 0.00001 0.850037 0.00001
0.056669 0.00001 0.943311 0.00001
0.232 0.00001 0.76798 0.00001
0.27002 0.00001 0.72996 0.00001
0.143939 0.00001 0.856041 0.00001
0.256449 0.00001 0.743531 0.00001
0.048669 0.00001 0.951311 0.00001
0.18245 0.00001 0.81753 0.00001
0.185698 0.00001 0.814282 0.00001
0.164357 0.00001 0.835623 0.00001
0.08069 0.00001 0.91929 0.00001
0.170341 0.00001 0.829639 0.00001
0.204881 0.00001 0.795099 0.00001
0.221957 0.00001 0.778023 0.00001
0.167581 0.00001 0.832399 0.00001
0.199282 0.00001 0.800698 0.00001
0.141907 0.00001 0.858073 0.00001
0.257849 0.00001 0.742131 0.00001
0.174652 0.00001 0.825328 0.00001
0.157212 0.00001 0.842768 0.00001
0.196047 0.00001 0.803933 0.00001
0.056913 0.00001 0.943067 0.00001
0.182476 0.00001 0.817504 0.00001
0.201493 0.00001 0.798487 0.00001
0.22449 0.00001 0.77549 0.00001
0.137818 0.00001 0.862162 0.00001
0.098586 0.00001 0.901394 0.00001
0.068114 0.00001 0.931866 0.00001
0.18958 0.00001 0.8104 0.00001
0.173863 0.00001 0.826117 0.00001
0.154286 0.00001 0.845694 0.00001
0.032336 0.00001 0.967644 0.00001
0.168366 0.00001 0.831614 0.00001
0.00001 0.00001 0.99997 0.00001
0.11074 0.00001 0.88924 0.00001
0.00001 0.00001 0.99997 0.00001
0.008669 0.00001 0.991311 0.00001
0.105398 0.00001 0.894582 0.00001
0.049761 0.00001 0.950219 0.00001
0.162314 0.00001 0.837666 0.00001
0.195427 0.00001 0.804553 0.00001
0.038535 0.00001 0.961445 0.00001
0.0954 0.00001 0.90458 0.00001
0.133114 0.00001 0.866866 0.00001
0.036693 0.00001 0.963287 0.00001
0.131636 0.00001 0.868344 0.00001
0.171409 0.00001 0.828571 0.00001
0.127116 0.00001 0.872864 0.00001
0.10293 0.00001 0.89705 0.00001
0.132782 0.00001 0.867198 0.00001
0.058752 0.00001 0.941228 0.00001
0.134046 0.00001 0.865934 0.00001
0.221781 0.00001 0.778199 0.00001
0.00002 0.00001 0.99996 0.00001
0.239209 0.00001 0.760771 0.00001
0.07533 0.00001 0.92465 0.00001
0.135181 0.00001 0.864799 0.00001
0.172892 0.00001 0.827088 0.00001
0.13142 0.00001 0.86856 0.00001
0.173219 0.00001 0.826761 0.00001
0.206558 0.00001 0.793422 0.00001
0.196098 0.00001 0.803882 0.00001
