0.00001 0.00001 0.99997 0.00001
0.00001 0.00001 0.99997 0.00001
0.00001 0.00001 0.99997 0.00001
0.00001 0.00001 0.99997 0.00001
0.00001 0.00001 0.99997 0.00001
0.00001 0.00001 0.99997 0.00001
0.00001 0.00001 0.649397 0.350583
0.00001 0.00001 0.673506 0.326474
0.00001 0.00001 0.99997 0.00001
0.00001 0.00001 0.99997 0.00001
0.00001 0.00001 0.99997 0.00001
0.00001 0.00001 0.99997 0.00001
0.00001 0.00001 0.717998 0.281982
0.027067 0.00001 0.484894 0.488028
0.00001 0.00001 0.99997 0.00001
0.00001 0.00001 0.99997 0.00001
0.00001 0.00001 0.99997 0.00001
0.00001 0.00001 0.99997 0.00001
0.000013 0.00001 0.999967 0.00001
0.00001 0.00001 0.5375 0.46248
0.00001 0.000011 0.999969 0.00001
0.00001 0.00001 0.503581 0.496399
0.00001 0.00001 0.00001 0.99997
0.023907 0.00001 0.00001 0.976073
0.00001 0.00001 0.271632 0.728348
0.00001 0.00001 0.181638 0.818342
0.025612 0.00001 0.207174 0.767204
0.00001 0.00001 0.246717 0.753263
0.000016 0.00001 0.23281 0.767164
0.00001 0.00001 0.371145 0.628835
0.00001 0.00001 0.273488 0.726492
0.00001 0.001378 0.269337 0.729275
0.022412 0.00001 0.319584 0.657994
0.00001 0.00001 0.215846 0.784134
0.00001 0.00001 0.080743 0.919237
0.00001 0.00001 0.00001 0.99997
0.00001 0.00001 0.190188 0.809792
0.00001 0.00001 0.259563 0.740417
0.00001 0.00001 0.29854 0.70144
0.00001 0.00001 0.104535 0.895445
0.00001 0.00001 0.114961 0.885019
0.00001 0.00001 0.00001 0.99997
0.016948 0.00001 0.194297 0.788745
0.048395 0.00001 0.240613 0.710982
0.00001 0.00001 0.307178 0.692802
0.00001 0.00001 0.201536 0.798444
0.00001 0.00001 0.119334 0.880646
0.00001 0.00001 0.273201 0.726779
0.00001 0.00001 0.178983 0.820997
0.014855 0.00001 0.338566 0.64657
0.00001 0.00001 0.311117 0.688863
0.004861 0.00001 0.220845 0.774284
0.00001 0.00001 0.00001 0.99997
0.00001 0.00001 0.143634 0.856346
0.008484 0.00001 0.00001 0.991496
0.00001 0.00001 0.196277 0.803703
0.01585 0.00001 0.37996 0.60418
0.00001 0.00001 0.072459 0.927521
0.00001 0.00001 0.236952 0.763028
0.024205 0.00001 0.253911 0.721874
0.00001 0.00001 0.00001 0.99997
0.00001 0.00001 0.235279 0.764701
0.00001 0.00001 0.217982 0.781998
0.010452 0.00001 0.281969 0.707569
0.00001 0.00001 0.469807 0.530173
0.00001 0.00001 0.245949 0.754031
0.00001 0.00001 0.163112 0.836868
0.00001 0.00001 0.260557 0.739423
0.00001 0.004017 0.247319 0.748655
0.00001 0.00001 0.197241 0.802739
0.00001 0.00001 0.307402 0.692578
0.005908 0.00001 0.271418 0.722664
0.00001 0.00001 0.186528 0.813452
0.00001 0.00001 0.247383 0.752597
0.00001 0.00001 0.323622 0.676358
0.004053 0.00001 0.284322 0.711615
0.00001 0.00001 0.227005 0.772975
0.00001 0.00001 0.344461 0.655519
0.007945 0.00001 0.272322 0.719723
0.00001 0.00001 0.229922 0.770058
0.077206 0.00001 0.322287 0.600497
0.00001 0.00001 0.202543 0.797437
0.00001 0.00001 0.035047 0.964933
0.00001 0.00001 0.371727 0.628253
0.00001 0.00001 0.184747 0.815233
0.003374 0.00001 0.264486 0.732129
0.00001 0.00001 0.138923 0.861057
0.00001 0.00001 0.150245 0.849735
0.002539 0.00001 0.269697 0.727754
0.00001 0.00001 0.360869 0.639111
0.00001 0.00001 0.21141 0.78857
0.012666 0.00001 0.204486 0.782838
0.00001 0.001672 0.392924 0.605395
0.00001 0.00001 0.00001 0.99997
0.00001 0.00001 0.372663 0.627317
0.00001 0.00001 0.00001 0.99997
0.00001 0.000591 0.155926 0.843473
0.00001 0.00001 0.142022 0.857958
0.00001 0.00001 0.330508 0.669472
0.00001 0.00001 0.00001 0.99997
0.00001 0.00001 0.269827 0.730153
0.00001 0.00001 0.311508 0.688472
0.00001 0.00001 0.137876 0.862104
0.00001 0.00001 0.255218 0.744762
0.002176 0.00001 0.177349 0.820466
0.00001 0.00001 0.104411 0.895569
0.00001 0.00001 0.16729 0.83269
0.00001 0.00001 0.304232 0.695748
0.000752 0.00001 0.285406 0.713832
0.00001 0.00001 0.00001 0.99997
0.00001 0.00001 0.00001 0.99997
0.00001 0.00001 0.184451 0.815529
0.00001 0.00001 0.306938 0.693042
0.00001 0.00001 0.230829 0.769151
0.00001 0.00001 0.243053 0.756927
0.00001 0.00001 0.085315 0.914665
0.00001 0.00001 0.206599 0.793381
0.00001 0.00001 0.213018 0.786962
0.00001 0.00001 0.362387 0.637593
0.003708 0.00001 0.327713 0.668569
0.00001 0.00001 0.326977 0.673003
0.00001 0.00001 0.120142 0.879838
0.00001 0.00001 0.204455 0.795525
0.00001 0.00001 0.201448 0.798532
0.00001 0.00001 0.247438 0.752542
0.00001 0.004548 0.038926 0.956516
0.00001 0.00001 0.00001 0.99997
0.00001 0.00001 0.129894 0.870086
0.000013 0.00001 0.00001 0.999967
0.00001 0.00001 0.21062 0.78936
0.028269 0.00001 0.199943 0.771779
0.39082 0.099028 0.146453 0.363699
0.382542 0.088952 0.157562 0.370943
0.250103 0.137946 0.059357 0.552593
0.161827 0.079495 0.133161 0.625516
0.185954 0.045198 0.053645 0.715202
0.197468 0.044258 0.134655 0.62362
0.525992 0.273557 0.036007 0.164444
0.448602 0.084758 0.121473 0.345167
0.478768 0.171175 0.149066 0.200992
0.178008 0.101597 0.160385 0.560011
0.191579 0.007969 0.161944 0.638508
0.573482 0.324975 0.00001 0.101533
0.640591 0.055883 0.119724 0.183802
0.49324 0.286481 0.101622 0.118657
0.669249 0.129453 0.050576 0.150723
0.177132 0.078163 0.092856 0.651849
0.171045 0.05429 0.203604 0.571061
0.237948 0.114444 0.105994 0.541614
0.273674 0.00001 0.202316 0.524
0.220451 0.00001 0.193465 0.586074
0.193696 0.00001 0.179405 0.626889
0.112514 0.00001 0.30594 0.581536
0.203753 0.159863 0.00001 0.636375
0.260984 0.038073 0.102746 0.598198
0.357081 0.00001 0.029969 0.61294
0.060298 0.207368 0.24331 0.489024
0.11884 0.050217 0.160103 0.67084
0.202173 0.032256 0.2337 0.531872
0.184902 0.00001 0.185135 0.629953
0.108112 0.093516 0.205629 0.592744
0.249734 0.068771 0.156176 0.525319
0.097796 0.072657 0.167868 0.661678
0.131488 0.064272 0.158415 0.645825
0.050856 0.166942 0.177663 0.604539
0.143581 0.069096 0.228249 0.559074
0.216822 0.039648 0.170557 0.572974
0.203735 0.00001 0.257818 0.538438
0.148381 0.050219 0.094396 0.707004
0.219122 0.00001 0.182244 0.598624
0.145045 0.060528 0.110573 0.683854
0.45614 0.00001 0.064615 0.479235
0.197309 0.070083 0.128354 0.604255
0.108334 0.066197 0.215353 0.610115
0.00001 0.082701 0.253126 0.664162
0.869389 0.130591 0.00001 0.00001
0.814432 0.181048 0.00001 0.00451
0.906151 0.093826 0.000012 0.00001
0.99997 0.00001 0.00001 0.00001
0.890848 0.109132 0.00001 0.00001
0.863491 0.136489 0.00001 0.00001
0.905515 0.094465 0.00001 0.00001
0.868808 0.131172 0.00001 0.00001
0.827075 0.172905 0.00001 0.00001
0.756167 0.243813 0.00001 0.00001
0.99997 0.00001 0.00001 0.00001
0.945651 0.054329 0.00001 0.00001
0.886021 0.113959 0.00001 0.00001
0.920329 0.079651 0.00001 0.00001
0.99997 0.00001 0.00001 0.00001
0.959869 0.040111 0.00001 0.00001
0.874862 0.125118 0.00001 0.00001
0.891978 0.108002 0.00001 0.00001
0.785843 0.190219 0.023927 0.00001
0.821498 0.178482 0.00001 0.00001
0.919844 0.080136 0.00001 0.00001
0.912305 0.087668 0.000016 0.00001
0.794292 0.205688 0.00001 0.00001
0.757757 0.242223 0.00001 0.00001
0.874282 0.125698 0.00001 0.00001
0.871464 0.128516 0.00001 0.00001
0.843247 0.156733 0.00001 0.00001
0.773186 0.226794 0.00001 0.00001
0.887701 0.112279 0.00001 0.00001
0.81764 0.18234 0.00001 0.00001
0.912495 0.087485 0.00001 0.00001
0.875661 0.119169 0.00001 0.005159
0.890869 0.109111 0.00001 0.00001
0.813438 0.186542 0.00001 0.00001
0.941696 0.058284 0.00001 0.00001
0.80958 0.1904 0.00001 0.00001
0.976164 0.023816 0.00001 0.00001
0.984658 0.015322 0.00001 0.00001
0.941769 0.058211 0.00001 0.00001
0.897438 0.102542 0.00001 0.00001
0.769629 0.230351 0.00001 0.00001
0.807356 0.192624 0.00001 0.00001
0.958992 0.00001 0.00001 0.040988
0.968529 0.00001 0.00001 0.031451
0.701866 0.298114 0.00001 0.00001
0.918689 0.081291 0.00001 0.00001
0.765447 0.22032 0.00001 0.014223
0.933826 0.035481 0.00001 0.030683
0.771835 0.228145 0.00001 0.00001
0.741042 0.258938 0.00001 0.00001
0.868905 0.131073 0.000012 0.00001
0.860664 0.139316 0.00001 0.00001
0.956731 0.043249 0.00001 0.00001
0.922761 0.077219 0.00001 0.00001
0.905584 0.094396 0.00001 0.00001
0.874209 0.125771 0.00001 0.00001
0.920942 0.079038 0.00001 0.00001
0.834982 0.164998 0.00001 0.00001
0.867066 0.130301 0.00001 0.002623
0.757344 0.242636 0.00001 0.00001
0.942809 0.033898 0.00001 0.023284
0.975361 0.00001 0.00001 0.024619
0.910655 0.07928 0.010054 0.00001
0.996614 0.00001 0.003366 0.00001
0.99997 0.00001 0.00001 0.00001
0.99997 0.00001 0.00001 0.00001
0.766098 0.233882 0.00001 0.00001
0.876074 0.117817 0.0061 0.00001
0.858316 0.141664 0.00001 0.00001
0.830048 0.169932 0.00001 0.00001
0.828334 0.168061 0.00001 0.003595
0.974164 0.025816 0.00001 0.00001
0.924413 0.075567 0.00001 0.00001
0.87855 0.12143 0.00001 0.00001
0.980855 0.019125 0.00001 0.00001
0.92171 0.076159 0.00001 0.002121
0.928046 0.071934 0.00001 0.00001
0.880734 0.119246 0.00001 0.00001
0.858792 0.141188 0.00001 0.00001
0.955889 0.044091 0.00001 0.00001
0.99997 0.00001 0.00001 0.00001
0.974486 0.025494 0.00001 0.00001
0.864005 0.135975 0.00001 0.00001
0.787788 0.212192 0.00001 0.00001
0.846957 0.153023 0.00001 0.00001
0.850677 0.1493 0.000012 0.00001
0.865056 0.134924 0.00001 0.00001
0.825117 0.174863 0.00001 0.00001
0.839123 0.160857 0.00001 0.00001
0.94125 0.05873 0.00001 0.00001
0.824246 0.175734 0.00001 0.00001
0.81829 0.18169 0.00001 0.00001
0.69852 0.30146 0.00001 0.00001
0.68506 0.31492 0.00001 0.00001
0.701746 0.298234 0.00001 0.00001
0.748748 0.251232 0.00001 0.00001
0.867979 0.132001 0.00001 0.00001
0.802449 0.197531 0.00001 0.00001
0.674344 0.325636 0.00001 0.00001
0.69622 0.30376 0.00001 0.00001
0.681534 0.318446 0.00001 0.00001
0.99997 0.00001 0.00001 0.00001
0.99997 0.00001 0.00001 0.00001
0.846144 0.153836 0.00001 0.00001
0.801009 0.198971 0.00001 0.00001
0.99997 0.00001 0.00001 0.00001
0.86741 0.121496 0.011084 0.00001
0.283485 0.716495 0.00001 0.00001
0.533628 0.466352 0.00001 0.00001
0.531541 0.468439 0.00001 0.00001
0.297553 0.702427 0.00001 0.00001
0.334413 0.665567 0.00001 0.00001
0.571467 0.428513 0.00001 0.00001
0.50073 0.49925 0.00001 0.00001
0.363899 0.636081 0.00001 0.00001
0.232624 0.767356 0.00001 0.00001
0.699651 0.300329 0.00001 0.00001
0.579588 0.420392 0.00001 0.00001
0.358789 0.641191 0.00001 0.00001
0.347928 0.652052 0.00001 0.00001
0.682358 0.317622 0.00001 0.00001
0.434063 0.565917 0.00001 0.00001
0.451671 0.548309 0.00001 0.00001
0.364256 0.635724 0.00001 0.00001
0.360388 0.639592 0.00001 0.00001
0.354421 0.645559 0.00001 0.00001
0.524466 0.475514 0.00001 0.00001
0.687669 0.312311 0.00001 0.00001
0.307063 0.692909 0.000018 0.00001
0.289782 0.710198 0.00001 0.00001
0.291335 0.708645 0.00001 0.00001
0.609014 0.390966 0.00001 0.00001
0.416695 0.583285 0.00001 0.00001
0.521127 0.478853 0.00001 0.00001
0.480622 0.519358 0.00001 0.00001
0.00001 0.99997 0.00001 0.00001
0.031062 0.968918 0.00001 0.00001
0.00001 0.99997 0.00001 0.00001
0.00001 0.99997 0.00001 0.00001
0.00001 0.99997 0.00001 0.00001
0.00001 0.99997 0.00001 0.00001
0.028025 0.971955 0.00001 0.00001
0.057404 0.942576 0.00001 0.00001
0.00001 0.99997 0.00001 0.00001
0.00001 0.99997 0.00001 0.00001
0.00001 0.99997 0.00001 0.00001
0.00001 0.99997 0.00001 0.00001
0.00001 0.99997 0.00001 0.00001
0.00001 0.99997 0.00001 0.00001
0.00001 0.99997 0.00001 0.00001
0.00001 0.99997 0.00001 0.00001
0.061438 0.938542 0.00001 0.00001
0.05163 0.94835 0.00001 0.00001
0.00001 0.99997 0.00001 0.00001
0.00001 0.99997 0.00001 0.00001
0.00001 0.99997 0.00001 0.00001
0.00001 0.99997 0.00001 0.00001
0.108177 0.891803 0.00001 0.00001
0.00001 0.99997 0.00001 0.00001
0.00001 0.99997 0.00001 0.00001
0.195686 0.804294 0.00001 0.00001
0.281504 0.718476 0.00001 0.00001
0.149565 0.850408 0.000016 0.00001
0.05624 0.94374 0.00001 0.00001
0.231939 0.768041 0.00001 0.00001
0.270058 0.729922 0.00001 0.00001
0.143757 0.856223 0.00001 0.00001
0.255944 0.744036 0.00001 0.00001
0.048621 0.951359 0.00001 0.00001
0.182329 0.817651 0.00001 0.00001
0.185697 0.814283 0.00001 0.00001
0.164307 0.835673 0.00001 0.00001
0.080545 0.919435 0.00001 0.00001
0.170569 0.829411 0.00001 0.00001
0.204938 0.795042 0.00001 0.00001
0.221823 0.778157 0.00001 0.00001
0.167742 0.832238 0.00001 0.00001
0.199228 0.800752 0.00001 0.00001
0.141925 0.858055 0.00001 0.00001
0.257972 0.742008 0.00001 0.00001
0.174725 0.825255 0.00001 0.00001
0.1578 0.84218 0.00001 0.00001
0.196032 0.803948 0.00001 0.00001
0.056779 0.943201 0.00001 0.00001
0.182384 0.817596 0.00001 0.00001
0.201332 0.798648 0.00001 0.00001
0.224356 0.775624 0.00001 0.00001
0.137947 0.862033 0.00001 0.00001
0.098561 0.901419 0.00001 0.00001
0.06818 0.9318 0.00001 0.00001
0.18958 0.810394 0.000016 0.00001
0.173625 0.826355 0.00001 0.00001
0.154071 0.845909 0.00001 0.00001
0.032375 0.967605 0.00001 0.00001
0.168399 0.831581 0.00001 0.00001
0.00001 0.99997 0.00001 0.00001
0.110657 0.889323 0.00001 0.00001
0.00001 0.99997 0.00001 0.00001
0.008388 0.991592 0.00001 0.00001
0.105372 0.894608 0.00001 0.00001
0.04949 0.95048 0.00002 0.00001
0.162225 0.837755 0.00001 0.00001
0.195067 0.804913 0.00001 0.00001
0.038521 0.961459 0.00001 0.00001
0.095543 0.904437 0.00001 0.00001
0.133399 0.866578 0.000013 0.00001
0.036931 0.963044 0.000015 0.00001
0.131642 0.868338 0.00001 0.00001
0.171418 0.828562 0.00001 0.00001
0.126795 0.873185 0.00001 0.00001
0.102986 0.896994 0.00001 0.00001
0.133026 0.866954 0.00001 0.00001
0.058289 0.941691 0.00001 0.00001
0.133796 0.866184 0.00001 0.00001
0.221982 0.777998 0.00001 0.00001
0.00001 0.99997 0.00001 0.00001
0.239385 0.760595 0.00001 0.00001
0.075564 0.924408 0.000019 0.00001
0.134439 0.865541 0.00001 0.00001
0.172607 0.827373 0.00001 0.00001
0.131386 0.868594 0.00001 0.00001
0.173645 0.826335 0.00001 0.00001
0.206788 0.793192 0.00001 0.00001
0.19599 0.80399 0.00001 0.00001
