0.00001 0.99997 0.00001 0.00001
0.00001 0.682334 0.00001 0.317646
0.00001 0.99997 0.00001 0.00001
0.00001 0.99997 0.00001 0.00001
0.00001 0.99997 0.00001 0.00001
0.00001 0.99997 0.00001 0.00001
0.00001 0.595082 0.00001 0.404898
0.00001 0.640571 0.00001 0.359409
0.00001 0.719124 0.00001 0.280856
0.00001 0.99997 0.00001 0.00001
0.00001 0.99997 0.00001 0.00001
0.00001 0.99997 0.00001 0.00001
0.00001 0.682679 0.00001 0.317301
0.00001 0.44527 0.026933 0.527787
0.00001 0.99997 0.00001 0.00001
0.00001 0.99997 0.00001 0.00001
0.00001 0.99997 0.00001 0.00001
0.00001 0.707602 0.00001 0.292378
0.00001 0.99997 0.00001 0.00001
0.00001 0.488131 0.00001 0.511849
0.00001 0.99997 0.00001 0.00001
0.00001 0.47032 0.00001 0.52966
0.00001 0.00444 0.00001 0.99554
0.00001 0.00001 0.024566 0.975414
0.00001 0.223378 0.00001 0.776602
0.00001 0.150003 0.00001 0.849977
0.00001 0.187517 0.025818 0.786655
0.00001 0.22435 0.00001 0.77563
0.00001 0.215119 0.00001 0.784861
0.00001 0.351847 0.00001 0.648133
0.00001 0.243878 0.00001 0.756102
0.001381 0.233847 0.00001 0.764762
0.00001 0.288457 0.022445 0.689088
0.00001 0.195005 0.00001 0.804975
0.00001 0.075764 0.00001 0.924216
0.00001 0.00001 0.00001 0.99997
0.00001 0.169881 0.00001 0.830099
0.00001 0.241647 0.00001 0.758333
0.00001 0.273133 0.00001 0.726847
0.00001 0.088937 0.00001 0.911043
0.00001 0.086293 0.00001 0.913687
0.00001 0.00001 0.00001 0.99997
0.00001 0.189882 0.017413 0.792696
0.00001 0.201476 0.048389 0.750124
0.00001 0.298953 0.00001 0.701027
0.00001 0.1808 0.00001 0.81918
0.00001 0.097393 0.00001 0.902587
0.00001 0.232307 0.00001 0.767673
0.00001 0.174744 0.00001 0.825236
0.00001 0.322632 0.014851 0.662507
0.00001 0.300232 0.00001 0.699748
0.00001 0.211973 0.005074 0.782943
0.00001 0.00001 0.00001 0.99997
0.00001 0.133633 0.00001 0.866347
0.00001 0.00001 0.008817 0.991163
0.00001 0.196311 0.00001 0.803669
0.00001 0.345641 0.015972 0.638377
0.00001 0.079664 0.00001 0.920316
0.00001 0.219148 0.00001 0.780832
0.00001 0.23772 0.024435 0.737835
0.00001 0.00001 0.00001 0.99997
0.00001 0.207077 0.00001 0.792903
0.00001 0.205092 0.00001 0.794888
0.00001 0.260725 0.010546 0.728719
0.00001 0.430829 0.00001 0.569151
0.00001 0.226264 0.00001 0.773716
0.00001 0.136147 0.00001 0.863833
0.00001 0.225371 0.00001 0.774609
0.004096 0.215666 0.00001 0.780227
0.00001 0.184254 0.00001 0.815726
0.00001 0.277054 0.00001 0.722926
0.00001 0.24688 0.006059 0.74705
0.00001 0.162939 0.00001 0.837041
0.00001 0.236566 0.00001 0.763414
0.00001 0.291897 0.00001 0.708083
0.00001 0.242954 0.00398 0.753056
0.00001 0.193175 0.00001 0.806805
0.00001 0.298168 0.00001 0.701812
0.00001 0.251701 0.008112 0.740177
0.00001 0.21415 0.00001 0.78583
0.00001 0.309771 0.07717 0.613048
0.00001 0.169843 0.00001 0.830137
0.00001 0.025517 0.00001 0.974463
0.00001 0.341731 0.00001 0.658249
0.00001 0.165923 0.00001 0.834057
0.00001 0.247514 0.003573 0.748903
0.00001 0.123853 0.00001 0.876127
0.00001 0.133054 0.00001 0.866926
0.00001 0.245848 0.002629 0.751513
0.00001 0.335958 0.00001 0.664022
0.00001 0.179759 0.00001 0.820221
0.00001 0.180462 0.012724 0.806804
0.001589 0.36453 0.00001 0.633871
0.00001 0.000011 0.00001 0.999969
0.00001 0.336681 0.00001 0.663299
0.00001 0.00001 0.00001 0.99997
0.000359 0.130315 0.00001 0.869317
0.00001 0.118595 0.00001 0.881385
0.00001 0.311869 0.00001 0.688111
0.00001 0.00001 0.00001 0.99997
0.00001 0.249555 0.00001 0.750425
0.00001 0.279539 0.00001 0.720441
0.00001 0.105815 0.00001 0.894165
0.00001 0.234486 0.00001 0.765494
0.00001 0.171399 0.002516 0.826075
0.00001 0.099995 0.00001 0.899985
0.00001 0.161368 0.00001 0.838612
0.00001 0.278934 0.00001 0.721046
0.00001 0.267791 0.000859 0.73134
0.00001 0.00001 0.00001 0.99997
0.00001 0.00001 0.00001 0.99997
0.00001 0.162396 0.00001 0.837584
0.00001 0.282038 0.00001 0.717942
0.00001 0.215515 0.00001 0.784465
0.00001 0.222662 0.00001 0.777318
0.00001 0.059565 0.00001 0.940415
0.00001 0.186005 0.00001 0.813975
0.00001 0.165175 0.00001 0.834805
0.00001 0.327436 0.00001 0.672544
0.00001 0.298743 0.003689 0.697558
0.00001 0.297016 0.00001 0.702964
0.00001 0.099368 0.00001 0.900612
0.00001 0.178474 0.00001 0.821506
0.00001 0.186886 0.00001 0.813094
0.00001 0.243884 0.00001 0.756096
0.005021 0.028918 0.00001 0.966051
0.00001 0.00001 0.00001 0.99997
0.00001 0.115665 0.00001 0.884315
0.00001 0.02346 0.000397 0.976133
0.00001 0.187003 0.00001 0.812977
0.00001 0.177636 0.028496 0.793858
0.099267 0.125933 0.390614 0.384186
0.088952 0.139543 0.38255 0.388955
0.138047 0.04846 0.250096 0.563397
0.079533 0.122539 0.161903 0.636026
0.047512 0.009846 0.183726 0.758916
0.044751 0.128419 0.197075 0.629755
0.273791 0.045527 0.525702 0.15498
0.084834 0.111214 0.44856 0.355392
0.171281 0.137723 0.478633 0.212363
0.101687 0.15241 0.178017 0.567886
0.00748 0.159404 0.192158 0.640959
0.325219 0.00001 0.573246 0.101526
0.055971 0.107957 0.640488 0.195583
0.286301 0.099003 0.493429 0.121267
0.12942 0.044478 0.669283 0.156819
0.078265 0.09692 0.177159 0.647656
0.054345 0.18605 0.171045 0.588561
0.11472 0.096863 0.237775 0.550641
0.00001 0.189064 0.273735 0.53719
0.00001 0.186752 0.220537 0.592701
0.00001 0.155599 0.193738 0.650653
0.00001 0.274762 0.112513 0.612715
0.161005 0.00001 0.202616 0.636369
0.037621 0.077264 0.261594 0.62352
0.00001 0.00001 0.357324 0.642656
0.207039 0.233686 0.060712 0.498564
0.05106 0.145894 0.118115 0.684932
0.031938 0.220769 0.202533 0.54476
0.00001 0.18403 0.185021 0.630939
0.093097 0.196911 0.108673 0.60132
0.069259 0.135603 0.249261 0.545877
0.072856 0.141322 0.097637 0.688185
0.064344 0.145467 0.13161 0.65858
0.166635 0.167014 0.051309 0.615043
0.068978 0.20361 0.143738 0.583674
0.040541 0.142932 0.215937 0.60059
0.00001 0.244474 0.203725 0.551791
0.049577 0.089076 0.149223 0.712124
0.00001 0.166528 0.219182 0.61428
0.060919 0.089079 0.144815 0.705187
0.00001 0.045106 0.456221 0.498663
0.070801 0.11376 0.196605 0.618833
0.066318 0.190966 0.108247 0.634469
0.082784 0.227332 0.00001 0.689874
0.130573 0.00001 0.869407 0.00001
0.180951 0.00001 0.814602 0.004437
0.09377 0.00001 0.90621 0.00001
0.00001 0.00001 0.99997 0.00001
0.109103 0.00001 0.890877 0.00001
0.136578 0.00001 0.863402 0.00001
0.094414 0.00001 0.905566 0.00001
0.131088 0.00001 0.868892 0.00001
0.172793 0.00001 0.827187 0.00001
0.243615 0.00001 0.756365 0.00001
0.00001 0.00001 0.99997 0.00001
0.054358 0.00001 0.945622 0.00001
0.113728 0.00001 0.886252 0.00001
0.079757 0.00001 0.920223 0.00001
0.00001 0.00001 0.99997 0.00001
0.040246 0.00001 0.959734 0.00001
0.125093 0.00001 0.874887 0.00001
0.107979 0.00001 0.892001 0.00001
0.191555 0.024784 0.783651 0.00001
0.178415 0.00001 0.821565 0.00001
0.080211 0.00001 0.919769 0.00001
0.087699 0.00001 0.912281 0.00001
0.205599 0.00001 0.794381 0.00001
0.242043 0.00001 0.757937 0.00001
0.125951 0.00001 0.874029 0.00001
0.128434 0.00001 0.871546 0.00001
0.156753 0.00001 0.843227 0.00001
0.226674 0.00001 0.773306 0.00001
0.112011 0.00001 0.887969 0.00001
0.182267 0.00001 0.817713 0.00001
0.087557 0.00001 0.912423 0.00001
0.11877 0.00001 0.876254 0.004966
0.109112 0.00001 0.890868 0.00001
0.186655 0.00001 0.813325 0.00001
0.058015 0.00001 0.941965 0.00001
0.190324 0.00001 0.809656 0.00001
0.023898 0.00001 0.976082 0.00001
0.015134 0.00001 0.984846 0.00001
0.058206 0.00001 0.941774 0.00001
0.102511 0.00001 0.897469 0.00001
0.23036 0.00001 0.76962 0.00001
0.19249 0.00001 0.80749 0.00001
0.00001 0.00001 0.959325 0.040655
0.00001 0.00001 0.968448 0.031532
0.298006 0.00001 0.701974 0.00001
0.081288 0.00001 0.918692 0.00001
0.220941 0.00001 0.764428 0.01462
0.035384 0.00001 0.933958 0.030648
0.22818 0.00001 0.7718 0.00001
0.25885 0.00001 0.74113 0.00001
0.131006 0.00001 0.868974 0.00001
0.139196 0.00001 0.860784 0.00001
0.043103 0.00001 0.956877 0.00001
0.077219 0.00001 0.922761 0.00001
0.094349 0.00001 0.905631 0.00001
0.125692 0.00001 0.874288 0.00001
0.079064 0.00001 0.920916 0.00001
0.164642 0.00001 0.835338 0.00001
0.13039 0.00001 0.866924 0.002676
0.242458 0.00001 0.757522 0.00001
0.033817 0.00001 0.942872 0.023302
0.00001 0.00001 0.975445 0.024535
0.080082 0.010609 0.909299 0.00001
0.00001 0.00362 0.99636 0.00001
0.00001 0.00001 0.99997 0.00001
0.00001 0.00001 0.99997 0.00001
0.233848 0.00001 0.766132 0.00001
0.117369 0.0058 0.876821 0.00001
0.141787 0.00001 0.858193 0.00001
0.16973 0.00001 0.83025 0.00001
0.168306 0.00001 0.827832 0.003852
0.025818 0.00001 0.974162 0.00001
0.075534 0.00001 0.924446 0.00001
0.121095 0.00001 0.878885 0.00001
0.019048 0.00001 0.980932 0.00001
0.075722 0.00001 0.922405 0.001863
0.071884 0.00001 0.928096 0.00001
0.119174 0.00001 0.880806 0.00001
0.141016 0.00001 0.858964 0.00001
0.04394 0.00001 0.95604 0.00001
0.00001 0.00001 0.99997 0.00001
0.025409 0.00001 0.974571 0.00001
0.135963 0.00001 0.864017 0.00001
0.2122 0.00001 0.78778 0.00001
0.152966 0.00001 0.847014 0.00001
0.149087 0.00001 0.850893 0.00001
0.13495 0.00001 0.86503 0.00001
0.174952 0.00001 0.825028 0.00001
0.160877 0.00001 0.839103 0.00001
0.05846 0.00001 0.94152 0.00001
0.175679 0.00001 0.824301 0.00001
0.181698 0.00001 0.818282 0.00001
0.301515 0.00001 0.698465 0.00001
0.314991 0.00001 0.684989 0.00001
0.297966 0.00001 0.702014 0.00001
0.251029 0.00001 0.748951 0.00001
0.131997 0.00001 0.867983 0.00001
0.197652 0.00001 0.802328 0.00001
0.325559 0.00001 0.674421 0.00001
0.303802 0.00001 0.696178 0.00001
0.318296 0.00001 0.681684 0.00001
0.00001 0.00001 0.99997 0.00001
0.00001 0.00001 0.99997 0.00001
0.153733 0.00001 0.846247 0.00001
0.198968 0.00001 0.801012 0.00001
0.00001 0.00001 0.99997 0.00001
0.121595 0.011266 0.867129 0.00001
0.716239 0.00001 0.283741 0.00001
0.466153 0.00001 0.533827 0.00001
0.468359 0.00001 0.531621 0.00001
0.702389 0.00001 0.297591 0.00001
0.665621 0.00001 0.334359 0.00001
0.428404 0.00001 0.571576 0.00001
0.499016 0.00001 0.500964 0.00001
0.636081 0.00001 0.363899 0.00001
0.767326 0.00001 0.232654 0.00001
0.300068 0.00001 0.699912 0.00001
0.420209 0.00001 0.579771 0.00001
0.64106 0.00001 0.35892 0.00001
0.651876 0.00001 0.348104 0.00001
0.317501 0.00001 0.682479 0.00001
0.565725 0.00001 0.434255 0.00001
0.548069 0.00001 0.451911 0.00001
0.635695 0.00001 0.364285 0.00001
0.639399 0.00001 0.360581 0.00001
0.645521 0.00001 0.354459 0.00001
0.475445 0.00001 0.524535 0.00001
0.312195 0.00001 0.687785 0.00001
0.692749 0.00001 0.307231 0.00001
0.710054 0.00001 0.289926 0.00001
0.70825 0.00001 0.29173 0.00001
0.390792 0.00001 0.609188 0.00001
0.583102 0.00001 0.416878 0.00001
0.478703 0.00001 0.521277 0.00001
0.5193 0.00001 0.48068 0.00001
0.99997 0.00001 0.00001 0.00001
0.968806 0.00001 0.031174 0.00001
0.99997 0.00001 0.00001 0.00001
0.99997 0.00001 0.00001 0.00001
0.99997 0.00001 0.00001 0.00001
0.99997 0.00001 0.00001 0.00001
0.971874 0.00001 0.028106 0.00001
0.942302 0.00001 0.057678 0.00001
0.99997 0.00001 0.00001 0.00001
0.99997 0.00001 0.00001 0.00001
0.99997 0.00001 0.00001 0.00001
0.99997 0.00001 0.00001 0.00001
0.99997 0.00001 0.00001 0.00001
0.99997 0.00001 0.00001 0.00001
0.99997 0.00001 0.00001 0.00001
0.99997 0.00001 0.00001 0.00001
0.938414 0.00001 0.061566 0.00001
0.948168 0.00001 0.051812 0.00001
0.99997 0.00001 0.00001 0.00001
0.99997 0.00001 0.00001 0.00001
0.99997 0.00001 0.00001 0.00001
0.99997 0.00001 0.00001 0.00001
0.891651 0.00001 0.108329 0.00001
0.99997 0.00001 0.00001 0.00001
0.99997 0.00001 0.00001 0.00001
0.80398 0.00001 0.196 0.00001
0.718189 0.00001 0.281791 0.00001
0.849944 0.00001 0.150036 0.00001
0.943456 0.00001 0.056524 0.00001
0.767897 0.00001 0.232083 0.00001
0.729897 0.00001 0.270083 0.00001
0.856016 0.00001 0.143964 0.00001
0.743851 0.00001 0.256129 0.00001
0.951178 0.00001 0.048802 0.00001
0.817325 0.00001 0.182655 0.00001
0.814138 0.00001 0.185842 0.00001
0.83553 0.00001 0.16445 0.00001
0.919205 0.00001 0.080775 0.00001
0.829184 0.00001 0.170796 0.00001
0.794962 0.00001 0.205018 0.00001
0.777842 0.00001 0.222138 0.00001
0.832128 0.00001 0.167852 0.00001
0.800592 0.00001 0.199388 0.00001
0.857764 0.00001 0.142216 0.00001
0.741898 0.00001 0.258082 0.00001
0.82496 0.00001 0.17502 0.00001
0.842155 0.00001 0.157825 0.00001
0.803635 0.00001 0.196345 0.00001
0.942941 0.00001 0.057039 0.00001
0.817336 0.00001 0.182644 0.00001
0.79842 0.00001 0.20156 0.00001
0.77536 0.00001 0.22462 0.00001
0.861858 0.00001 0.138122 0.00001
0.901306 0.00001 0.098674 0.00001
0.931499 0.00001 0.068481 0.00001
0.810048 0.00001 0.189932 0.00001
0.826032 0.00001 0.173948 0.00001
0.845732 0.00001 0.154248 0.00001
0.967116 0.00001 0.032864 0.00001
0.831254 0.00001 0.168726 0.00001
0.99997 0.00001 0.00001 0.00001
0.88901 0.00001 0.11097 0.00001
0.99997 0.00001 0.00001 0.00001
0.991185 0.00001 0.008795 0.00001
0.89435 0.00001 0.10563 0.00001
0.950077 0.00001 0.049903 0.00001
0.837473 0.00001 0.162507 0.00001
0.804749 0.00001 0.195231 0.00001
0.961148 0.00001 0.038832 0.00001
0.904275 0.00001 0.095705 0.00001
0.866517 0.00001 0.133463 0.00001
0.962708 0.00001 0.037272 0.00001
0.868103 0.00001 0.131877 0.00001
0.828313 0.00001 0.171667 0.00001
0.87304 0.00001 0.12694 0.00001
0.896862 0.00001 0.103118 0.00001
0.866815 0.00001 0.133165 0.00001
0.941569 0.00001 0.058411 0.00001
0.865872 0.00001 0.134108 0.00001
0.777974 0.00001 0.222006 0.00001
0.99997 0.00001 0.00001 0.00001
0.760497 0.00001 0.239483 0.00001
0.924155 0.00001 0.075825 0.00001
0.86521 0.00001 0.13477 0.00001
0.827226 0.00001 0.172754 0.00001
0.868433 0.00001 0.131547 0.00001
0.826125 0.00001 0.173855 0.00001
0.792922 0.00001 0.207058 0.00001
0.803735 0.00001 0.196245 0.00001
