0.00001 0.99997 0.00001 0.00001
0.00001 0.99997 0.00001 0.00001
0.00001 0.99997 0.00001 0.00001
0.00001 0.99997 0.00001 0.00001
0.00001 0.99997 0.00001 0.00001
0.00001 0.99997 0.00001 0.00001
0.310325 0.689655 0.00001 0.00001
0.00001 0.99997 0.00001 0.00001
0.00001 0.99997 0.00001 0.00001
0.00001 0.99997 0.00001 0.00001
0.00001 0.99997 0.00001 0.00001
0.00001 0.99997 0.00001 0.00001
0.00001 0.99997 0.00001 0.00001
0.461135 0.511687 0.00001 0.027168
0.00001 0.99997 0.00001 0.00001
0.00001 0.99997 0.00001 0.00001
0.00001 0.99997 0.00001 0.00001
0.00001 0.99997 0.00001 0.00001
0.00001 0.99997 0.00001 0.00001
0.431976 0.568004 0.00001 0.00001
0.00001 0.99997 0.00001 0.00001
0.479076 0.520904 0.00001 0.00001
0.99997 0.00001 0.00001 0.00001
0.976437 0.00001 0.00001 0.023543
0.702862 0.297118 0.00001 0.00001
0.785382 0.214598 0.00001 0.00001
0.746226 0.228056 0.00001 0.025708
0.741851 0.258129 0.00001 0.00001
0.734374 0.265606 0.00001 0.00001
0.615755 0.384225 0.00001 0.00001
0.703369 0.296611 0.00001 0.00001
0.700453 0.298065 0.001472 0.00001
0.625141 0.352561 0.00001 0.022288
0.762956 0.237024 0.00001 0.00001
0.898395 0.101585 0.00001 0.00001
0.99997 0.00001 0.00001 0.00001
0.792788 0.207192 0.00001 0.00001
0.729766 0.270214 0.00001 0.00001
0.652793 0.347187 0.00001 0.00001
0.874414 0.125566 0.00001 0.00001
0.860872 0.139108 0.00001 0.00001
0.99997 0.00001 0.00001 0.00001
0.773589 0.209585 0.00001 0.016816
0.692487 0.259127 0.00001 0.048376
0.6717 0.32828 0.00001 0.00001
0.775244 0.224736 0.00001 0.00001
0.878453 0.121527 0.00001 0.00001
0.696618 0.303355 0.000018 0.00001
0.795872 0.204108 0.00001 0.00001
0.620373 0.364746 0.00001 0.014871
0.658442 0.341538 0.00001 0.00001
0.74702 0.248046 0.00001 0.004924
0.99997 0.00001 0.00001 0.00001
0.85644 0.14354 0.00001 0.00001
0.991596 0.00001 0.00001 0.008384
0.802087 0.197893 0.00001 0.00001
0.596861 0.386984 0.00001 0.016145
0.899184 0.100796 0.00001 0.00001
0.732354 0.267626 0.00001 0.00001
0.691276 0.284269 0.00001 0.024445
0.99997 0.00001 0.00001 0.00001
0.750766 0.249214 0.00001 0.00001
0.759233 0.240747 0.00001 0.00001
0.68456 0.30493 0.00001 0.0105
0.51097 0.48901 0.00001 0.00001
0.736712 0.263268 0.00001 0.00001
0.825733 0.174247 0.00001 0.00001
0.718352 0.281628 0.00001 0.00001
0.734857 0.261141 0.003992 0.00001
0.775507 0.224473 0.00001 0.00001
0.68603 0.31395 0.00001 0.00001
0.703188 0.290946 0.00001 0.005856
0.794457 0.205523 0.00001 0.00001
0.739043 0.260935 0.000012 0.00001
0.662389 0.337591 0.00001 0.00001
0.69718 0.298817 0.00001 0.003993
0.756951 0.243029 0.00001 0.00001
0.636269 0.363711 0.00001 0.00001
0.697583 0.294344 0.00001 0.008063
0.750462 0.249518 0.00001 0.00001
0.582052 0.34074 0.00001 0.077199
0.784615 0.215365 0.00001 0.00001
0.99997 0.00001 0.00001 0.00001
0.612697 0.387283 0.00001 0.00001
0.798491 0.201489 0.00001 0.00001
0.715707 0.280972 0.00001 0.003311
0.833821 0.166159 0.00001 0.00001
0.832444 0.167536 0.00001 0.00001
0.708892 0.288541 0.00001 0.002557
0.611911 0.388069 0.00001 0.00001
0.774436 0.225544 0.00001 0.00001
0.766918 0.220464 0.00001 0.012608
0.575815 0.422762 0.001414 0.00001
0.99997 0.00001 0.00001 0.00001
0.609754 0.390226 0.00001 0.00001
0.999969 0.00001 0.000011 0.00001
0.830181 0.169302 0.000507 0.00001
0.847962 0.152018 0.00001 0.00001
0.649821 0.350159 0.00001 0.00001
0.99997 0.00001 0.00001 0.00001
0.712887 0.287093 0.00001 0.00001
0.677825 0.322155 0.00001 0.00001
0.838109 0.161871 0.00001 0.00001
0.717631 0.282349 0.00001 0.00001
0.798024 0.199776 0.00001 0.00219
0.897617 0.102363 0.00001 0.00001
0.814534 0.185446 0.00001 0.00001
0.683792 0.316188 0.00001 0.00001
0.698601 0.300682 0.00001 0.000707
0.99997 0.00001 0.00001 0.00001
0.99997 0.00001 0.00001 0.00001
0.80494 0.19504 0.00001 0.00001
0.670836 0.329144 0.00001 0.00001
0.751112 0.248868 0.00001 0.00001
0.731073 0.268907 0.00001 0.00001
0.899026 0.100954 0.00001 0.00001
0.760853 0.239127 0.00001 0.00001
0.763112 0.236868 0.00001 0.00001
0.60685 0.39313 0.00001 0.00001
0.641296 0.354924 0.00001 0.00377
0.660511 0.339469 0.00001 0.00001
0.858457 0.141523 0.00001 0.00001
0.783436 0.216544 0.00001 0.00001
0.78065 0.21933 0.00001 0.00001
0.72867 0.27131 0.00001 0.00001
0.974596 0.021553 0.003841 0.00001
0.99997 0.00001 0.00001 0.00001
0.865027 0.134953 0.00001 0.00001
0.99997 0.00001 0.00001 0.00001
0.778769 0.221211 0.00001 0.00001
0.747161 0.224578 0.00001 0.028251
0.343084 0.16705 0.098645 0.391221
0.353339 0.175137 0.088846 0.382678
0.54714 0.064858 0.138499 0.249503
0.61927 0.13951 0.079672 0.161548
0.702621 0.066154 0.045662 0.185563
0.596699 0.161476 0.044896 0.19693
0.162511 0.037937 0.273528 0.526025
0.330704 0.135901 0.084645 0.448749
0.193806 0.156245 0.170773 0.479175
0.545414 0.174941 0.101544 0.178101
0.626103 0.174355 0.00915 0.190392
0.101598 0.00001 0.324737 0.573655
0.191423 0.112128 0.056219 0.64023
0.118113 0.102196 0.286627 0.493064
0.141604 0.059626 0.129233 0.669536
0.639777 0.104962 0.078552 0.176709
0.560441 0.214227 0.054414 0.170918
0.544045 0.103623 0.11488 0.237452
0.504203 0.222074 0.00001 0.273713
0.585127 0.194464 0.00001 0.220399
0.618541 0.187736 0.00001 0.193713
0.55796 0.329525 0.00001 0.112505
0.636429 0.00001 0.159795 0.203766
0.5905 0.110488 0.038095 0.260917
0.614091 0.02873 0.00001 0.357168
0.473968 0.25838 0.20735 0.060301
0.654512 0.176454 0.050244 0.118791
0.517108 0.248474 0.032341 0.202077
0.615094 0.199973 0.00001 0.184923
0.59436 0.204115 0.09429 0.107234
0.504395 0.177001 0.068619 0.249985
0.651429 0.178124 0.073312 0.097136
0.630807 0.173419 0.06447 0.131303
0.58878 0.193446 0.167259 0.050515
0.551342 0.236004 0.069166 0.143488
0.558824 0.184736 0.039602 0.216838
0.514582 0.28171 0.00001 0.203698
0.674725 0.126575 0.049992 0.148708
0.582948 0.197923 0.00001 0.219119
0.673238 0.121207 0.060599 0.144956
0.470592 0.073188 0.00001 0.45621
0.593743 0.138836 0.069709 0.197712
0.608461 0.217093 0.066096 0.10835
0.636381 0.280869 0.082739 0.00001
0.00001 0.00001 0.130407 0.869573
0.004568 0.00001 0.181201 0.814221
0.00001 0.00001 0.093755 0.906225
0.00001 0.00001 0.00001 0.99997
0.00001 0.00001 0.108973 0.891007
0.00001 0.00001 0.136256 0.863724
0.00001 0.00001 0.094403 0.905577
0.00001 0.00001 0.130997 0.868983
0.000017 0.00001 0.172768 0.827205
0.00001 0.00001 0.243807 0.756173
0.00001 0.00001 0.00001 0.99997
0.00001 0.00001 0.054087 0.945893
0.00001 0.00001 0.113932 0.886048
0.00001 0.00001 0.079515 0.920465
0.00001 0.00001 0.00001 0.99997
0.00001 0.00001 0.040048 0.959932
0.00001 0.00001 0.125077 0.874903
0.000015 0.00001 0.107814 0.892161
0.00001 0.023605 0.189988 0.786397
0.00001 0.00001 0.178546 0.821434
0.00001 0.00001 0.080073 0.919907
0.00001 0.00001 0.087582 0.912398
0.00001 0.00001 0.205789 0.794191
0.00001 0.00001 0.242119 0.757861
0.00001 0.00001 0.125705 0.874275
0.00001 0.00001 0.128502 0.871478
0.00001 0.00001 0.156593 0.843387
0.00001 0.00001 0.226652 0.773328
0.000016 0.00001 0.112274 0.8877
0.00001 0.00001 0.182174 0.817806
0.00001 0.00001 0.087485 0.912495
0.005201 0.00001 0.119171 0.875617
0.00001 0.00001 0.108935 0.891045
0.00001 0.00001 0.186505 0.813475
0.00001 0.00001 0.058246 0.941734
0.00001 0.00001 0.190342 0.809638
0.00001 0.00001 0.023597 0.976383
0.00001 0.00001 0.015193 0.984787
0.00001 0.00001 0.058002 0.941978
0.00001 0.00001 0.102398 0.897582
0.00001 0.00001 0.230255 0.769725
0.00001 0.00001 0.192504 0.807476
0.041124 0.00001 0.00001 0.958856
0.031409 0.00001 0.00001 0.968571
0.00001 0.00001 0.298057 0.701923
0.00001 0.00001 0.081244 0.918736
0.014537 0.00001 0.220633 0.764819
0.030725 0.00001 0.035477 0.933788
0.00001 0.00001 0.227805 0.772175
0.00001 0.00001 0.258942 0.741038
0.00001 0.00001 0.131159 0.868821
0.00001 0.00001 0.139267 0.860713
0.00001 0.00001 0.043126 0.956854
0.00001 0.00001 0.07723 0.92275
0.00001 0.00001 0.094327 0.905653
0.00001 0.00001 0.125727 0.874253
0.00001 0.00001 0.078861 0.921119
0.00001 0.00001 0.165164 0.834816
0.003019 0.00001 0.130879 0.866092
0.00001 0.00001 0.242473 0.757507
0.02341 0.00001 0.034117 0.942463
0.0245 0.00001 0.00001 0.97548
0.00001 0.009403 0.078469 0.912118
0.00001 0.003307 0.00001 0.996673
0.00001 0.00001 0.00001 0.99997
0.00001 0.00001 0.00001 0.99997
0.00001 0.00001 0.233716 0.766264
0.00001 0.006419 0.118029 0.875542
0.00001 0.00001 0.141721 0.858259
0.00001 0.00001 0.170062 0.829918
0.003632 0.00001 0.168103 0.828255
0.00001 0.00001 0.025761 0.974219
0.00001 0.00001 0.075339 0.924641
0.00001 0.00001 0.121287 0.878693
0.00001 0.00001 0.019025 0.980955
0.002378 0.00001 0.076399 0.921213
0.00001 0.00001 0.071688 0.928292
0.00001 0.00001 0.119183 0.880797
0.00001 0.00001 0.141146 0.858834
0.00001 0.00001 0.044005 0.955975
0.00001 0.00001 0.00001 0.99997
0.00001 0.00001 0.025459 0.974521
0.00001 0.00001 0.136023 0.863957
0.00001 0.00001 0.212062 0.787918
0.00001 0.00001 0.152819 0.847161
0.00001 0.00001 0.149082 0.850898
0.00001 0.00001 0.13479 0.86519
0.00001 0.00001 0.174663 0.825317
0.00001 0.00001 0.160912 0.839068
0.00001 0.00001 0.058533 0.941447
0.00001 0.00001 0.175704 0.824276
0.00001 0.00001 0.181575 0.818405
0.00001 0.00001 0.301232 0.698748
0.00001 0.00001 0.314822 0.685158
0.00001 0.00001 0.298219 0.701761
0.00001 0.00001 0.251244 0.748736
0.00001 0.00001 0.131919 0.868061
0.00001 0.00001 0.197356 0.802624
0.00001 0.00001 0.325657 0.674323
0.00001 0.00001 0.303755 0.696225
0.00001 0.00001 0.318314 0.681666
0.00001 0.00001 0.00001 0.99997
0.00001 0.00001 0.00001 0.99997
0.00001 0.00001 0.153694 0.846286
0.00001 0.00001 0.198872 0.801108
0.00001 0.00001 0.00001 0.99997
0.00001 0.01012 0.120171 0.869699
0.00001 0.00001 0.716578 0.283402
0.00001 0.00001 0.466382 0.533598
0.00001 0.00001 0.468421 0.531559
0.00001 0.00001 0.702281 0.297699
0.00001 0.00001 0.665651 0.334329
0.00001 0.00001 0.428597 0.571383
0.00001 0.00001 0.499364 0.500616
0.00001 0.00001 0.636157 0.363823
0.00001 0.00001 0.767376 0.232604
0.00001 0.00001 0.300338 0.699642
0.00001 0.00001 0.420538 0.579442
0.00001 0.00001 0.641072 0.358908
0.00001 0.00001 0.652069 0.347911
0.00001 0.00001 0.317633 0.682347
0.00001 0.00001 0.565962 0.434018
0.00001 0.00001 0.548367 0.451613
0.00001 0.00001 0.635843 0.364137
0.00001 0.00001 0.639572 0.360408
0.00001 0.00001 0.645553 0.354427
0.000015 0.00001 0.475543 0.524432
0.00001 0.00001 0.312247 0.687733
0.00001 0.00001 0.692949 0.307031
0.00001 0.00001 0.710271 0.289709
0.00001 0.00001 0.708632 0.291348
0.00001 0.00001 0.390891 0.609089
0.00001 0.00001 0.583253 0.416727
0.00001 0.00001 0.478891 0.521089
0.00001 0.00001 0.519457 0.480523
0.00001 0.00001 0.99997 0.00001
0.00001 0.00001 0.969182 0.030798
0.00001 0.00001 0.99997 0.00001
0.00001 0.00001 0.99997 0.00001
0.00001 0.00001 0.99997 0.00001
0.00001 0.00001 0.99997 0.00001
0.00001 0.00001 0.971987 0.027993
0.00001 0.00001 0.942594 0.057386
0.00001 0.00001 0.99997 0.00001
0.00001 0.00001 0.99997 0.00001
0.00001 0.00001 0.99997 0.00001
0.00001 0.00001 0.99997 0.00001
0.00001 0.00001 0.99997 0.00001
0.00001 0.00001 0.99997 0.00001
0.00001 0.00001 0.99997 0.00001
0.00001 0.00001 0.99997 0.00001
0.00001 0.00001 0.938306 0.061674
0.00001 0.00001 0.948442 0.051538
0.00001 0.00001 0.99997 0.00001
0.00001 0.00001 0.99997 0.00001
0.00001 0.00001 0.99997 0.00001
0.00001 0.00001 0.99997 0.00001
0.00001 0.00001 0.89188 0.1081
0.00001 0.00001 0.99997 0.00001
0.00001 0.00001 0.99997 0.00001
0.00001 0.00001 0.804219 0.195761
0.00001 0.00001 0.718529 0.281451
0.00001 0.00001 0.850572 0.149408
0.00001 0.00001 0.943905 0.056075
0.00001 0.00001 0.768112 0.231868
0.00001 0.00001 0.730195 0.269785
0.00001 0.00001 0.856203 0.143777
0.00001 0.00001 0.744142 0.255838
0.00001 0.00001 0.951322 0.048658
0.00001 0.00001 0.817526 0.182454
0.00001 0.00001 0.814336 0.185644
0.00001 0.00001 0.835697 0.164283
0.00001 0.00001 0.919502 0.080478
0.00001 0.00001 0.829533 0.170447
0.00001 0.00001 0.795216 0.204764
0.00001 0.00001 0.778307 0.221673
0.00001 0.00001 0.832241 0.167739
0.00001 0.00001 0.800684 0.199296
0.00001 0.00001 0.85812 0.14186
0.00001 0.00001 0.742013 0.257967
0.00001 0.00001 0.825277 0.174703
0.00001 0.00001 0.842185 0.157795
0.00001 0.00001 0.80384 0.19614
0.00001 0.00001 0.943308 0.056672
0.00001 0.00001 0.81781 0.18217
0.00001 0.00001 0.798771 0.201209
0.00001 0.00001 0.7757 0.22428
0.00001 0.00001 0.862095 0.137885
0.00001 0.00001 0.901589 0.098391
0.00001 0.00001 0.931909 0.068071
0.00001 0.00001 0.810374 0.189606
0.00001 0.00001 0.826161 0.173819
0.00001 0.00001 0.845934 0.154046
0.00001 0.00001 0.967624 0.032356
0.00001 0.00001 0.831794 0.168186
0.00001 0.00001 0.99997 0.00001
0.00001 0.00001 0.889408 0.110572
0.00001 0.00001 0.99997 0.00001
0.00001 0.00001 0.991465 0.008515
0.00001 0.00001 0.8946 0.10538
0.00001 0.00001 0.950601 0.049379
0.00001 0.00001 0.837801 0.162179
0.00001 0.00001 0.805043 0.194937
0.00001 0.00001 0.961478 0.038502
0.00001 0.00001 0.904562 0.095418
0.00001 0.00001 0.866784 0.133196
0.00001 0.00001 0.963183 0.036797
0.00001 0.00001 0.86836 0.13162
0.00001 0.00001 0.828542 0.171438
0.00001 0.00001 0.873367 0.126613
0.00001 0.00001 0.8972 0.10278
0.00001 0.00001 0.867058 0.132922
0.00001 0.00001 0.94168 0.0583
0.00001 0.00001 0.86622 0.13376
0.00001 0.00001 0.77802 0.22196
0.00001 0.00001 0.99997 0.00001
0.00001 0.00001 0.760523 0.239457
0.00001 0.00001 0.924478 0.075502
0.00001 0.00001 0.865581 0.134399
0.00001 0.00001 0.827519 0.172461
0.00001 0.00001 0.868659 0.131321
0.00001 0.00001 0.826442 0.173538
0.00001 0.00001 0.793321 0.206659
0.00001 0.00001 0.80408 0.1959
