0.00001 0.99997 0.00001 0.00001
0.00001 0.99997 0.00001 0.00001
0.00001 0.99997 0.00001 0.00001
0.00001 0.99997 0.00001 0.00001
0.00001 0.99997 0.00001 0.00001
0.00001 0.99997 0.00001 0.00001
0.00001 0.649378 0.350602 0.00001
0.00001 0.6735 0.32648 0.00001
0.00001 0.99997 0.00001 0.00001
0.00001 0.99997 0.00001 0.00001
0.00001 0.99997 0.00001 0.00001
0.00001 0.99997 0.00001 0.00001
0.00001 0.717959 0.282021 0.00001
0.027068 0.484872 0.48805 0.00001
0.00001 0.99997 0.00001 0.00001
0.00001 0.99997 0.00001 0.00001
0.00001 0.99997 0.00001 0.00001
0.00001 0.99997 0.00001 0.00001
0.00001 0.99997 0.00001 0.00001
0.00001 0.537486 0.462494 0.00001
0.00001 0.99997 0.00001 0.00001
0.00001 0.503552 0.496428 0.00001
0.00001 0.00001 0.99997 0.00001
0.023909 0.00001 0.976071 0.00001
0.00001 0.271579 0.728401 0.00001
0.00001 0.181588 0.818392 0.00001
0.025612 0.207149 0.767228 0.00001
0.00001 0.24668 0.7533 0.00001
0.00001 0.232787 0.767193 0.00001
0.00001 0.37112 0.62886 0.00001
0.00001 0.273455 0.726525 0.00001
0.00001 0.269302 0.72931 0.001378
0.022412 0.31955 0.658029 0.00001
0.00001 0.215808 0.784172 0.00001
0.00001 0.080697 0.919283 0.00001
0.00001 0.00001 0.99997 0.00001
0.00001 0.190166 0.809814 0.00001
0.00001 0.259541 0.740439 0.00001
0.00001 0.298512 0.701468 0.00001
0.00001 0.104473 0.895507 0.00001
0.00001 0.114934 0.885046 0.00001
0.00001 0.00001 0.99997 0.00001
0.016948 0.194271 0.788772 0.00001
0.048395 0.240588 0.711007 0.00001
0.00001 0.307151 0.692829 0.00001
0.00001 0.201503 0.798477 0.00001
0.00001 0.119304 0.880676 0.00001
0.00001 0.273164 0.726816 0.00001
0.00001 0.178959 0.821021 0.00001
0.014855 0.338529 0.646606 0.00001
0.00001 0.311105 0.688875 0.00001
0.004861 0.220816 0.774313 0.00001
0.00001 0.00001 0.99997 0.00001
0.00001 0.14362 0.85636 0.00001
0.008484 0.00001 0.991496 0.00001
0.00001 0.196258 0.803722 0.00001
0.01585 0.379948 0.604192 0.00001
0.00001 0.072769 0.927211 0.00001
0.00001 0.236939 0.763041 0.00001
0.024205 0.253877 0.721908 0.00001
0.00001 0.00001 0.99997 0.00001
0.00001 0.235273 0.764707 0.00001
0.00001 0.217949 0.782031 0.00001
0.010452 0.281951 0.707587 0.00001
0.00001 0.469774 0.530206 0.00001
0.00001 0.245926 0.754054 0.00001
0.00001 0.163117 0.836863 0.00001
0.00001 0.26054 0.73944 0.00001
0.00001 0.247285 0.748689 0.004016
0.00001 0.197215 0.802765 0.00001
0.00001 0.307389 0.692591 0.00001
0.005908 0.271393 0.722689 0.00001
0.00001 0.186488 0.813492 0.00001
0.00001 0.247367 0.752613 0.00001
0.00001 0.323597 0.676383 0.00001
0.004052 0.28426 0.711678 0.00001
0.00001 0.226959 0.773021 0.00001
0.00001 0.344418 0.655562 0.00001
0.007945 0.272294 0.719751 0.00001
0.00001 0.229904 0.770076 0.00001
0.077206 0.322252 0.600532 0.00001
0.00001 0.202513 0.797467 0.00001
0.00001 0.035059 0.964921 0.00001
0.00001 0.371719 0.628261 0.00001
0.00001 0.184716 0.815264 0.00001
0.003374 0.26445 0.732166 0.00001
0.00001 0.138857 0.861123 0.00001
0.00001 0.150219 0.849761 0.00001
0.002538 0.269657 0.727795 0.00001
0.00001 0.360855 0.639125 0.00001
0.00001 0.211398 0.788582 0.00001
0.012666 0.204457 0.782868 0.00001
0.00001 0.392892 0.605426 0.001672
0.00001 0.00001 0.99997 0.00001
0.00001 0.372625 0.627355 0.00001
0.00001 0.00001 0.99997 0.00001
0.00001 0.155903 0.843496 0.000591
0.00001 0.142027 0.857953 0.00001
0.00001 0.330483 0.669497 0.00001
0.00001 0.00001 0.99997 0.00001
0.00001 0.269808 0.730172 0.00001
0.00001 0.311465 0.688515 0.00001
0.00001 0.137854 0.862126 0.00001
0.00001 0.255197 0.744783 0.00001
0.002175 0.177292 0.820523 0.00001
0.00001 0.104404 0.895576 0.00001
0.00001 0.167255 0.832725 0.00001
0.00001 0.304221 0.695759 0.00001
0.000752 0.285395 0.713842 0.00001
0.00001 0.00001 0.99997 0.00001
0.00001 0.00001 0.99997 0.00001
0.00001 0.184438 0.815542 0.00001
0.00001 0.306923 0.693057 0.00001
0.00001 0.230784 0.769196 0.00001
0.00001 0.243001 0.756979 0.00001
0.00001 0.085241 0.914739 0.00001
0.00001 0.206599 0.793381 0.00001
0.00001 0.212979 0.787001 0.00001
0.00001 0.362353 0.637627 0.00001
0.003708 0.327661 0.668622 0.00001
0.000016 0.326927 0.673046 0.00001
0.00001 0.120079 0.879901 0.00001
0.00001 0.204436 0.795544 0.00001
0.00001 0.201421 0.798559 0.00001
0.00001 0.247422 0.752558 0.00001
0.00001 0.038843 0.9566 0.004547
0.00001 0.00001 0.99997 0.00001
0.00001 0.129905 0.870075 0.00001
0.00001 0.00001 0.99997 0.00001
0.00001 0.210598 0.789382 0.00001
0.028269 0.199923 0.771798 0.00001
0.390828 0.146452 0.363701 0.09902
0.382545 0.157545 0.370961 0.088949
0.250116 0.059316 0.552634 0.137934
0.161832 0.133144 0.625533 0.07949
0.185957 0.053614 0.715234 0.045195
0.197472 0.134622 0.623653 0.044253
0.526014 0.035999 0.164452 0.273535
0.448616 0.121444 0.345197 0.084743
0.478783 0.149059 0.200998 0.171159
0.178013 0.16038 0.560015 0.101591
0.191585 0.161911 0.638541 0.007962
0.573501 0.00001 0.101533 0.324956
0.640609 0.119714 0.183812 0.055865
0.493254 0.101626 0.118654 0.286466
0.669264 0.050568 0.150731 0.129436
0.177137 0.092842 0.651863 0.078158
0.171049 0.203573 0.571092 0.054286
0.237955 0.105978 0.54163 0.114437
0.273674 0.202288 0.524028 0.00001
0.220451 0.193434 0.586105 0.00001
0.193696 0.179394 0.6269 0.00001
0.112514 0.305911 0.581565 0.00001
0.203758 0.00001 0.636375 0.159857
0.260989 0.102711 0.598232 0.038068
0.35708 0.030008 0.612902 0.00001
0.060303 0.243296 0.489038 0.207363
0.118841 0.160069 0.670874 0.050215
0.20218 0.233691 0.53188 0.032249
0.184902 0.185113 0.629976 0.00001
0.108117 0.205608 0.592765 0.093511
0.249742 0.156167 0.525328 0.068762
0.097801 0.167848 0.661698 0.072652
0.131492 0.158387 0.645852 0.064268
0.050861 0.177643 0.604559 0.166937
0.143584 0.228218 0.559105 0.069092
0.21682 0.170532 0.572999 0.039649
0.203735 0.257786 0.538469 0.00001
0.148384 0.094349 0.707051 0.050216
0.219121 0.182231 0.598638 0.00001
0.145046 0.110521 0.683906 0.060527
0.45614 0.064557 0.479293 0.00001
0.197314 0.128331 0.604278 0.070077
0.10834 0.215326 0.610142 0.066192
0.00001 0.253091 0.664197 0.082701
0.869413 0.00001 0.00001 0.130567
0.814455 0.00001 0.004511 0.181024
0.906184 0.00001 0.00001 0.093796
0.99997 0.00001 0.00001 0.00001
0.890874 0.00001 0.00001 0.109106
0.863516 0.00001 0.00001 0.136464
0.90554 0.00001 0.00001 0.09444
0.868835 0.00001 0.00001 0.131145
0.8271 0.00001 0.00001 0.17288
0.756192 0.00001 0.00001 0.243788
0.99997 0.00001 0.00001 0.00001
0.945676 0.00001 0.00001 0.054304
0.886045 0.00001 0.00001 0.113935
0.920356 0.00001 0.00001 0.079624
0.99997 0.00001 0.00001 0.00001
0.959892 0.00001 0.00001 0.040088
0.874885 0.00001 0.00001 0.125095
0.892001 0.00001 0.00001 0.107979
0.785863 0.023929 0.00001 0.190198
0.82152 0.00001 0.00001 0.17846
0.919869 0.00001 0.00001 0.080111
0.91234 0.00001 0.00001 0.08764
0.79432 0.00001 0.00001 0.20566
0.757781 0.00001 0.00001 0.242199
0.874308 0.00001 0.00001 0.125672
0.871488 0.00001 0.00001 0.128492
0.843272 0.00001 0.00001 0.156708
0.773209 0.00001 0.00001 0.226771
0.887729 0.00001 0.00001 0.112251
0.817666 0.00001 0.00001 0.182314
0.91252 0.00001 0.00001 0.08746
0.875691 0.00001 0.005159 0.119141
0.890895 0.00001 0.00001 0.109085
0.813465 0.00001 0.00001 0.186515
0.941722 0.00001 0.00001 0.058258
0.809605 0.00001 0.00001 0.190375
0.976191 0.00001 0.00001 0.023789
0.984686 0.00001 0.00001 0.015294
0.941795 0.00001 0.00001 0.058185
0.897464 0.00001 0.00001 0.102516
0.769655 0.00001 0.00001 0.230325
0.807383 0.00001 0.00001 0.192597
0.958991 0.00001 0.040989 0.00001
0.968526 0.00001 0.031454 0.00001
0.701891 0.00001 0.00001 0.298089
0.918715 0.00001 0.00001 0.081265
0.76547 0.00001 0.014223 0.220297
0.933853 0.00001 0.030684 0.035454
0.771864 0.00001 0.00001 0.228116
0.741068 0.00001 0.00001 0.258912
0.868936 0.00001 0.00001 0.131044
0.860687 0.00001 0.00001 0.139293
0.956758 0.00001 0.00001 0.043222
0.922789 0.00001 0.00001 0.077191
0.905614 0.00001 0.00001 0.094366
0.874239 0.00001 0.00001 0.125741
0.920967 0.00001 0.00001 0.079013
0.835009 0.00001 0.00001 0.164971
0.867094 0.00001 0.002623 0.130272
0.757367 0.00001 0.00001 0.242613
0.942831 0.00001 0.023284 0.033874
0.97536 0.00001 0.02462 0.00001
0.910685 0.010051 0.00001 0.079254
0.996613 0.003367 0.00001 0.00001
0.99997 0.00001 0.00001 0.00001
0.99997 0.00001 0.00001 0.00001
0.766121 0.00001 0.00001 0.233859
0.876109 0.006101 0.00001 0.11778
0.858341 0.00001 0.00001 0.141639
0.830073 0.00001 0.00001 0.169907
0.828357 0.00001 0.003595 0.168038
0.974193 0.00001 0.00001 0.025787
0.92444 0.00001 0.00001 0.07554
0.878574 0.00001 0.00001 0.121406
0.980883 0.00001 0.00001 0.019097
0.92174 0.00001 0.002121 0.076129
0.928075 0.00001 0.00001 0.071905
0.88076 0.00001 0.00001 0.11922
0.858819 0.00001 0.00001 0.141161
0.955915 0.00001 0.00001 0.044065
0.99997 0.00001 0.00001 0.00001
0.974511 0.00001 0.00001 0.025469
0.864029 0.00001 0.00001 0.135951
0.787814 0.00001 0.00001 0.212166
0.846979 0.00001 0.00001 0.153001
0.850707 0.00001 0.00001 0.149273
0.865081 0.00001 0.00001 0.134899
0.82514 0.00001 0.00001 0.17484
0.839152 0.00001 0.00001 0.160828
0.941278 0.00001 0.00001 0.058702
0.82427 0.00001 0.00001 0.17571
0.818314 0.00001 0.00001 0.181666
0.698548 0.00001 0.00001 0.301432
0.685087 0.00001 0.00001 0.314893
0.701773 0.00001 0.00001 0.298207
0.748774 0.00001 0.00001 0.251206
0.868004 0.00001 0.00001 0.131976
0.802475 0.00001 0.00001 0.197505
0.674369 0.00001 0.00001 0.325611
0.696249 0.00001 0.00001 0.303731
0.681557 0.00001 0.00001 0.318423
0.99997 0.00001 0.00001 0.00001
0.99997 0.00001 0.00001 0.00001
0.846168 0.00001 0.00001 0.153812
0.801033 0.00001 0.00001 0.198947
0.99997 0.00001 0.00001 0.00001
0.867438 0.011085 0.00001 0.121467
0.28351 0.00001 0.00001 0.71647
0.533653 0.00001 0.00001 0.466327
0.531566 0.00001 0.00001 0.468414
0.297577 0.00001 0.00001 0.702403
0.334438 0.00001 0.00001 0.665542
0.571492 0.00001 0.00001 0.428488
0.500757 0.00001 0.00001 0.499223
0.363921 0.00001 0.00001 0.636059
0.232649 0.00001 0.00001 0.767331
0.699676 0.00001 0.00001 0.300304
0.579614 0.00001 0.00001 0.420366
0.358815 0.00001 0.00001 0.641165
0.347954 0.00001 0.00001 0.652026
0.682383 0.00001 0.00001 0.317597
0.434084 0.00001 0.00001 0.565896
0.451695 0.00001 0.00001 0.548285
0.364279 0.00001 0.00001 0.635701
0.360413 0.00001 0.00001 0.639567
0.354446 0.00001 0.00001 0.645534
0.524491 0.00001 0.00001 0.475489
0.687695 0.00001 0.00001 0.312285
0.307098 0.00001 0.00001 0.692882
0.289809 0.00001 0.00001 0.710171
0.291363 0.00001 0.00001 0.708617
0.609043 0.00001 0.00001 0.390937
0.416717 0.00001 0.00001 0.583263
0.521153 0.00001 0.00001 0.478827
0.480649 0.00001 0.00001 0.519331
0.00001 0.00001 0.00001 0.99997
0.031087 0.00001 0.00001 0.968893
0.00001 0.00001 0.00001 0.99997
0.00001 0.00001 0.00001 0.99997
0.00001 0.00001 0.00001 0.99997
0.00001 0.00001 0.00001 0.99997
0.028053 0.00001 0.00001 0.971927
0.057434 0.00001 0.00001 0.942546
0.00001 0.00001 0.00001 0.99997
0.00001 0.00001 0.00001 0.99997
0.00001 0.00001 0.00001 0.99997
0.00001 0.00001 0.00001 0.99997
0.00001 0.00001 0.00001 0.99997
0.00001 0.00001 0.00001 0.99997
0.00001 0.00001 0.00001 0.99997
0.00001 0.00001 0.00001 0.99997
0.061456 0.00001 0.00001 0.938524
0.051654 0.00001 0.00001 0.948326
0.00001 0.00001 0.00001 0.99997
0.00001 0.00001 0.00001 0.99997
0.00001 0.00001 0.00001 0.99997
0.00001 0.00001 0.00001 0.99997
0.108202 0.00001 0.00001 0.891778
0.00001 0.00001 0.00001 0.99997
0.00001 0.00001 0.00001 0.99997
0.195709 0.00001 0.00001 0.804271
0.281531 0.00001 0.00001 0.718449
0.149606 0.00001 0.00001 0.850374
0.05627 0.00001 0.00001 0.94371
0.231962 0.00001 0.00001 0.768018
0.270083 0.00001 0.00001 0.729897
0.143784 0.00001 0.00001 0.856196
0.255971 0.00001 0.00001 0.744009
0.048649 0.00001 0.00001 0.951331
0.182353 0.00001 0.00001 0.817627
0.18572 0.00001 0.00001 0.81426
0.164332 0.00001 0.00001 0.835648
0.080569 0.00001 0.00001 0.919411
0.170593 0.00001 0.00001 0.829387
0.204964 0.00001 0.00001 0.795016
0.22185 0.00001 0.00001 0.77813
0.167767 0.00001 0.00001 0.832213
0.199257 0.00001 0.00001 0.800723
0.141951 0.00001 0.00001 0.858029
0.257997 0.00001 0.00001 0.741983
0.174747 0.00001 0.00001 0.825233
0.157831 0.00001 0.00001 0.842149
0.196059 0.00001 0.00001 0.803921
0.05681 0.00001 0.00001 0.94317
0.182409 0.00001 0.00001 0.817571
0.201357 0.00001 0.00001 0.798623
0.224384 0.00001 0.00001 0.775596
0.137976 0.00001 0.00001 0.862004
0.098592 0.00001 0.00001 0.901388
0.06821 0.00001 0.00001 0.93177
0.189614 0.00001 0.00001 0.810366
0.17365 0.00001 0.00001 0.82633
0.1541 0.00001 0.00001 0.84588
0.032405 0.00001 0.00001 0.967575
0.168428 0.00001 0.00001 0.831552
0.00001 0.00001 0.00001 0.99997
0.110682 0.00001 0.00001 0.889298
0.00001 0.00001 0.00001 0.99997
0.008421 0.00001 0.00001 0.991559
0.105402 0.00001 0.00001 0.894578
0.049527 0.00001 0.00001 0.950453
0.16225 0.00001 0.00001 0.83773
0.195097 0.00001 0.00001 0.804883
0.03855 0.00001 0.00001 0.96143
0.09557 0.00001 0.00001 0.90441
0.133433 0.00001 0.00001 0.866547
0.036966 0.00001 0.00001 0.963014
0.131669 0.00001 0.00001 0.868311
0.171449 0.00001 0.00001 0.828531
0.126824 0.00001 0.00001 0.873156
0.103015 0.00001 0.00001 0.896965
0.133052 0.00001 0.00001 0.866928
0.058317 0.00001 0.00001 0.941663
0.133822 0.00001 0.00001 0.866158
0.222005 0.00001 0.00001 0.777975
0.00001 0.00001 0.00001 0.99997
0.23941 0.00001 0.00001 0.76057
0.075598 0.00001 0.00001 0.924382
0.134464 0.00001 0.00001 0.865516
0.172634 0.00001 0.00001 0.827346
0.131411 0.00001 0.00001 0.868569
0.17367 0.00001 0.00001 0.82631
0.206809 0.00001 0.00001 0.793171
0.196013 0.00001 0.00001 0.803967
