0.00001 0.00001 0.00001 0.00001 0.99996
0.00001 0.00001 0.00001 0.00001 0.99996
0.00001 0.00001 0.00001 0.00001 0.99996
0.00001 0.00001 0.00001 0.00001 0.99996
0.00001 0.00001 0.00001 0.00001 0.99996
0.00001 0.00001 0.00001 0.00001 0.99996
0.00001 0.00001 0.302799 0.00001 0.697171
0.00001 0.00001 0.00001 0.00001 0.99996
0.00001 0.00001 0.00001 0.00001 0.99996
0.00001 0.00001 0.00001 0.00001 0.99996
0.00001 0.00001 0.00001 0.00001 0.99996
0.00001 0.00001 0.00001 0.00001 0.99996
0.00001 0.00001 0.00001 0.00001 0.99996
0.00001 0.00001 0.450642 0.028673 0.520666
0.00001 0.00001 0.00001 0.00001 0.99996
0.00001 0.00001 0.00001 0.00001 0.99996
0.00001 0.00001 0.00001 0.00001 0.99996
0.00001 0.00001 0.00001 0.00001 0.99996
0.00001 0.00001 0.00001 0.00001 0.99996
0.00001 0.00001 0.428168 0.00001 0.571802
0.00001 0.00001 0.00001 0.00001 0.99996
0.00001 0.00001 0.469211 0.00001 0.530759
0.00001 0.00001 0.99996 0.00001 0.00001
0.00001 0.00001 0.974843 0.025127 0.00001
0.00001 0.00001 0.674118 0.00001 0.325852
0.00001 0.00001 0.765027 0.00001 0.234943
0.000013 0.00001 0.729835 0.028014 0.242128
0.00001 0.00001 0.735311 0.00001 0.264659
0.00001 0.00001 0.740593 0.001022 0.258365
0.00001 0.00001 0.600087 0.00001 0.399883
0.00001 0.00001 0.691387 0.00001 0.308583
0.02828 0.00001 0.672214 0.00001 0.299486
0.15854 0.00001 0.507825 0.00001 0.333615
0.00001 0.00001 0.762862 0.00001 0.237108
0.00001 0.00001 0.889575 0.00001 0.110395
0.00001 0.00001 0.99996 0.00001 0.00001
0.019059 0.00001 0.757372 0.00001 0.223549
0.00001 0.00001 0.717882 0.00001 0.282088
0.068677 0.00001 0.58026 0.00001 0.351043
0.00001 0.00001 0.86294 0.00001 0.13703
0.086968 0.00001 0.766766 0.00001 0.146246
0.00001 0.00001 0.99996 0.00001 0.00001
0.127666 0.00001 0.651255 0.00001 0.221059
0.226164 0.00001 0.540939 0.00001 0.232878
0.00001 0.00001 0.664281 0.00001 0.335689
0.00001 0.00001 0.754396 0.00001 0.245574
0.00001 0.00001 0.871422 0.00001 0.128548
0.00001 0.00001 0.691581 0.00001 0.308389
0.00001 0.00001 0.788714 0.00001 0.211256
0.09858 0.00001 0.538973 0.00001 0.362427
0.036064 0.00001 0.614963 0.00001 0.348953
0.00001 0.00001 0.738104 0.006959 0.254917
0.00001 0.00001 0.99996 0.00001 0.00001
0.00001 0.00001 0.848575 0.00001 0.151395
0.00001 0.00001 0.990299 0.009671 0.00001
0.00001 0.00001 0.79095 0.00001 0.20902
0.110015 0.00001 0.503719 0.00001 0.386246
0.053476 0.00001 0.831154 0.00001 0.11535
0.00001 0.00001 0.712404 0.00001 0.287566
0.101675 0.00001 0.613283 0.001506 0.283526
0.00001 0.00001 0.99996 0.00001 0.00001
0.00001 0.00001 0.747779 0.00001 0.252191
0.00001 0.00001 0.748576 0.00001 0.251394
0.00001 0.00001 0.672284 0.01142 0.316275
0.00001 0.00001 0.504523 0.00001 0.495447
0.00001 0.00001 0.730257 0.00001 0.269713
0.00001 0.00001 0.827902 0.00001 0.172068
0.040405 0.00001 0.663242 0.00001 0.296333
0.00001 0.006023 0.719376 0.00001 0.274581
0.00001 0.00001 0.782616 0.00001 0.217354
0.00001 0.00001 0.670837 0.00001 0.329133
0.054141 0.00001 0.644551 0.00001 0.301288
0.00001 0.00001 0.778288 0.00001 0.221682
0.00001 0.00001 0.720762 0.00001 0.279208
0.00001 0.00001 0.661067 0.00001 0.338903
0.057737 0.00001 0.635974 0.00001 0.306269
0.00001 0.00001 0.742252 0.00001 0.257718
0.00001 0.00001 0.606206 0.00001 0.393764
0.00001 0.00001 0.68572 0.009634 0.304626
0.00001 0.00001 0.737176 0.00001 0.262794
0.365844 0.00001 0.347127 0.00001 0.287009
0.00001 0.00001 0.76654 0.00001 0.23343
0.00001 0.00001 0.99996 0.00001 0.00001
0.00001 0.00001 0.612909 0.00001 0.387061
0.00001 0.00001 0.795555 0.00001 0.204415
0.00001 0.00001 0.709909 0.00541 0.284661
0.00001 0.00001 0.821653 0.00001 0.178317
0.00001 0.00001 0.816214 0.00001 0.183756
0.046053 0.00001 0.662303 0.00001 0.291624
0.075162 0.00001 0.558166 0.00001 0.366652
0.00001 0.00001 0.767145 0.00001 0.232825
0.047992 0.00001 0.724832 0.004384 0.222781
0.109057 0.00001 0.483874 0.00001 0.407048
0.00001 0.00001 0.99996 0.00001 0.00001
0.00001 0.00001 0.597196 0.00001 0.402774
0.00001 0.00001 0.99996 0.00001 0.00001
0.045765 0.00001 0.78437 0.00001 0.169845
0.00001 0.00001 0.82777 0.00001 0.1722
0.00001 0.00001 0.62799 0.00001 0.37198
0.00001 0.00001 0.99996 0.00001 0.00001
0.00001 0.00001 0.698902 0.00001 0.301068
0.00001 0.00001 0.664345 0.00001 0.335625
0.046398 0.00001 0.778416 0.00001 0.175167
0.065391 0.00001 0.640703 0.00001 0.293886
0.070639 0.00001 0.730879 0.00001 0.198462
0.00001 0.00001 0.913879 0.00001 0.086091
0.045507 0.00001 0.770103 0.00001 0.18437
0.00001 0.00001 0.66008 0.000797 0.339103
0.00001 0.00001 0.68725 0.002312 0.310417
0.00001 0.00001 0.99996 0.00001 0.00001
0.00001 0.00001 0.99996 0.00001 0.00001
0.003106 0.00001 0.782856 0.00001 0.214018
0.056317 0.00001 0.602572 0.00001 0.341091
0.00001 0.00001 0.735942 0.00001 0.264028
0.00001 0.00001 0.716709 0.00001 0.283261
0.00001 0.00001 0.861299 0.00001 0.138671
0.00001 0.00001 0.752029 0.00001 0.247941
0.00001 0.00001 0.738306 0.00001 0.261664
0.00001 0.00001 0.580381 0.00001 0.419589
0.00001 0.00001 0.62545 0.005174 0.369356
0.00001 0.00001 0.652195 0.00001 0.347775
0.00001 0.00001 0.843124 0.00001 0.156846
0.00001 0.00001 0.768132 0.00001 0.231838
0.00001 0.00001 0.765773 0.00001 0.234197
0.00001 0.00001 0.710904 0.00001 0.289066
0.00001 0.004067 0.995903 0.00001 0.00001
0.010989 0.00001 0.988981 0.00001 0.00001
0.00001 0.00001 0.838102 0.00001 0.161868
0.00001 0.00001 0.998116 0.001854 0.00001
0.00001 0.00001 0.769995 0.00001 0.229975
0.174108 0.00001 0.5994 0.00001 0.226472
0.222098 0.073112 0.199506 0.368978 0.136306
0.482407 0.060228 0.00001 0.30285 0.154505
0.175032 0.126385 0.439836 0.222652 0.036095
0.99996 0.00001 0.00001 0.00001 0.00001
0.99996 0.00001 0.00001 0.00001 0.00001
0.428746 0.021669 0.316857 0.123482 0.109246
0.044677 0.267917 0.133846 0.521857 0.031704
0.600707 0.061676 0.00001 0.337597 0.00001
0.279938 0.15718 0.00001 0.432873 0.13
0.221595 0.100667 0.404882 0.129071 0.143785
0.343357 0.00001 0.426465 0.121478 0.108691
0.129226 0.327664 0.00001 0.54309 0.00001
0.041664 0.048324 0.152025 0.63925 0.118737
0.284792 0.280168 0.00001 0.435019 0.00001
0.264028 0.128875 0.00001 0.607076 0.00001
0.995005 0.004965 0.00001 0.00001 0.00001
0.99996 0.00001 0.00001 0.00001 0.00001
0.846168 0.044853 0.00001 0.108959 0.00001
0.319631 0.00001 0.295418 0.202876 0.182065
0.99996 0.00001 0.00001 0.00001 0.00001
0.99996 0.00001 0.00001 0.00001 0.00001
0.393666 0.00001 0.318473 0.016614 0.271237
0.140019 0.152014 0.527125 0.180831 0.00001
0.34315 0.025534 0.38284 0.196105 0.05237
0.843482 0.00001 0.00001 0.156488 0.00001
0.396166 0.178391 0.208469 0.00001 0.216964
0.279416 0.024136 0.480953 0.081302 0.134193
0.002054 0.028847 0.508908 0.206688 0.253504
0.095203 0.00001 0.552263 0.164938 0.187586
0.00001 0.091258 0.588913 0.112028 0.207791
0.887867 0.00001 0.00001 0.112103 0.00001
0.146587 0.058331 0.549928 0.080786 0.164368
0.314004 0.054371 0.436677 0.069171 0.125776
0.99996 0.00001 0.00001 0.00001 0.00001
0.99996 0.00001 0.00001 0.00001 0.00001
0.160106 0.036949 0.449214 0.185067 0.168663
0.242321 0.00001 0.356197 0.150204 0.251268
0.454417 0.013987 0.416213 0.080586 0.034796
0.99996 0.00001 0.00001 0.00001 0.00001
0.066942 0.057803 0.621276 0.133985 0.119994
0.347347 0.00001 0.255325 0.37809 0.019229
0.990717 0.009253 0.00001 0.00001 0.00001
0.00001 0.064165 0.589859 0.112032 0.233933
0.190429 0.043991 0.496852 0.00001 0.268717
0.00001 0.125932 0.00001 0.874038 0.00001
0.011558 0.191486 0.00001 0.796936 0.00001
0.00001 0.08559 0.00001 0.91438 0.00001
0.00001 0.00001 0.00001 0.99996 0.00001
0.00001 0.102427 0.00001 0.897543 0.00001
0.00001 0.123189 0.00001 0.876781 0.00001
0.00001 0.091223 0.00001 0.908747 0.00001
0.00001 0.121285 0.00001 0.878685 0.00001
0.00001 0.169643 0.00001 0.830327 0.00001
0.00001 0.239782 0.00001 0.760188 0.00001
0.00001 0.00001 0.00001 0.99996 0.00001
0.00001 0.046322 0.00001 0.953648 0.00001
0.00001 0.106768 0.00001 0.893202 0.00001
0.00001 0.062089 0.00001 0.937881 0.00001
0.00001 0.00001 0.00001 0.99996 0.00001
0.00001 0.035267 0.00001 0.964703 0.00001
0.00001 0.122339 0.00001 0.877631 0.00001
0.00001 0.104541 0.00001 0.895429 0.00001
0.00001 0.183552 0.00001 0.792694 0.023734
0.00001 0.164387 0.00001 0.835583 0.00001
0.00001 0.069984 0.00001 0.929986 0.00001
0.00001 0.087726 0.00001 0.912244 0.00001
0.00001 0.19766 0.00001 0.80231 0.00001
0.00001 0.231796 0.00001 0.768174 0.00001
0.002214 0.126925 0.00001 0.870841 0.00001
0.00001 0.124475 0.00001 0.875495 0.00001
0.00001 0.14696 0.00001 0.85301 0.00001
0.00001 0.221951 0.00001 0.778019 0.00001
0.00001 0.098582 0.00001 0.901388 0.00001
0.00001 0.178939 0.00001 0.821031 0.00001
0.00001 0.080527 0.00001 0.919443 0.00001
0.023782 0.138586 0.00001 0.837611 0.00001
0.00001 0.101501 0.00001 0.898469 0.00001
0.00001 0.184419 0.00001 0.815551 0.00001
0.00001 0.050716 0.00001 0.949254 0.00001
0.00001 0.186163 0.00001 0.813807 0.00001
0.00001 0.015842 0.00001 0.984128 0.00001
0.00001 0.004816 0.00001 0.995154 0.00001
0.00001 0.050204 0.00001 0.949766 0.00001
0.00001 0.088198 0.00001 0.911772 0.00001
0.00001 0.21647 0.00001 0.7835 0.00001
0.00001 0.189765 0.00001 0.810205 0.00001
0.052212 0.00001 0.00001 0.947758 0.00001
0.00001 0.00001 0.032473 0.967497 0.00001
0.00001 0.295749 0.00001 0.704221 0.00001
0.00001 0.077966 0.00001 0.922004 0.00001
0.00001 0.213351 0.0148 0.771829 0.00001
0.00001 0.036725 0.031328 0.931927 0.00001
0.00001 0.223566 0.00001 0.776404 0.00001
0.00001 0.254531 0.00001 0.745439 0.00001
0.00001 0.124792 0.00001 0.875178 0.00001
0.00001 0.130969 0.00001 0.869001 0.00001
0.00001 0.033368 0.00001 0.966602 0.00001
0.00001 0.070505 0.00001 0.929465 0.00001
0.00001 0.084782 0.00001 0.915188 0.00001
0.00001 0.119895 0.00001 0.880075 0.00001
0.00001 0.074598 0.00001 0.925372 0.00001
0.00001 0.166498 0.00001 0.833472 0.00001
0.009797 0.128764 0.00001 0.861419 0.00001
0.00001 0.235896 0.00001 0.764074 0.00001
0.029095 0.033301 0.00001 0.937583 0.00001
0.00001 0.00001 0.025186 0.974784 0.00001
0.01257 0.076244 0.00001 0.911166 0.00001
0.00001 0.00001 0.00001 0.996278 0.003692
0.00001 0.00001 0.00001 0.99996 0.00001
0.00001 0.00001 0.00001 0.99996 0.00001
0.000329 0.232982 0.00001 0.766668 0.00001
0.00001 0.122537 0.00001 0.869573 0.00787
0.00001 0.142678 0.00001 0.857292 0.00001
0.00001 0.172648 0.00001 0.827322 0.00001
0.013945 0.174121 0.00001 0.811914 0.00001
0.00001 0.028224 0.00001 0.971746 0.00001
0.00001 0.069554 0.00001 0.930416 0.00001
0.00001 0.109666 0.00001 0.890304 0.00001
0.00001 0.016735 0.00001 0.983235 0.00001
0.00001 0.068889 0.003794 0.927297 0.00001
0.00001 0.067989 0.00001 0.931981 0.00001
0.00001 0.123477 0.00001 0.876493 0.00001
0.00001 0.133401 0.00001 0.866569 0.00001
0.00001 0.039988 0.00001 0.959982 0.00001
0.00001 0.00001 0.00001 0.99996 0.00001
0.00001 0.019098 0.00001 0.980872 0.00001
0.00001 0.133188 0.00001 0.866782 0.00001
0.00001 0.203496 0.00001 0.796474 0.00001
0.00001 0.143557 0.00001 0.856413 0.00001
0.00001 0.139513 0.00001 0.860457 0.00001
0.00001 0.131272 0.00001 0.868698 0.00001
0.00001 0.169453 0.00001 0.830517 0.00001
0.00001 0.157486 0.00001 0.842484 0.00001
0.00001 0.047659 0.00001 0.952311 0.00001
0.014343 0.188091 0.00001 0.797547 0.00001
0.00001 0.175133 0.00001 0.824837 0.00001
0.00001 0.301577 0.00001 0.698393 0.00001
0.00001 0.31854 0.00001 0.68143 0.00001
0.00001 0.287091 0.00001 0.712879 0.00001
0.00001 0.247942 0.00001 0.752028 0.00001
0.00001 0.123609 0.00001 0.876361 0.00001
0.00001 0.198289 0.00001 0.801681 0.00001
0.00001 0.318203 0.00001 0.681767 0.00001
0.00001 0.300609 0.00001 0.699361 0.00001
0.00001 0.30719 0.00001 0.69278 0.00001
0.00001 0.00001 0.00001 0.99996 0.00001
0.00001 0.00001 0.00001 0.99996 0.00001
0.00001 0.147054 0.00001 0.852916 0.00001
0.00001 0.190943 0.00001 0.809027 0.00001
0.00001 0.00001 0.00001 0.99996 0.00001
0.017463 0.120752 0.00001 0.861765 0.00001
0.00001 0.709304 0.00001 0.290666 0.00001
0.00001 0.466933 0.00001 0.533037 0.00001
0.00001 0.462696 0.00001 0.537274 0.00001
0.00001 0.703518 0.00001 0.296452 0.00001
0.00001 0.660319 0.00001 0.339651 0.00001
0.00001 0.426646 0.00001 0.573324 0.00001
0.00001 0.496261 0.00001 0.503709 0.00001
0.00001 0.632316 0.00001 0.367654 0.00001
0.00001 0.758619 0.00001 0.241351 0.00001
0.00001 0.291568 0.00001 0.708402 0.00001
0.00001 0.420322 0.00001 0.579648 0.00001
0.00001 0.636437 0.00001 0.363533 0.00001
0.00001 0.641685 0.00001 0.358285 0.00001
0.00001 0.308913 0.00001 0.691057 0.00001
0.00001 0.56435 0.00001 0.43562 0.00001
0.00001 0.546909 0.00001 0.453061 0.00001
0.00001 0.633268 0.00001 0.366702 0.00001
0.00001 0.640035 0.00001 0.359935 0.00001
0.00001 0.637592 0.00001 0.362378 0.00001
0.00001 0.475775 0.00001 0.524195 0.00001
0.00001 0.298451 0.00001 0.701519 0.00001
0.00001 0.690239 0.00001 0.309731 0.00001
0.00001 0.710575 0.00001 0.289395 0.00001
0.00001 0.708671 0.00001 0.291299 0.00001
0.00001 0.384456 0.00001 0.615514 0.00001
0.00001 0.580682 0.00001 0.419288 0.00001
0.00001 0.485639 0.00001 0.514331 0.00001
0.00001 0.516457 0.00001 0.483513 0.00001
0.00001 0.99996 0.00001 0.00001 0.00001
0.00001 0.960892 0.00001 0.039078 0.00001
0.00001 0.99996 0.00001 0.00001 0.00001
0.00001 0.99996 0.00001 0.00001 0.00001
0.00001 0.99996 0.00001 0.00001 0.00001
0.00001 0.99996 0.00001 0.00001 0.00001
0.00001 0.980944 0.00001 0.019026 0.00001
0.00001 0.941947 0.00001 0.058023 0.00001
0.00001 0.99996 0.00001 0.00001 0.00001
0.00001 0.99996 0.00001 0.00001 0.00001
0.00001 0.99996 0.00001 0.00001 0.00001
0.00001 0.99996 0.00001 0.00001 0.00001
0.00001 0.99996 0.00001 0.00001 0.00001
0.00001 0.99996 0.00001 0.00001 0.00001
0.00001 0.99996 0.00001 0.00001 0.00001
0.00001 0.99996 0.00001 0.00001 0.00001
0.00001 0.93857 0.00001 0.0614 0.00001
0.00001 0.946959 0.00001 0.053011 0.00001
0.00001 0.99996 0.00001 0.00001 0.00001
0.00001 0.99996 0.00001 0.00001 0.00001
0.00001 0.99996 0.00001 0.00001 0.00001
0.00001 0.99996 0.00001 0.00001 0.00001
0.00001 0.888139 0.00001 0.111831 0.00001
0.00001 0.99996 0.00001 0.00001 0.00001
0.00001 0.99996 0.00001 0.00001 0.00001
0.00001 0.796352 0.00001 0.203618 0.00001
0.00001 0.707535 0.00001 0.292435 0.00001
0.00001 0.840146 0.00001 0.159824 0.00001
0.00001 0.93293 0.00001 0.06704 0.00001
0.00001 0.76257 0.00001 0.2374 0.00001
0.00001 0.727081 0.00001 0.272889 0.00001
0.00001 0.845185 0.00001 0.154785 0.00001
0.00001 0.735714 0.00001 0.264256 0.00001
0.00001 0.938016 0.00001 0.061954 0.00001
0.00001 0.815721 0.00001 0.184249 0.00001
0.00001 0.815136 0.00001 0.184834 0.00001
0.00001 0.829353 0.00001 0.170617 0.00001
0.00001 0.913137 0.00001 0.086833 0.00001
0.00001 0.829892 0.00001 0.170078 0.00001
0.00001 0.796483 0.00001 0.203487 0.00001
0.00001 0.766223 0.00001 0.233747 0.00001
0.00001 0.830941 0.00001 0.169029 0.00001
0.00001 0.787594 0.00001 0.212376 0.00001
0.00001 0.844464 0.00001 0.155506 0.00001
0.00001 0.733118 0.00001 0.266852 0.00001
0.00001 0.81977 0.00001 0.1802 0.00001
0.00001 0.827105 0.00001 0.172865 0.00001
0.00001 0.796624 0.00001 0.203346 0.00001
0.00001 0.937301 0.00001 0.062669 0.00001
0.00001 0.817436 0.00001 0.182534 0.00001
0.00001 0.790342 0.00001 0.209628 0.00001
0.00001 0.771973 0.00001 0.227997 0.00001
0.00001 0.853655 0.00001 0.146315 0.00001
0.00001 0.898582 0.00001 0.101388 0.00001
0.00001 0.926635 0.00001 0.073335 0.00001
0.00001 0.811129 0.00001 0.188841 0.00001
0.00001 0.818421 0.00001 0.181549 0.00001
0.00001 0.84199 0.00001 0.15798 0.00001
0.00001 0.956203 0.00001 0.043767 0.00001
0.00001 0.822162 0.00001 0.177808 0.00001
0.00001 0.99996 0.00001 0.00001 0.00001
0.00001 0.892367 0.00001 0.107603 0.00001
0.00001 0.99996 0.00001 0.00001 0.00001
0.00001 0.980242 0.00001 0.019728 0.00001
0.00001 0.884265 0.00001 0.115705 0.00001
0.00001 0.945021 0.00001 0.054949 0.00001
0.00001 0.828881 0.00001 0.171089 0.00001
0.00001 0.797377 0.00001 0.202593 0.00001
0.00001 0.948014 0.00001 0.051956 0.00001
0.00001 0.900243 0.00001 0.099727 0.00001
0.00001 0.857883 0.00001 0.142087 0.00001
0.00001 0.952729 0.00001 0.047241 0.00001
0.00001 0.861493 0.00001 0.138477 0.00001
0.00001 0.823019 0.00001 0.176951 0.00001
0.00001 0.867858 0.00001 0.132112 0.00001
0.00001 0.892444 0.00001 0.107526 0.00001
0.00001 0.866349 0.00001 0.133621 0.00001
0.00001 0.938139 0.00001 0.061831 0.00001
0.00001 0.864898 0.00001 0.135072 0.00001
0.00001 0.771824 0.00001 0.228146 0.00001
0.00001 0.99996 0.00001 0.00001 0.00001
0.00001 0.760855 0.00001 0.239115 0.00001
0.00001 0.91703 0.00001 0.08294 0.00001
0.00001 0.870114 0.00001 0.129856 0.00001
0.00001 0.816514 0.00001 0.183456 0.00001
0.00001 0.871189 0.00001 0.128781 0.00001
0.00001 0.82497 0.00001 0.175 0.00001
0.00001 0.785673 0.00001 0.214297 0.00001
0.00001 0.798751 0.00001 0.201219 0.00001
