0.00001 0.99996 0.00001 0.00001 0.00001
0.00001 0.681882 0.248095 0.00001 0.070004
0.00001 0.736366 0.263604 0.00001 0.00001
0.00001 0.99996 0.00001 0.00001 0.00001
0.00001 0.99996 0.00001 0.00001 0.00001
0.00001 0.99996 0.00001 0.00001 0.00001
0.00001 0.600854 0.399116 0.00001 0.00001
0.00001 0.626336 0.373628 0.000016 0.00001
0.00001 0.702385 0.297585 0.00001 0.00001
0.00001 0.99996 0.00001 0.00001 0.00001
0.00001 0.99996 0.00001 0.00001 0.00001
0.00001 0.774774 0.225196 0.00001 0.00001
0.00001 0.680991 0.318979 0.00001 0.00001
0.028734 0.441542 0.529704 0.00001 0.00001
0.00001 0.99996 0.00001 0.00001 0.00001
0.00001 0.99996 0.00001 0.00001 0.00001
0.00001 0.99996 0.00001 0.00001 0.00001
0.00001 0.650826 0.349144 0.00001 0.00001
0.00001 0.99996 0.00001 0.00001 0.00001
0.00001 0.474229 0.525741 0.00001 0.00001
0.00001 0.99996 0.00001 0.00001 0.00001
0.00001 0.466249 0.533721 0.00001 0.00001
0.00001 0.00001 0.99996 0.00001 0.00001
0.026406 0.00001 0.973564 0.00001 0.00001
0.00001 0.238943 0.761027 0.00001 0.00001
0.00001 0.155094 0.844876 0.00001 0.00001
0.00001 0.174655 0.705622 0.00001 0.119704
0.00001 0.213354 0.786616 0.00001 0.00001
0.001582 0.206452 0.791946 0.00001 0.00001
0.00001 0.35806 0.64191 0.00001 0.00001
0.00001 0.244287 0.755683 0.00001 0.00001
0.00001 0.233108 0.722244 0.00001 0.044628
0.00001 0.257555 0.572462 0.00001 0.169963
0.00001 0.17604 0.82393 0.00001 0.00001
0.00001 0.081283 0.918687 0.00001 0.00001
0.00001 0.00001 0.99996 0.00001 0.00001
0.00001 0.181289 0.787709 0.00001 0.030982
0.00001 0.237818 0.762152 0.00001 0.00001
0.000018 0.27071 0.663462 0.00001 0.0658
0.00001 0.080888 0.919082 0.00001 0.00001
0.00001 0.090248 0.806629 0.00001 0.103103
0.00001 0.00001 0.99996 0.00001 0.00001
0.00001 0.19319 0.683374 0.00001 0.123416
0.00001 0.171428 0.631199 0.00001 0.197353
0.00001 0.295936 0.704034 0.00001 0.00001
0.00001 0.186487 0.813483 0.00001 0.00001
0.00001 0.092052 0.907918 0.00001 0.00001
0.00001 0.23408 0.76589 0.00001 0.00001
0.00001 0.176492 0.823478 0.00001 0.00001
0.00001 0.307808 0.617095 0.00001 0.075077
0.00001 0.287788 0.669753 0.00001 0.042439
0.00001 0.201823 0.765456 0.00001 0.0327
0.00001 0.00001 0.99996 0.00001 0.00001
0.00001 0.125002 0.874968 0.00001 0.00001
0.009895 0.00001 0.990075 0.00001 0.00001
0.00001 0.185726 0.814244 0.00001 0.00001
0.00001 0.328522 0.572609 0.00001 0.098849
0.00001 0.090017 0.851649 0.00001 0.058314
0.00001 0.232317 0.767653 0.00001 0.00001
0.0015 0.232181 0.669286 0.00001 0.097022
0.00001 0.00001 0.99996 0.00001 0.00001
0.00001 0.207613 0.792357 0.00001 0.00001
0.00001 0.210534 0.789436 0.00001 0.00001
0.011911 0.26797 0.720099 0.00001 0.00001
0.00001 0.424314 0.575656 0.00001 0.00001
0.00001 0.218528 0.781442 0.00001 0.00001
0.00001 0.13483 0.86514 0.00001 0.00001
0.00001 0.22763 0.734607 0.00001 0.037744
0.00001 0.220465 0.773085 0.006431 0.00001
0.00001 0.165019 0.834951 0.00001 0.00001
0.00001 0.273196 0.726774 0.00001 0.00001
0.00001 0.241047 0.710788 0.00001 0.048146
0.00001 0.188753 0.811217 0.00001 0.00001
0.00001 0.239463 0.760507 0.00001 0.00001
0.00001 0.294845 0.705125 0.00001 0.00001
0.00001 0.238381 0.721144 0.00001 0.040456
0.00001 0.199364 0.800606 0.00001 0.00001
0.00001 0.316895 0.683075 0.00001 0.00001
0.010038 0.252246 0.737695 0.00001 0.00001
0.00001 0.20404 0.79593 0.00001 0.00001
0.00001 0.247362 0.424381 0.00001 0.328238
0.00001 0.175798 0.824172 0.00001 0.00001
0.00001 0.00001 0.99996 0.00001 0.00001
0.00001 0.324341 0.675629 0.00001 0.00001
0.00001 0.137171 0.862799 0.00001 0.00001
0.005585 0.23549 0.758905 0.00001 0.00001
0.00001 0.127306 0.872664 0.00001 0.00001
0.00001 0.132007 0.867963 0.00001 0.00001
0.00001 0.240817 0.725185 0.00001 0.033977
0.00001 0.293721 0.645964 0.00001 0.060296
0.000011 0.177814 0.822155 0.00001 0.00001
0.00001 0.177373 0.739724 0.00001 0.082884
0.00001 0.338917 0.542605 0.00001 0.118458
0.00001 0.00001 0.99996 0.00001 0.00001
0.00001 0.340052 0.635605 0.00001 0.024323
0.00001 0.00001 0.99996 0.00001 0.00001
0.00001 0.124657 0.834595 0.00001 0.040728
0.00001 0.12479 0.87518 0.00001 0.00001
0.00001 0.324794 0.675176 0.00001 0.00001
0.00001 0.00001 0.99996 0.00001 0.00001
0.00001 0.255424 0.744546 0.00001 0.00001
0.00001 0.292393 0.679441 0.00001 0.028146
0.00001 0.116547 0.866775 0.00001 0.016658
0.00001 0.228768 0.710397 0.00001 0.060815
0.00001 0.150444 0.74839 0.00001 0.101146
0.00001 0.096417 0.903553 0.00001 0.00001
0.00001 0.153563 0.797038 0.00001 0.049379
0.000988 0.283517 0.715475 0.00001 0.00001
0.002499 0.264201 0.73328 0.00001 0.00001
0.00001 0.00001 0.99996 0.00001 0.00001
0.00001 0.00001 0.99996 0.00001 0.00001
0.00001 0.16901 0.83096 0.00001 0.00001
0.00001 0.272335 0.698278 0.00001 0.029367
0.00001 0.224205 0.775765 0.00001 0.00001
0.00001 0.226467 0.773503 0.00001 0.00001
0.00001 0.078417 0.921553 0.00001 0.00001
0.00001 0.208007 0.791963 0.00001 0.00001
0.00001 0.174183 0.825787 0.00001 0.00001
0.00001 0.339945 0.659991 0.00001 0.000044
0.005318 0.290473 0.704189 0.00001 0.00001
0.00001 0.285996 0.688462 0.00001 0.025521
0.00001 0.102118 0.897852 0.00001 0.00001
0.00001 0.173764 0.826206 0.00001 0.00001
0.00001 0.190863 0.809107 0.00001 0.00001
0.00001 0.24669 0.75328 0.00001 0.00001
0.00001 0.00001 0.994554 0.005416 0.00001
0.00001 0.00001 0.99996 0.00001 0.00001
0.00001 0.133129 0.866841 0.00001 0.00001
0.001803 0.00001 0.998167 0.00001 0.00001
0.00001 0.178129 0.821841 0.00001 0.00001
0.00001 0.177955 0.67322 0.00001 0.148806
0.379407 0.115206 0.268739 0.075881 0.160766
0.328907 0.112239 0.148743 0.061977 0.348134
0.228867 0.012519 0.503448 0.131251 0.123915
0.00001 0.00001 0.00001 0.00001 0.99996
0.1255 0.00001 0.424557 0.00001 0.449924
0.141777 0.099308 0.424769 0.031451 0.302695
0.529107 0.048216 0.147252 0.269163 0.006261
0.373459 0.00001 0.00001 0.030777 0.595744
0.449017 0.110216 0.111099 0.165378 0.16429
0.126099 0.112127 0.441116 0.103387 0.217271
0.140569 0.105381 0.497168 0.00001 0.256872
0.573466 0.00001 0.066682 0.315828 0.044014
0.648787 0.108399 0.193978 0.047558 0.001278
0.433139 0.00001 0.00001 0.284358 0.282484
0.610988 0.00001 0.00001 0.125706 0.263286
0.091951 0.05606 0.434791 0.084781 0.332418
0.00001 0.00001 0.00001 0.00001 0.99996
0.066388 0.00001 0.00001 0.072477 0.861115
0.218139 0.161479 0.374132 0.00001 0.24624
0.00001 0.00001 0.00001 0.00001 0.99996
0.00001 0.00001 0.00001 0.00001 0.99996
0.048091 0.235837 0.451722 0.00001 0.264341
0.204057 0.00001 0.623978 0.157787 0.014169
0.189791 0.020433 0.441858 0.038652 0.309266
0.134021 0.00001 0.00001 0.00001 0.865949
0.00001 0.193762 0.286928 0.191918 0.327382
0.087972 0.116244 0.54062 0.028982 0.226182
0.207921 0.21482 0.549041 0.028209 0.00001
0.186613 0.174258 0.639109 0.00001 0.00001
0.109394 0.208008 0.577447 0.091006 0.014145
0.208918 0.098944 0.431921 0.065621 0.194595
0.077784 0.110647 0.609102 0.06181 0.140656
0.076279 0.107748 0.487153 0.055724 0.273096
0.00001 0.112293 0.362004 0.123533 0.40216
0.00001 0.00001 0.00001 0.00001 0.99996
0.189035 0.132757 0.512658 0.040159 0.12539
0.152243 0.213599 0.407364 0.00001 0.226785
0.090395 0.013503 0.528822 0.028797 0.338483
0.144391 0.127142 0.415999 0.00001 0.312459
0.137634 0.081044 0.678083 0.05946 0.043779
0.398552 0.021181 0.325755 0.00001 0.254502
0.00001 0.00001 0.00001 0.00001 0.99996
0.099478 0.195441 0.566307 0.058122 0.080651
0.00001 0.221091 0.556386 0.045893 0.176619
0.862966 0.00001 0.00001 0.130468 0.006546
0.804749 0.00001 0.00001 0.186072 0.00916
0.91296 0.00001 0.00001 0.08701 0.00001
0.99996 0.00001 0.00001 0.00001 0.00001
0.895835 0.000013 0.00001 0.104132 0.00001
0.87697 0.00001 0.00001 0.123 0.00001
0.90917 0.00001 0.00001 0.0908 0.00001
0.875617 0.00001 0.00001 0.124353 0.00001
0.833386 0.00001 0.00001 0.166584 0.00001
0.759132 0.00001 0.00001 0.240838 0.00001
0.99996 0.00001 0.00001 0.00001 0.00001
0.954191 0.00001 0.00001 0.045779 0.00001
0.892358 0.00001 0.00001 0.107612 0.00001
0.937393 0.00001 0.00001 0.062577 0.00001
0.99996 0.00001 0.00001 0.00001 0.00001
0.966357 0.00001 0.00001 0.033613 0.00001
0.877025 0.00001 0.00001 0.122945 0.00001
0.893528 0.00001 0.00001 0.106442 0.00001
0.792651 0.024827 0.00001 0.182502 0.00001
0.832315 0.00001 0.00001 0.167655 0.00001
0.930009 0.00001 0.00001 0.069961 0.00001
0.912032 0.00001 0.00001 0.087938 0.00001
0.802052 0.00001 0.00001 0.197918 0.00001
0.766139 0.00001 0.00001 0.233831 0.00001
0.865631 0.00001 0.00001 0.129034 0.005314
0.875235 0.00001 0.00001 0.124735 0.00001
0.85031 0.00001 0.00001 0.14966 0.00001
0.777899 0.00001 0.00001 0.222071 0.00001
0.897422 0.00001 0.00001 0.102548 0.00001
0.819835 0.00001 0.00001 0.180135 0.00001
0.916486 0.00001 0.00001 0.083484 0.00001
0.835385 0.00001 0.00001 0.139925 0.02467
0.899174 0.00001 0.00001 0.100796 0.00001
0.819272 0.00001 0.00001 0.180698 0.00001
0.946682 0.00001 0.00001 0.053288 0.00001
0.813644 0.00001 0.00001 0.186326 0.00001
0.979732 0.00001 0.00001 0.020238 0.00001
0.994408 0.00001 0.00001 0.005562 0.00001
0.94814 0.00001 0.00001 0.05183 0.00001
0.906008 0.00001 0.00001 0.093962 0.00001
0.782027 0.00001 0.00001 0.217943 0.00001
0.807748 0.00001 0.00001 0.191732 0.0005
0.947628 0.00001 0.00001 0.00001 0.052342
0.967346 0.00001 0.032624 0.00001 0.00001
0.703215 0.00001 0.00001 0.296755 0.00001
0.92331 0.00001 0.00001 0.07666 0.00001
0.77069 0.00001 0.014883 0.214408 0.00001
0.929847 0.00001 0.031285 0.038848 0.00001
0.77872 0.00001 0.00001 0.22125 0.00001
0.743744 0.00001 0.00001 0.256226 0.00001
0.872355 0.00001 0.00001 0.127615 0.00001
0.870325 0.00001 0.00001 0.129645 0.00001
0.96271 0.00001 0.00001 0.03726 0.00001
0.927357 0.00001 0.00001 0.072613 0.00001
0.911271 0.00001 0.00001 0.088699 0.00001
0.877834 0.00001 0.00001 0.122136 0.00001
0.922013 0.00001 0.00001 0.077957 0.00001
0.835405 0.00001 0.00001 0.164565 0.00001
0.845129 0.00001 0.00001 0.138662 0.016188
0.763361 0.00001 0.00001 0.236609 0.00001
0.936514 0.00001 0.00001 0.033848 0.029617
0.974667 0.00001 0.025303 0.00001 0.00001
0.914904 0.011107 0.00001 0.073969 0.00001
0.996267 0.003703 0.00001 0.00001 0.00001
0.99996 0.00001 0.00001 0.00001 0.00001
0.99996 0.00001 0.00001 0.00001 0.00001
0.767293 0.000012 0.00001 0.232675 0.00001
0.876124 0.00001 0.006198 0.117658 0.00001
0.859584 0.000016 0.00001 0.140379 0.00001
0.828908 0.00001 0.00001 0.171062 0.00001
0.811724 0.00001 0.00001 0.173924 0.014333
0.972313 0.00001 0.00001 0.027657 0.00001
0.928978 0.00001 0.00001 0.070992 0.00001
0.884551 0.00001 0.00001 0.115419 0.00001
0.984323 0.00001 0.00001 0.015647 0.00001
0.924723 0.00001 0.003389 0.071868 0.00001
0.927631 0.00001 0.00001 0.072339 0.00001
0.878106 0.00001 0.00001 0.121864 0.00001
0.865753 0.00001 0.00001 0.134217 0.00001
0.958432 0.000011 0.00001 0.041537 0.00001
0.99996 0.00001 0.00001 0.00001 0.00001
0.980936 0.00001 0.00001 0.019034 0.00001
0.865712 0.00001 0.00001 0.134258 0.00001
0.797312 0.00001 0.00001 0.202658 0.00001
0.855445 0.00001 0.00001 0.144525 0.00001
0.859671 0.00001 0.00001 0.140299 0.00001
0.869993 0.00001 0.00001 0.129977 0.00001
0.829232 0.00001 0.00001 0.170738 0.00001
0.841827 0.00001 0.00001 0.158143 0.00001
0.94785 0.00001 0.00001 0.05212 0.00001
0.796968 0.00001 0.00001 0.188014 0.014999
0.822447 0.00001 0.00001 0.177523 0.00001
0.697694 0.00001 0.00001 0.302276 0.00001
0.683068 0.00001 0.00001 0.316902 0.00001
0.71131 0.00001 0.00001 0.28866 0.00001
0.752391 0.00001 0.00001 0.247579 0.00001
0.875926 0.00001 0.00001 0.124044 0.00001
0.801555 0.00001 0.00001 0.198415 0.00001
0.683008 0.00001 0.00001 0.316962 0.00001
0.700973 0.00001 0.00001 0.298997 0.00001
0.689911 0.00001 0.00001 0.310059 0.00001
0.99996 0.00001 0.00001 0.00001 0.00001
0.99996 0.00001 0.00001 0.00001 0.00001
0.851818 0.00001 0.00001 0.148152 0.00001
0.808517 0.00001 0.00001 0.191453 0.00001
0.99996 0.00001 0.00001 0.00001 0.00001
0.872584 0.011294 0.00001 0.116102 0.00001
0.290003 0.00001 0.00001 0.709967 0.00001
0.533917 0.00001 0.00001 0.466053 0.00001
0.538045 0.00001 0.00001 0.461925 0.00001
0.299629 0.00001 0.00001 0.700341 0.00001
0.34318 0.00001 0.00001 0.65679 0.00001
0.573493 0.00001 0.00001 0.426477 0.00001
0.506208 0.00001 0.00001 0.493762 0.00001
0.367294 0.00001 0.00001 0.632676 0.00001
0.241641 0.00001 0.00001 0.758329 0.00001
0.708012 0.00001 0.00001 0.291958 0.00001
0.578044 0.00001 0.00001 0.421926 0.00001
0.362681 0.00001 0.00001 0.637289 0.00001
0.358824 0.00001 0.00001 0.641146 0.00001
0.690923 0.00001 0.00001 0.309047 0.00001
0.436582 0.00001 0.00001 0.563388 0.00001
0.452345 0.00001 0.00001 0.547625 0.00001
0.367627 0.00001 0.00001 0.632343 0.00001
0.359876 0.00001 0.00001 0.640094 0.00001
0.362695 0.00001 0.00001 0.637275 0.00001
0.524921 0.00001 0.00001 0.475049 0.00001
0.699249 0.00001 0.00001 0.300721 0.00001
0.311442 0.00001 0.00001 0.688528 0.00001
0.289607 0.00001 0.00001 0.710363 0.00001
0.292248 0.00001 0.00001 0.707722 0.00001
0.61458 0.00001 0.00001 0.38539 0.00001
0.419411 0.00001 0.00001 0.580559 0.00001
0.522572 0.00001 0.00001 0.477398 0.00001
0.483717 0.00001 0.00001 0.516253 0.00001
0.00001 0.00001 0.00001 0.99996 0.00001
0.040876 0.00001 0.00001 0.959094 0.00001
0.00001 0.00001 0.00001 0.99996 0.00001
0.00001 0.00001 0.00001 0.99996 0.00001
0.00001 0.00001 0.00001 0.99996 0.00001
0.00001 0.00001 0.00001 0.99996 0.00001
0.021184 0.00001 0.00001 0.978786 0.00001
0.05993 0.00001 0.00001 0.94004 0.00001
0.00001 0.00001 0.00001 0.99996 0.00001
0.00001 0.00001 0.00001 0.99996 0.00001
0.00001 0.00001 0.00001 0.99996 0.00001
0.00001 0.00001 0.00001 0.99996 0.00001
0.00001 0.00001 0.00001 0.99996 0.00001
0.00001 0.00001 0.00001 0.99996 0.00001
0.00001 0.00001 0.00001 0.99996 0.00001
0.00001 0.00001 0.00001 0.99996 0.00001
0.061303 0.00001 0.00001 0.938667 0.00001
0.05606 0.00001 0.00001 0.94391 0.00001
0.00001 0.00001 0.00001 0.99996 0.00001
0.00001 0.00001 0.00001 0.99996 0.00001
0.00001 0.00001 0.00001 0.99996 0.00001
0.00001 0.00001 0.00001 0.99996 0.00001
0.112856 0.00001 0.00001 0.887114 0.00001
0.00001 0.00001 0.00001 0.99996 0.00001
0.00001 0.00001 0.00001 0.99996 0.00001
0.203798 0.00001 0.00001 0.796172 0.00001
0.292327 0.00001 0.00001 0.707643 0.00001
0.154496 0.00001 0.00001 0.845474 0.00001
0.068187 0.00001 0.00001 0.931783 0.00001
0.23847 0.00001 0.00001 0.7615 0.00001
0.27364 0.00001 0.00001 0.72633 0.00001
0.155415 0.00001 0.00001 0.844555 0.00001
0.263652 0.00001 0.00001 0.736318 0.00001
0.061755 0.00001 0.00001 0.938215 0.00001
0.187095 0.00001 0.00001 0.812875 0.00001
0.182045 0.00001 0.00001 0.817925 0.00001
0.169749 0.00001 0.00001 0.830221 0.00001
0.086936 0.00001 0.00001 0.913034 0.00001
0.169824 0.00001 0.00001 0.830146 0.00001
0.207601 0.00001 0.00001 0.792369 0.00001
0.232969 0.00001 0.00001 0.767001 0.00001
0.172676 0.00001 0.00001 0.827294 0.00001
0.212119 0.00001 0.00001 0.787851 0.00001
0.15693 0.00001 0.00001 0.84304 0.00001
0.269674 0.00001 0.00001 0.730296 0.00001
0.18045 0.00001 0.00001 0.81952 0.00001
0.173201 0.00001 0.00001 0.826769 0.00001
0.205362 0.00001 0.00001 0.794608 0.00001
0.06395 0.00001 0.00001 0.93602 0.00001
0.183569 0.00001 0.00001 0.816401 0.00001
0.208006 0.00001 0.00001 0.791964 0.00001
0.227691 0.00001 0.00001 0.772279 0.00001
0.148289 0.00001 0.00001 0.851681 0.00001
0.101928 0.00001 0.00001 0.898042 0.00001
0.071959 0.00001 0.00001 0.928011 0.00001
0.187596 0.00001 0.00001 0.812374 0.00001
0.181755 0.00001 0.00001 0.818215 0.00001
0.159851 0.00001 0.00001 0.840119 0.00001
0.042469 0.00001 0.00001 0.957501 0.00001
0.17589 0.00001 0.00001 0.82408 0.00001
0.00001 0.00001 0.00001 0.99996 0.00001
0.109012 0.00001 0.00001 0.890958 0.00001
0.00001 0.00001 0.00001 0.99996 0.00001
0.017265 0.00001 0.00001 0.982705 0.00001
0.119204 0.00001 0.00001 0.880766 0.00001
0.053772 0.00001 0.00001 0.946198 0.00001
0.170035 0.00001 0.00001 0.829935 0.00001
0.206288 0.00001 0.00001 0.793682 0.00001
0.049981 0.00001 0.00001 0.949989 0.00001
0.103603 0.00001 0.00001 0.896367 0.00001
0.14317 0.00001 0.00001 0.8568 0.00001
0.047972 0.00001 0.00001 0.951998 0.00001
0.139366 0.00001 0.00001 0.860604 0.00001
0.175586 0.00001 0.00001 0.824384 0.00001
0.130874 0.00001 0.00001 0.869096 0.00001
0.10874 0.00001 0.00001 0.89123 0.00001
0.134091 0.00001 0.00001 0.865879 0.00001
0.061308 0.00001 0.00001 0.938662 0.00001
0.137257 0.00001 0.00001 0.862713 0.00001
0.230046 0.00001 0.00001 0.769924 0.00001
0.00001 0.00001 0.00001 0.99996 0.00001
0.240335 0.00001 0.00001 0.759635 0.00001
0.081119 0.00001 0.00001 0.918851 0.00001
0.133045 0.00001 0.00001 0.866925 0.00001
0.178924 0.00001 0.00001 0.821046 0.00001
0.132066 0.00001 0.00001 0.867904 0.00001
0.178609 0.00001 0.00001 0.821361 0.00001
0.21557 0.00001 0.00001 0.7844 0.00001
0.202712 0.00001 0.00001 0.797258 0.00001
